0.91	0.97098
0.92	0.98342
0.93	0.40743
0.94	0.95235
0.95	0.0412
0.96	0.56573
0.97	0.98235
0.98	0.9938
0.99	0.9709
1	0.99983
1.01	0.99378
1.02	1
1.03	0.99934
1.04	1
1.05	0.99997
1.06	1
1.07	0.99989
1.08	0.99272
1.09	0.99849
1.1	0.94822
1.11	0.98081
1.12	0.018
1.13	0.49712
1.14	0.1376
1.15	0.36747
1.16	0.9636
1.17	0.87889
1.18	0.98847
1.19	0.97676
1.2	0.99356
1.21	0.61766
1.22	0.99476
1.23	0.99763
1.24	0.99976
1.25	0.99998
1.26	0.99981
1.27	0.99169
1.28	0.99097
1.29	0.9875
1.3	0.99061
1.31	0.70828
1.32	0.85837
1.33	0.71316
1.34	0.78186
1.35	0.10776
1.36	0.00247
1.37	0
1.38	0.00166
1.39	9.33E-07
1.4	0
1.41	9.33E-04
1.42	6.50E-05
1.43	0.00551
1.44	0.37567
1.45	0.4384
1.46	0.6817
1.47	0.5745
1.48	0.68454
1.49	0.85722
1.5	0.98864
1.51	0.99449
1.52	0.8869
1.53	0.99493
1.54	0.96466
1.55	0.99951
1.56	0.99925
1.57	0.81945
1.58	0.92391
1.59	0.99923
1.6	0.98615
1.61	0.95293
1.62	0.99903
1.63	0.99877
1.64	0.99083
1.65	0.99856
1.66	0.98643
1.67	0.99894
1.68	0.97983
1.69	0.99839
1.7	0.96406
1.71	0.98468
1.72	0.98274
1.73	0.99182
1.74	0.96875
1.75	0.94446
1.76	0.97357
1.77	0.83879
1.78	0.95625
1.79	0.92455
1.8	0.0199
1.81	0.46314
1.82	5.92E-04
1.83	0
1.84	0
1.85	5.65E-07
1.86	0
1.87	0
1.88	0.17362
1.89	0
1.9	0
1.91	0.0312
1.92	0
1.93	0.0481
1.94	2.96E-04
1.95	0.015
1.96	0.14224
1.97	0.84266
1.98	0.13155
1.99	0.77009
2	0.76521
2.01	0.61017
2.02	0.36288
2.03	0.98041
2.04	0.84374
2.05	0.84512
2.06	0.33521
2.07	0.83891
2.08	0.88423
2.09	0.73603
2.1	0.98437
2.11	0.97111
2.12	0.96698
2.13	0.99133
2.14	0.98464
2.15	0.9686
2.16	0.74164
2.17	0.98889
2.18	0.98816
2.19	0.98703
2.2	0.70192
2.21	0.98736
2.22	0.9835
2.23	0.97967
2.24	0.98472
2.25	0.97423
2.26	0.92903
2.27	0.97376
2.28	0.98051
2.29	0.58235
2.3	0.89572
2.31	0.79335
2.32	0.93099
2.33	0.9729
2.34	0.60072
2.35	0.89993
2.36	0.94411
2.37	0.85369
2.38	0.90845
2.39	0.92337
2.4	0.88845
2.41	0.21081
2.42	0.7134
2.43	0.78668
2.44	0.90001
2.45	0.13356
2.46	0.87187
2.47	0.71312
2.48	0.42604
2.49	0.60583
2.5	0.62545
2.51	0.40017
2.52	0.14721
2.53	0
2.54	0.0507
2.55	2.15E-07
2.56	0.00E+00
2.57	0
2.58	0
2.59	0
2.6	0.00E+00
2.61	0
2.62	0
2.63	0
2.64	4.94E-05
2.65	0
2.66	0
2.67	0
2.68	0
2.69	0
2.7	0
2.71	0
2.72	0
2.73	0
2.74	0
2.75	0
2.76	0.00E+00
2.77	0.00E+00
2.78	0
2.79	0
2.8	0
2.81	3.55E-04
2.82	0
2.83	0.0481
2.84	0
2.85	0
2.86	0
2.87	0.00852
2.88	0.41879
2.89	0.0444
2.9	0
2.91	0.0399
2.92	0.58063
2.93	2.15E-04
2.94	0.30412
2.95	0.18074
2.96	0.39082
2.97	0.11751
2.98	0
2.99	0.86513
3	0.70519
3.01	0.55082
3.02	0.23777
3.03	0.10894
3.04	0.33343
3.05	0.0161
3.06	0.77565
3.07	0
3.08	0.43008
3.09	0.0146
3.1	0.18305
3.11	0.21784
3.12	0.81643
3.13	0.58981
3.14	1.20E-09
3.15	0.40208
3.16	0.43584
3.17	0.92101
3.18	0.89063
3.19	0.47135
3.2	0.00659
3.21	0.0106
3.22	0.55911
3.23	0
3.24	0.22646
3.25	0.0258
3.26	7.20E-05
3.27	0.1526
3.28	0
3.29	0.82771
3.3	0.0112
3.31	0.1853
3.32	0.00167
3.33	0.603
3.34	0.31575
3.35	0.84089
3.36	0.827
3.37	0.61097
3.38	0
3.39	0.91638
3.4	0.94625
3.41	0.82287
3.42	0.87745
3.43	0.93708
3.44	0.80564
3.45	0.94168
3.46	0.33678
3.47	0.95287
3.48	0.88426
3.49	0.68639
3.5	0.91948
3.51	0.89969
3.52	0.92677
3.53	0.93302
3.54	0.73611
3.55	0.56755
3.56	0.76736
3.57	0.8269
3.58	0.92912
3.59	0.71488
3.6	0.88659
3.61	0.80617
3.62	0.86281
3.63	0.91657
3.64	0.90311
3.65	0.92066
3.66	0.92797
3.67	0.83153
3.68	0.85888
3.69	0.86473
3.7	0.91148
3.71	0.817
3.72	0.9158
3.73	0.74213
3.74	0.91239
3.75	0.85934
3.76	0.81706
3.77	0.87904
3.78	0.89708
3.79	0.17359
3.8	0.88877
3.81	0.86443
3.82	0.88022
3.83	0.87739
3.84	0.87557
3.85	0.85706
3.86	0.74906
3.87	0.6782
3.88	0.60096
3.89	0.75489
3.9	0.78462
3.91	0.77888
3.92	0.3575
3.93	0.77693
3.94	0.7908
3.95	0.78706
3.96	0.77385
3.97	0.75703
3.98	0.74176
3.99	0.73104
4	0.71071
4.01	0.67736
4.02	0.66046
4.03	0.63635
4.04	0.58234
4.05	0.57883
4.06	0.54796
4.07	0.48422
4.08	0.35221
4.09	0.41015
4.1	0.37527
4.11	0.32221
4.12	0.26674
4.13	0.20456
4.14	0.14919
4.15	0.0947
4.16	0.0491
4.17	0.0179
4.18	0.00312
4.19	0
4.2	0
4.21	0
4.22	0
4.23	0
4.24	0
4.25	0
4.26	0
4.27	0
4.28	0
4.29	0
4.3	0
4.31	0
4.32	0
4.33	0
4.34	0
4.35	0
4.36	0
4.37	0
4.38	2.32E-05
4.39	0
4.4	0
4.41	0
4.42	2.88E-04
4.43	0
4.44	1.23E-05
4.45	0.0466
4.46	0.0848
4.47	0.00455
4.48	0.0278
4.49	0.0448
4.5	0.17824
4.51	0.25447
4.52	2.22E-06
4.53	0.00643
4.54	0.00123
4.55	0.0482
4.56	0.42544
4.57	3.28E-04
4.58	0.33094
4.59	0.70016
4.6	0.57653
4.61	8.39E-05
4.62	0.73922
4.63	0.74254
4.64	0.74672
4.65	0.74963
4.66	0.70138
4.67	0.78063
4.68	0.41778
4.69	0.78906
4.7	0.0143
4.71	0.59207
4.72	0.55675
4.73	0.57221
4.74	0.77932
4.75	0.70305
4.76	0.67828
4.77	0.71942
4.78	0.73679
4.79	0.37446
4.8	0.50006
4.81	0.52609
4.82	0.44551
4.83	0.66744
4.84	0.03
4.85	0.62478
4.86	0.76553
4.87	0.69072
4.88	0.62562
4.89	0.65437
4.9	0.0745
4.91	0.73543
4.92	0.80616
4.93	0.75175
4.94	0.696
4.95	0.46071
4.96	0.0365
4.97	0.71277
4.98	0.0927
4.99	0.76548
5	0.24559
5.01	0.55053
5.02	0
5.03	0
5.04	0.68538
5.05	0.7547
5.06	5.88E-05
5.07	0.68565
5.08	0.0378
5.09	0.33423
5.1	0.0295
5.11	0.19825
5.12	0.54132
5.13	0.00573
5.14	0
5.15	0
5.16	0.1271
5.17	0.36384
5.18	0.50706
5.19	0.102
5.2	0
5.21	0
5.22	0.0186
5.23	0.0781
5.24	0
5.25	0
5.26	0.36055
5.27	1.73E-05
5.28	0.00466
5.29	0
5.3	0.0405
5.31	0.12124
5.32	0.00375
5.33	0.15563
5.34	0.0132
5.35	0
5.36	0
5.37	0.0411
5.38	0
5.39	0.1683
5.4	0.0404
5.41	0
5.42	0
5.43	0
5.44	1.70E-04
5.45	0
5.46	0
5.47	0
5.48	0
5.49	5.95E-05
5.5	0.0352
5.51	0.0332
5.52	0
5.53	0
5.54	0
5.55	0
5.56	0
5.57	0
5.58	0
5.59	0
5.6	1.00E-18
5.61	9.93E-19
5.62	9.86E-19
5.63	9.79E-19
5.64	9.71E-19
5.65	9.64E-19
5.66	9.57E-19
5.67	9.50E-19
5.68	9.43E-19
5.69	9.36E-19
5.7	9.29E-19
5.71	9.21E-19
5.72	9.14E-19
5.73	9.07E-19
5.74	9.00E-19
5.75	8.93E-19
5.76	8.86E-19
5.77	8.79E-19
5.78	8.71E-19
5.79	8.64E-19
5.8	8.57E-19
5.81	8.50E-19
5.82	8.43E-19
5.83	8.36E-19
5.84	8.29E-19
5.85	8.21E-19
5.86	8.14E-19
5.87	8.07E-19
5.88	8.00E-19
5.89	7.93E-19
5.9	7.86E-19
5.91	7.79E-19
5.92	7.71E-19
5.93	7.64E-19
5.94	7.57E-19
5.95	7.50E-19
5.96	7.43E-19
5.97	7.36E-19
5.98	7.29E-19
5.99	7.21E-19
6	7.14E-19
6.01	7.07E-19
6.02	7.00E-19
6.03	6.93E-19
6.04	6.86E-19
6.05	6.79E-19
6.06	6.71E-19
6.07	6.64E-19
6.08	6.57E-19
6.09	6.50E-19
6.1	6.43E-19
6.11	6.36E-19
6.12	6.29E-19
6.13	6.21E-19
6.14	6.14E-19
6.15	6.07E-19
6.16	6.00E-19
6.17	5.93E-19
6.18	5.86E-19
6.19	5.79E-19
6.2	5.71E-19
6.21	5.64E-19
6.22	5.57E-19
6.23	5.50E-19
6.24	5.43E-19
6.25	5.36E-19
6.26	5.29E-19
6.27	5.21E-19
6.28	5.14E-19
6.29	5.07E-19
6.3	5.00E-19
6.31	4.93E-19
6.32	4.86E-19
6.33	4.79E-19
6.34	4.71E-19
6.35	4.64E-19
6.36	4.57E-19
6.37	4.50E-19
6.38	4.43E-19
6.39	4.36E-19
6.4	4.29E-19
6.41	4.21E-19
6.42	4.14E-19
6.43	4.07E-19
6.44	4.00E-19
6.45	3.93E-19
6.46	3.86E-19
6.47	3.79E-19
6.48	3.71E-19
6.49	3.64E-19
6.5	3.57E-19
6.51	3.50E-19
6.52	3.43E-19
6.53	3.36E-19
6.54	3.29E-19
6.55	3.21E-19
6.56	3.14E-19
6.57	3.07E-19
6.58	3.00E-19
6.59	2.93E-19
6.6	2.86E-19
6.61	2.79E-19
6.62	2.71E-19
6.63	2.64E-19
6.64	2.57E-19
6.65	2.50E-19
6.66	2.43E-19
6.67	2.36E-19
6.68	2.29E-19
6.69	2.21E-19
6.7	2.14E-19
6.71	2.07E-19
6.72	2.00E-19
6.73	1.93E-19
6.74	1.86E-19
6.75	1.79E-19
6.76	1.71E-19
6.77	1.64E-19
6.78	1.57E-19
6.79	1.50E-19
6.8	1.43E-19
6.81	1.36E-19
6.82	1.29E-19
6.83	1.21E-19
6.84	1.14E-19
6.85	1.07E-19
6.86	1.00E-19
6.87	9.29E-20
6.88	8.57E-20
6.89	7.86E-20
6.9	7.14E-20
6.91	6.43E-20
6.92	5.71E-20
6.93	5.00E-20
6.94	4.29E-20
6.95	3.57E-20
6.96	2.86E-20
6.97	2.14E-20
6.98	1.43E-20
6.99	7.14E-21
7	4.14E-20
7.01	2.49E-05
7.02	0
7.03	0
7.04	0
7.05	0
7.06	0
7.07	1.77E-04
7.08	7.07E-04
7.09	0.00123
7.1	0.00403
7.11	1.46E-04
7.12	0
7.13	1.47E-04
7.14	1.52E-07
7.15	0
7.16	0.00E+00
7.17	0
7.18	1.26E-06
7.19	9.31E-06
7.2	7.86E-06
7.21	7.11E-21
7.22	0.00247
7.23	0.0175
7.24	0.0502
7.25	0.00101
7.26	0.0012
7.27	3.21E-07
7.28	0
7.29	7.61E-04
7.3	0.00266
7.31	5.43E-04
7.32	0.0156
7.33	2.30E-04
7.34	0
7.35	2.09E-04
7.36	0.00556
7.37	0.0436
7.38	1.85E-04
7.39	0.0853
7.4	0.0628
7.41	5.75E-04
7.42	0.0643
7.43	0.12504
7.44	0.0979
7.45	0.01
7.46	2.48E-07
7.47	4.20E-09
7.48	3.60E-05
7.49	0.11694
7.5	0.11239
7.51	0.32456
7.52	0.0422
7.53	0.0872
7.54	0.20033
7.55	0.22419
7.56	0.13188
7.57	0.0216
7.58	9.04E-08
7.59	7.06E-04
7.6	0.0372
7.61	0.00457
7.62	0.00352
7.63	0.201
7.64	0.11575
7.65	0.1249
7.66	0.00319
7.67	0.0123
7.68	0.0752
7.69	0.16433
7.7	0.28035
7.71	0.0209
7.72	0.11496
7.73	0.23037
7.74	0.36186
7.75	0.1326
7.76	0.0198
7.77	0.075
7.78	0.47224
7.79	0.11427
7.8	0.30873
7.81	0.11967
7.82	0.42362
7.83	0.15823
7.84	0.20953
7.85	0.25443
7.86	0.0116
7.87	0.0271
7.88	0.0301
7.89	0.15755
7.9	0.0371
7.91	0.31146
7.92	0.37869
7.93	0.0783
7.94	0.0911
7.95	0.53958
7.96	0.49023
7.97	0.34601
7.98	0.48728
7.99	0.46803
8	0.56966
8.01	0.57576
8.02	0.67071
8.03	0.41626
8.04	0.1314
8.05	0.6018
8.06	0.63433
8.07	0.48893
8.08	0.65831
8.09	0.52509
8.1	0.89041
8.11	0.82233
8.12	0.89673
8.13	0.67759
8.14	0.81124
8.15	0.73275
8.16	0.13469
8.17	0.6944
8.18	0.68848
8.19	0.58007
8.2	0.71899
8.21	0.5326
8.22	0.8227
8.23	0.68873
8.24	0.79678
8.25	0.0757
8.26	0.64197
8.27	0.83466
8.28	0.8867
8.29	0.70512
8.3	0.89706
8.31	0.89202
8.32	0.89791
8.33	0.89772
8.34	0.7598
8.35	0.58881
8.36	0.83911
8.37	0.89493
8.38	0.8091
8.39	0.86595
8.4	0.82371
8.41	0.86256
8.42	0.54338
8.43	0.63323
8.44	0.86535
8.45	0.86501
8.46	0.87705
8.47	0.74535
8.48	0.8547
8.49	0.87232
8.5	0.78357
8.51	0.45674
8.52	0.33941
8.53	0.84482
8.54	0.88628
8.55	0.88292
8.56	0.91438
8.57	0.87537
8.58	0.3235
8.59	0.83675
8.6	0.88019
8.61	0.87187
8.62	0.88481
8.63	0.8832
8.64	0.86714
8.65	0.88674
8.66	0.85063
8.67	0.84132
8.68	0.67236
8.69	0.85701
8.7	0.40387
8.71	0.88938
8.72	0.87815
8.73	0.89294
8.74	0.90689
8.75	0.90287
8.76	0.86955
8.77	0.89677
8.78	0.88486
8.79	0.5089
8.8	0.67951
8.81	0.70075
8.82	0.86568
8.83	0.8979
8.84	0.88327
8.85	0.89435
8.86	0.91021
8.87	0.90449
8.88	0.88471
8.89	0.8941
8.9	0.89212
8.91	0.86186
8.92	0.35638
8.93	0.91618
8.94	0.90132
8.95	0.89432
8.96	0.92301
8.97	0.91294
8.98	0.91207
8.99	0.8998
9	0.73295
9.01	0.91832
9.02	0.90702
9.03	0.87303
9.04	0.84014
9.05	0.92094
9.06	0.91854
9.07	0.90597
9.08	0.56479
9.09	0.83487
9.1	0.90273
9.11	0.91625
9.12	0.91622
9.13	0.9167
9.14	0.904
9.15	0.91156
9.16	0.87066
9.17	0.90121
9.18	0.90571
9.19	0.8807
9.2	0.88792
9.21	0.85402
9.22	0.87053
9.23	0.87498
9.24	0.86552
9.25	0.78784
9.26	0.84721
9.27	0.85879
9.28	0.87848
9.29	0.8906
9.3	0.88
9.31	0.7627
9.32	0.87057
9.33	0.83821
9.34	0.8418
9.35	0.88554
9.36	0.80532
9.37	0.78609
9.38	0.32609
9.39	0.63728
9.4	0.59254
9.41	0.43976
9.42	0.39844
9.43	0.33516
9.44	0.38212
9.45	0.32047
9.46	0.27709
9.47	0.20946
9.48	0.26129
9.49	0.2674
9.5	0.33414
9.51	0.32709
9.52	0.22774
9.53	0.28806
9.54	0.32212
9.55	0.51603
9.56	0.44749
9.57	0.5972
9.58	0.80874
9.59	0.76823
9.6	0.29414
9.61	0.23578
9.62	0.19888
9.63	0.23205
9.64	0.32022
9.65	0.37347
9.66	0.37771
9.67	0.43396
9.68	0.36511
9.69	0.45387
9.7	0.3948
9.71	0.45159
9.72	0.40192
9.73	0.51075
9.74	0.47832
9.75	0.50706
9.76	0.45427
9.77	0.49901
9.78	0.49178
9.79	0.50838
9.8	0.49365
9.81	0.57375
9.82	0.53968
9.83	0.57216
9.84	0.55013
9.85	0.58284
9.86	0.45296
9.87	0.57834
9.88	0.55036
9.89	0.62057
9.9	0.52793
9.91	0.67982
9.92	0.6832
9.93	0.64358
9.94	0.67443
9.95	0.73703
9.96	0.76055
9.97	0.73354
9.98	0.73145
9.99	0.78637
10	0.78202
10.01	0.81549
10.02	0.7957
10.03	0.77248
10.04	0.88458
10.05	0.87556
10.06	0.88362
10.07	0.83047
10.08	0.8742
10.09	0.90979
10.1	0.87906
10.11	0.89056
10.12	0.91815
10.13	0.91245
10.14	0.90576
10.15	0.92598
10.16	0.88758
10.17	0.90094
10.18	0.91875
10.19	0.92118
10.2	0.93157
10.21	0.93026
10.22	0.89231
10.23	0.83929
10.24	0.93768
10.25	0.90264
10.26	0.87974
10.27	0.86342
10.28	0.94132
10.29	0.86177
10.3	0.9263
10.31	0.94481
10.32	0.90272
10.33	0.93902
10.34	0.92511
10.35	0.89176
10.36	0.94745
10.37	0.94721
10.38	0.93169
10.39	0.9497
10.4	0.94426
10.41	0.94671
10.42	0.90778
10.43	0.9457
10.44	0.91965
10.45	0.94897
10.46	0.91228
10.47	0.82252
10.48	0.92982
10.49	0.83829
10.5	0.94673
10.51	0.9314
10.52	0.94765
10.53	0.91149
10.54	0.93234
10.55	0.85833
10.56	0.93559
10.57	0.89205
10.58	0.93998
10.59	0.89095
10.6	0.94742
10.61	0.90711
10.62	0.94621
10.63	0.91179
10.64	0.94618
10.65	0.93737
10.66	0.94633
10.67	0.94213
10.68	0.946
10.69	0.94702
10.7	0.94277
10.71	0.94757
10.72	0.93074
10.73	0.94675
10.74	0.93226
10.75	0.94661
10.76	0.94483
10.77	0.93995
10.78	0.94719
10.79	0.94288
10.8	0.94216
10.81	0.63716
10.82	0.94169
10.83	0.94382
10.84	0.91098
10.85	0.91967
10.86	0.9407
10.87	0.94522
10.88	0.94496
10.89	0.9132
10.9	0.94524
10.91	0.94378
10.92	0.94528
10.93	0.94359
10.94	0.90158
10.95	0.94466
10.96	0.94397
10.97	0.94354
10.98	0.93746
10.99	0.93656
11	0.63034
11.01	0.9337
11.02	0.94342
11.03	0.92983
11.04	0.94193
11.05	0.94412
11.06	0.94426
11.07	0.94472
11.08	0.94103
11.09	0.94453
11.1	0.94407
11.11	0.9441
11.12	0.944
11.13	0.94261
11.14	0.9106
11.15	0.94168
11.16	0.93937
11.17	0.94262
11.18	0.94316
11.19	0.94302
11.2	0.94278
11.21	0.94228
11.22	0.85726
11.23	0.93019
11.24	0.93776
11.25	0.90191
11.26	0.93171
11.27	0.50939
11.28	0.92846
11.29	0.9376
11.3	0.93836
11.31	0.89717
11.32	0.92223
11.33	0.9382
11.34	0.93828
11.35	0.77581
11.36	0.93796
11.37	0.9373
11.38	0.80199
11.39	0.92868
11.4	0.93854
11.41	0.93898
11.42	0.93752
11.43	0.93914
11.44	0.93863
11.45	0.93837
11.46	0.93683
11.47	0.92665
11.48	0.6938
11.49	0.93407
11.5	0.93689
11.51	0.93735
11.52	0.93728
11.53	0.93698
11.54	0.93325
11.55	0.91156
11.56	0.82455
11.57	0.93315
11.58	0.93573
11.59	0.93587
11.6	0.9359
11.61	0.93584
11.62	0.93557
11.63	0.9279
11.64	0.93381
11.65	0.91695
11.66	0.93396
11.67	0.93336
11.68	0.93151
11.69	0.92553
11.7	0.57108
11.71	0.91161
11.72	0.83712
11.73	0.30698
11.74	0.89761
11.75	0.91854
11.76	0.92062
11.77	0.44241
11.78	0.91993
11.79	0.92891
11.8	0.93014
11.81	0.9285
11.82	0.93003
11.83	0.93044
11.84	0.93011
11.85	0.93001
11.86	0.92902
11.87	0.92478
11.88	0.81197
11.89	0.9194
11.9	0.83106
11.91	0.81493
11.92	0.92544
11.93	0.92122
11.94	0.92734
11.95	0.92709
11.96	0.92575
11.97	0.88624
11.98	0.92663
11.99	0.92677
12	0.92653
12.01	0.92555
12.02	0.9257
12.03	0.92408
12.04	0.92339
12.05	0.92323
12.06	0.9218
12.07	0.91145
12.08	0.53575
12.09	0.81962
12.1	0.91418
12.11	0.91346
12.12	0.59351
12.13	0.91734
12.14	0.9202
12.15	0.92015
12.16	0.91959
12.17	0.91475
12.18	0.91987
12.19	0.90886
12.2	0.91982
12.21	0.9175
12.22	0.91737
12.23	0.91738
12.24	0.90694
12.25	0.9108
12.26	0.88205
12.27	0.895
12.28	0.7055
12.29	0.71771
12.3	0.90753
12.31	0.89004
12.32	0.91345
12.33	0.87798
12.34	0.91015
12.35	0.90431
12.36	0.89295
12.37	0.47941
12.38	0.80839
12.39	0.90133
12.4	0.88005
12.41	0.88026
12.42	0.90271
12.43	0.87806
12.44	0.79234
12.45	0.65496
12.46	0.87803
12.47	0.89362
12.48	0.89048
12.49	0.89182
12.5	0.81541
12.51	0.81101
12.52	0.12147
12.53	0.69963
12.54	0.57588
12.55	0.79624
12.56	0.49129
12.57	0.5895
12.58	0.85257
12.59	0.82293
12.6	0.7252
12.61	0.85311
12.62	0.76881
12.63	0.44449
12.64	0.86216
12.65	0.88349
12.66	0.87248
12.67	0.88848
12.68	0.88951
12.69	0.88855
12.7	0.88211
12.71	0.85104
12.72	0.87859
12.73	0.85282
12.74	0.70375
12.75	0.1976
12.76	0.7761
12.77	0.86091
12.78	0.87614
12.79	0.85607
12.8	0.86707
12.81	0.85139
12.82	0.86279
12.83	0.5104
12.84	0.80482
12.85	0.85647
12.86	0.82488
12.87	0.14465
12.88	0.7985
12.89	0.6153
12.9	0.77809
12.91	0.85748
12.92	0.83036
12.93	0.85703
12.94	0.84311
12.95	0.86193
12.96	0.82438
12.97	0.78215
12.98	0.8008
12.99	0.76606
13	0.71259
13.01	0.72879
13.02	0.78391
13.03	0.78281
13.04	0.84739
13.05	0.71809
13.06	0.85726
13.07	0.8177
13.08	0.79635
13.09	0.81291
13.1	0.56633
13.11	0.84976
13.12	0.83108
13.13	0.70034
13.14	0.82915
13.15	0.48012
13.16	0.81431
13.17	0.78463
13.18	0.47944
13.19	0.81972
13.2	0.55297
13.21	0.67183
13.22	0.77577
13.23	0.21693
13.24	0.73203
13.25	0.13765
13.26	0.29208
13.27	0.68794
13.28	0.44504
13.29	0.55119
13.3	0.70652
13.31	0.14121
13.32	0.67599
13.33	0.49438
13.34	0.39102
13.35	0.69439
13.36	0.11424
13.37	0.44606
13.38	0.65929
13.39	0.0587
13.4	0.60857
13.41	0.46941
13.42	0.18148
13.43	0.36799
13.44	0.14512
13.45	0.38218
13.46	0.49093
13.47	0.0154
13.48	0.17055
13.49	0.0234
13.5	4.75E-04
13.51	0.247
13.52	0.25055
13.53	0.101
13.54	0.36221
13.55	0.14386
13.56	0.22022
13.57	0.28175
13.58	0.0364
13.59	0.30151
13.6	0.2755
13.61	0.00603
13.62	0.36194
13.63	0.27379
13.64	0.00531
13.65	0.38933
13.66	0.217
13.67	0.0151
13.68	0.0386
13.69	0.0946
13.7	0.0369
13.71	0.0486
13.72	0.0876
13.73	0.0811
13.74	0.35303
13.75	0.11268
13.76	0.13671
13.77	0.35937
13.78	0.13229
13.79	0.18267
13.8	0.33397
13.81	0.13445
13.82	0.18927
13.83	0.20551
13.84	0.12039
13.85	0.12043
13.86	7.55E-03
13.87	1.56E-06
13.88	0
13.89	0.00E+00
13.9	1.74E-09
13.91	3.26E-04
13.92	0.00146
13.93	0.0773
13.94	0.16218
13.95	0.004
13.96	0.0512
13.97	0.2325
13.98	0.00224
13.99	0.0117
14	0.19261
14.01	8.64E-04
14.02	0.00697
14.03	0.12665
14.04	0.00519
14.05	0.0423
14.06	0.025
14.07	0.0118
14.08	0.0256
14.09	0.00515
14.1	0.0117
14.11	6.56E-03
14.12	8.92E-05
14.13	0.00791
14.14	6.94E-04
14.15	2.09E-04
14.16	0.00699
14.17	5.06E-05
14.18	4.84E-09
14.19	2.93E-04
14.2	9.74E-05
14.21	1.22E-04
14.22	1.85E-07
14.23	1.55E-04
14.24	4.61E-05
14.25	0
14.26	4.51E-05
14.27	9.65E-05
14.28	0.00E+00
14.29	0
14.3	2.25E-05
14.31	2.82E-09
14.32	0
14.33	0.00E+00
14.34	0
14.35	0
14.36	0.00E+00
14.37	0
14.38	0
14.39	0
14.4	0
14.41	0
14.42	0
14.43	0
14.44	0
14.45	0
14.46	0
14.47	0
14.48	0
14.49	0
14.5	0
14.51	0
14.52	0
14.53	0
14.54	0
14.55	0
14.56	0
14.57	0
14.58	0
14.59	0
14.6	0
14.61	0
14.62	0
14.63	0
14.64	0
14.65	0
14.66	0
14.67	0
14.68	0
14.69	0
14.7	0
14.71	0
14.72	0
14.73	0
14.74	0
14.75	0
14.76	0
14.77	0
14.78	0
14.79	0
14.8	0
14.81	0
14.82	0
14.83	0
14.84	0
14.85	0
14.86	0
14.87	0
14.88	0
14.89	0
14.9	0
14.91	0
14.92	0
14.93	0
14.94	0
14.95	0
14.96	0
14.97	0
14.98	0
14.99	0
15	0
15.01	0
15.02	0
15.03	0
15.04	0
15.05	0
15.06	0
15.07	0
15.08	0
15.09	0
15.1	0
15.11	0
15.12	0
15.13	0
15.14	0
15.15	0
15.16	0
15.17	0
15.18	0
15.19	0
15.2	0
15.21	0
15.22	0
15.23	0
15.24	0
15.25	0
15.26	0
15.27	0
15.28	0
15.29	0
15.3	0
15.31	0
15.32	0
15.33	0
15.34	0
15.35	0
15.36	0
15.37	0
15.38	0
15.39	0
15.4	0
15.41	0
15.42	0
15.43	0
15.44	0
15.45	0
15.46	0
15.47	0
15.48	0
15.49	0
15.5	0
15.51	0
15.52	0
15.53	0
15.54	0
15.55	0
15.56	0
15.57	0
15.58	0
15.59	0
15.6	0
15.61	0
15.62	0
15.63	0
15.64	0
15.65	0
15.66	0
15.67	0
15.68	0
15.69	0
15.7	0.00E+00
15.71	0.00E+00
15.72	0
15.73	0
15.74	0
15.75	1.21E-05
15.76	1.58E-06
15.77	3.75E-06
15.78	3.75E-10
15.79	3.16E-05
15.8	5.29E-08
15.81	5.67E-08
15.82	1.68E-07
15.83	0.00111
15.84	3.66E-04
15.85	8.44E-07
15.86	1.29E-05
15.87	0.00116
15.88	0.00149
15.89	3.08E-04
15.9	5.73E-05
15.91	0.00122
15.92	0.00278
15.93	1.64E-02
15.94	1.22E-04
15.95	5.88E-04
15.96	9.06E-04
15.97	0.0153
15.98	7.11E-06
15.99	0
16	1.35E-04
16.01	0.0265
16.02	2.89E-04
16.03	0.0033
16.04	0.0872
16.05	0.15922
16.06	0.00106
16.07	0.00966
16.08	0.21173
16.09	0.20436
16.1	0.00152
16.11	3.47E-04
16.12	0.0506
16.13	0.16645
16.14	0.00802
16.15	0.0126
16.16	0.0315
16.17	6.25E-04
16.18	0
16.19	0
16.2	0
16.21	0
16.22	0
16.23	0
16.24	4.41E-07
16.25	0.0195
16.26	0.0419
16.27	0.0769
16.28	0.0152
16.29	0.0915
16.3	0.0893
16.31	0.0132
16.32	0.00144
16.33	0.0272
16.34	0.14778
16.35	0.27944
16.36	0.10914
16.37	0.00965
16.38	0.17617
16.39	0.19381
16.4	1.28E-01
16.41	7.66E-04
16.42	0.14504
16.43	0.15839
16.44	0.2006
16.45	6.91E-04
16.46	0.101
16.47	0.22117
16.48	0.27059
16.49	0.0188
16.5	0.0569
16.51	0.15177
16.52	0.35209
16.53	0.0903
16.54	2.33E-07
16.55	0.033
16.56	0.25701
16.57	2.27E-01
16.58	5.84E-04
16.59	0.19144
16.6	0.4088
16.61	0.31287
16.62	0.0251
16.63	0.0879
16.64	0.26388
16.65	0.12422
16.66	5.03E-04
16.67	0.00107
16.68	0.11158
16.69	0.32587
16.7	0.24398
16.71	0.00474
16.72	0.14085
16.73	0.29952
16.74	0.0183
16.75	0.0048
16.76	0.0209
16.77	0.11765
16.78	0.2505
16.79	0.12245
16.8	2.82E-04
16.81	8.11E-06
16.82	0.0614
16.83	0.14549
16.84	0.0758
16.85	0.0596
16.86	0.14624
16.87	0.0486
16.88	8.19E-04
16.89	0
16.9	0
16.91	1.32E-05
16.92	0.0117
16.93	0.0525
16.94	0.0556
16.95	0.22334
16.96	0.13641
16.97	0.0368
16.98	3.44E-04
16.99	0.34064
17	0.51691
17.01	0.4439
17.02	0.46989
17.03	0.15075
17.04	0.44815
17.05	0.50014
17.06	0.38044
17.07	0.23969
17.08	0.32766
17.09	0.19761
17.1	4.56E-04
17.11	0.0335
17.12	0.0556
17.13	0.4059
17.14	0.52646
17.15	0.4803
17.16	0.33258
17.17	0.14075
17.18	0.27617
17.19	0.15981
17.2	0.00863
17.21	3.28E-10
17.22	0
17.23	1.04E-04
17.24	0.0767
17.25	0.18676
17.26	0.14723
17.27	0.42858
17.28	0.38615
17.29	0.42923
17.3	0.33604
17.31	0.22896
17.32	0.32297
17.33	0.14299
17.34	0.0289
17.35	1.46E-05
17.36	0
17.37	0.00199
17.38	0.0531
17.39	0.25528
17.4	0.15842
17.41	0.40543
17.42	0.51266
17.43	0.42616
17.44	0.55386
17.45	0.36775
17.46	0.5257
17.47	0.52433
17.48	0.37828
17.49	0.31755
17.5	0.0128
17.51	0.0332
17.52	0.23046
17.53	0.17298
17.54	0.0864
17.55	0.00576
17.56	7.76E-08
17.57	0
17.58	3.99E-04
17.59	0.0266
17.6	0.0555
17.61	0.017
17.62	6.67E-05
17.63	0
17.64	8.37E-05
17.65	0.034
17.66	0.14324
17.67	0.29933
17.68	0.39081
17.69	0.43178
17.7	0.4695
17.71	0.42914
17.72	0.30127
17.73	0.33994
17.74	0.10701
17.75	1.44E-04
17.76	0.00116
17.77	0.14157
17.78	0.40336
17.79	0.49022
17.8	0.59839
17.81	0.63032
17.82	0.63745
17.83	0.64329
17.84	0.52946
17.85	0.65845
17.86	0.32097
17.87	0.63923
17.88	0.64548
17.89	0.61478
17.9	0.56024
17.91	0.68137
17.92	0.61565
17.93	0.55246
17.94	0.39471
17.95	0.0244
17.96	0.54148
17.97	0.59706
17.98	0.53511
17.99	0.50502
18	0.40384
18.01	0.20416
18.02	8.66E-03
18.03	4.49E-09
18.04	0.0123
18.05	0.2131
18.06	0.41149
18.07	0.51426
18.08	0.5452
18.09	0.56149
18.1	0.39216
18.11	0.25254
18.12	0.55706
18.13	0.55539
18.14	0.50416
18.15	0.41539
18.16	0.0709
18.17	0.0299
18.18	1.38E-07
18.19	0.00581
18.2	0.17004
18.21	0.31479
18.22	0.3088
18.23	0.27194
18.24	0.0929
18.25	7.97E-05
18.26	6.91E-04
18.27	0.06
18.28	0.0535
18.29	0.00349
18.3	9.62E-09
18.31	5.19E-10
18.32	2.17E-04
18.33	1.44E-06
18.34	0
18.35	3.91E-04
18.36	0.0389
18.37	0.12012
18.38	0.27189
18.39	0.33975
18.4	0.44351
18.41	0.40377
18.42	0.51937
18.43	0.47081
18.44	0.47334
18.45	0.46707
18.46	0.35241
18.47	0.0844
18.48	5.77E-06
18.49	0.0295
18.5	0.20118
18.51	0.46656
18.52	0.53432
18.53	0.32963
18.54	0.54854
18.55	0.59802
18.56	0.59949
18.57	0.58555
18.58	0.50306
18.59	0.35626
18.6	0.46007
18.61	0.36057
18.62	0.16215
18.63	0.0372
18.64	4.69E-05
18.65	0
18.66	0.00217
18.67	0.0486
18.68	0.26238
18.69	0.37818
18.7	0.35778
18.71	0.42845
18.72	0.14319
18.73	0.22738
18.74	0.5725
18.75	0.52399
18.76	0.51206
18.77	0.57274
18.78	0.20222
18.79	0.60385
18.8	0.59347
18.81	0.5694
18.82	0.61187
18.83	0.60773
18.84	0.59881
18.85	0.57904
18.86	0.56999
18.87	0.55017
18.88	0.45751
18.89	0.35733
18.9	0.44481
18.91	0.12789
18.92	0.3346
18.93	0.33306
18.94	0.27425
18.95	0.19515
18.96	0.0707
18.97	0.0448
18.98	0.00765
18.99	9.97E-05
19	0
19.01	0
19.02	0
19.03	4.83E-08
19.04	0.00108
19.05	0.00822
19.06	0.0677
19.07	0.12594
19.08	0.0628
19.09	0.20218
19.1	0.28586
19.11	0.21307
19.12	0.32992
19.13	0.28649
19.14	0.35168
19.15	0.34264
19.16	0.32042
19.17	0.28609
19.18	0.23534
19.19	0.17226
19.2	0.10629
19.21	0.0386
19.22	0.0031
19.23	6.38E-08
19.24	0.00E+00
19.25	0
19.26	2.09E-07
19.27	9.15E-04
19.28	0.00388
19.29	4.62E-04
19.3	2.70E-06
19.31	0
19.32	0
19.33	0
19.34	0
19.35	0
19.36	0
19.37	3.78E-05
19.38	0.00197
19.39	0.0304
19.4	0.0799
19.41	0.0565
19.42	0.00867
19.43	0.042
19.44	0.0973
19.45	0.19083
19.46	0.22186
19.47	0.37915
19.48	0.39972
19.49	0.41032
19.5	0.36299
19.51	0.38695
19.52	0.30669
19.53	0.016
19.54	0.0479
19.55	0.213
19.56	0.12647
19.57	0.11431
19.58	0.00124
19.59	1.45E-06
19.6	0.0461
19.61	0.18486
19.62	0.23514
19.63	0.23322
19.64	0.20535
19.65	0.1625
19.66	0.11178
19.67	0.0604
19.68	0.0191
19.69	3.99E-04
19.7	3.31E-05
19.71	0.00E+00
19.72	0
19.73	0
19.74	0
19.75	2.08E-07
19.76	8.27E-04
19.77	0.00984
19.78	0.0306
19.79	0.0604
19.8	0.0783
19.81	0.0625
19.82	0.00391
19.83	4.70E-04
19.84	0.0323
19.85	0.0418
19.86	0.0229
19.87	0.00728
19.88	4.08E-04
19.89	2.86E-09
19.9	0
19.91	0
19.92	0
19.93	0
19.94	1.37E-05
19.95	0.00545
19.96	0.0225
19.97	0.00202
19.98	0.0865
19.99	0.18137
20	0.19274
20.01	0.0582
20.02	0.24929
20.03	0.34981
20.04	0.36665
20.05	0.39256
20.06	0.41503
20.07	0.44257
20.08	0.44645
20.09	0.47684
20.1	0.48709
20.11	0.49151
20.12	0.49769
20.13	0.49962
20.14	0.49749
20.15	0.47624
20.16	0.49307
20.17	0.48705
20.18	0.47714
20.19	0.45228
20.2	0.44215
20.21	0.40988
20.22	0.34506
20.23	0.13247
20.24	0.00886
20.25	0.20678
20.26	0.2142
20.27	0.15677
20.28	0.0804
20.29	0.0209
20.3	9.15E-04
20.31	3.41E-09
20.32	0
20.33	0
20.34	0
20.35	0.00106
20.36	0.0308
20.37	0.0986
20.38	0.1722
20.39	0.23357
20.4	0.26002
20.41	0.29604
20.42	0.1763
20.43	0.11168
20.44	0.33013
20.45	0.36453
20.46	0.29255
20.47	0.35149
20.48	0.35633
20.49	0.34316
20.5	0.19823
20.51	0.30816
20.52	0.27858
20.53	0.211
20.54	0.17844
20.55	0.1
20.56	0.0104
20.57	3.05E-08
20.58	0.00173
20.59	0.0186
20.6	0.019
20.61	0.00671
20.62	8.09E-04
20.63	2.11E-06
20.64	0
20.65	0
20.66	0
20.67	0
20.68	0
20.69	1.77E-09
20.7	2.49E-04
20.71	0.0039
20.72	0.0178
20.73	0.043
20.74	0.0608
20.75	0.0926
20.76	0.13151
20.77	0.12736
20.78	0.0228
20.79	2.51E-04
20.8	0.0431
20.81	0.13651
20.82	0.0279
20.83	0.24789
20.84	0.29247
20.85	0.31494
20.86	0.32266
20.87	0.32114
20.88	0.27604
20.89	0.25832
20.9	0.31639
20.91	0.31028
20.92	0.29915
20.93	0.2839
20.94	0.26345
20.95	0.23468
20.96	0.19083
20.97	0.11564
20.98	0.0137
20.99	9.51E-08
21	0.0127
21.01	0.0749
21.02	0.093
21.03	0.0847
21.04	0.0669
21.05	0.0467
21.06	0.0286
21.07	0.0142
21.08	0.00519
21.09	0.00112
21.1	7.77E-05
21.11	0
21.12	0
21.13	0.00E+00
21.14	0
21.15	0
21.16	0
21.17	0
21.18	0
21.19	0
21.2	0
21.21	0
21.22	8.02E-08
21.23	4.15E-04
21.24	0.00141
21.25	5.56E-05
21.26	2.02E-04
21.27	0.0118
21.28	0.031
21.29	0.00369
21.3	0.0464
21.31	0.0348
21.32	0.00453
21.33	1.20E-06
21.34	8.49E-05
21.35	0.00366
21.36	8.35E-05
21.37	0
21.38	7.18E-06
21.39	0.00821
21.4	0.0445
21.41	0.00519
21.42	8.62E-04
21.43	0.0236
21.44	0.11711
21.45	0.14814
21.46	0.0126
21.47	0.0951
21.48	0.18598
21.49	0.23531
21.5	0.24482
21.51	0.24568
21.52	0.22594
21.53	0.20006
21.54	0.22111
21.55	0.20522
21.56	0.14999
21.57	0.0037
21.58	0.0421
21.59	0.12997
21.6	0.1431
21.61	0.1266
21.62	0.103
21.63	0.0722
21.64	0.0381
21.65	0.00796
21.66	3.02E-05
21.67	0
21.68	1.21E-06
21.69	0.00195
21.7	0.00697
21.71	0.00133
21.72	0.00776
21.73	0.0051
21.74	0.0024
21.75	6.18E-04
21.76	1.82E-04
21.77	1.12E-06
21.78	0
21.79	0
21.8	0
21.81	0.00E+00
21.82	0
21.83	0
21.84	0
21.85	0
21.86	0
21.87	0
21.88	0
21.89	0
21.9	0
21.91	0
21.92	0
21.93	6.35E-10
21.94	8.47E-05
21.95	8.81E-05
21.96	7.32E-04
21.97	0.00235
21.98	2.14E-04
21.99	0.00761
22	0.0112
22.01	0.0117
22.02	0.00891
22.03	0.00102
22.04	0.00144
22.05	1.02E-04
22.06	0
22.07	0
22.08	0
22.09	0
22.1	0
22.11	5.33E-05
22.12	0.00101
22.13	2.28E-04
22.14	1.30E-06
22.15	0.00906
22.16	0.0447
22.17	0.076
22.18	0.0968
22.19	0.096
22.2	0.0187
22.21	0.024
22.22	0.11743
22.23	0.063
22.24	0.0497
22.25	0.11736
22.26	0.1719
22.27	0.17852
22.28	0.14427
22.29	0.16503
22.3	0.15001
22.31	0.12475
22.32	0.0907
22.33	0.0566
22.34	0.0123
22.35	9.94E-08
22.36	0
22.37	0
22.38	0
22.39	0
22.4	0
22.41	1.14E-07
22.42	0.00307
22.43	0.021
22.44	0.0383
22.45	0.0468
22.46	0.0445
22.47	0.0352
22.48	0.021
22.49	0.0109
22.5	0.00299
22.51	1.96E-04
22.52	0
22.53	0
22.54	0
22.55	0
22.56	0
22.57	0
22.58	0
22.59	0
22.6	0
22.61	0
22.62	0
22.63	0
22.64	0
22.65	0
22.66	0
22.67	0
22.68	1.16E-05
22.69	4.81E-04
22.7	0.00258
22.71	0.00774
22.72	0.0164
22.73	0.028
22.74	0.0392
22.75	0.0545
22.76	0.0566
22.77	0.0257
22.78	0.0879
22.79	0.0996
22.8	0.103
22.81	0.0872
22.82	0.0482
22.83	0.0589
22.84	0.0484
22.85	0.0656
22.86	0.046
22.87	0.0213
22.88	0.00479
22.89	1.42E-04
22.9	0
22.91	0
22.92	0
22.93	1.38E-08
22.94	5.28E-04
22.95	0.00615
22.96	0.0141
22.97	0.0102
22.98	0.00148
22.99	4.82E-09
23	0
23.01	4.77E-05
23.02	0.00931
23.03	0.0405
23.04	0.0688
23.05	0.0505
23.06	0.0981
23.07	0.101
23.08	0.0968
23.09	0.0878
23.1	0.0743
23.11	0.0576
23.12	0.0367
23.13	0.0209
23.14	0.00843
23.15	0.00161
23.16	4.95E-05
23.17	0
23.18	0
23.19	0
23.2	0
23.21	0
23.22	4.14E-10
23.23	1.80E-04
23.24	0.0016
23.25	0.00758
23.26	0.0186
23.27	0.0279
23.28	0.0429
23.29	0.0504
23.3	0.0471
23.31	0.0141
23.32	1.04E-04
23.33	0.0326
23.34	0.0575
23.35	0.0618
23.36	0.0596
23.37	0.0535
23.38	0.0458
23.39	0.0359
23.4	0.0247
23.41	0.0126
23.42	6.33E-04
23.43	6.61E-04
23.44	1.38E-06
23.45	0
23.46	0
23.47	0
23.48	0
23.49	0
23.5	0
23.51	0
23.52	0
23.53	0
23.54	2.43E-09
23.55	8.84E-05
23.56	2.20E-04
23.57	2.07E-04
23.58	9.14E-05
23.59	3.42E-08
23.6	0
23.61	0
23.62	0
23.63	0
23.64	0
23.65	0
23.66	0
23.67	0
23.68	0
23.69	0
23.7	0
23.71	0
23.72	0
23.73	0
23.74	0
23.75	0
23.76	0
23.77	0
23.78	0
23.79	0
23.8	0
23.81	0
23.82	0
23.83	0
23.84	0
23.85	0
23.86	0
23.87	0
23.88	0
23.89	0
23.9	0
23.91	0
23.92	0
23.93	0
23.94	0
23.95	0
23.96	0
23.97	0
23.98	0
23.99	0
24	0
24.01	0
24.02	0
24.03	0
24.04	1.98E-05
24.05	1.22E-04
24.06	2.54E-04
24.07	4.63E-04
24.08	4.54E-04
24.09	1.26E-05
24.1	0
24.11	3.81E-05
24.12	7.51E-04
24.13	0.00498
24.14	0.00938
24.15	0.0131
24.16	0.0164
24.17	0.0123
24.18	0.0231
24.19	0.029
24.2	0.0336
24.21	0.0381
24.22	0.0426
24.23	0.0471
24.24	0.0512
24.25	0.0503
24.26	0.0574
24.27	0.0634
24.28	0.0639
24.29	0.0722
24.3	0.0761
24.31	0.0796
24.32	0.0824
24.33	0.0858
24.34	0.0888
24.35	0.0914
24.36	0.0937
24.37	0.0956
24.38	0.0971
24.39	0.098
24.4	0.0967
24.41	0.0838
24.42	0.0218
24.43	0.0892
24.44	0.1
24.45	0.103
24.46	0.104
24.47	0.104
24.48	0.103
24.49	0.102
24.5	0.101
24.51	0.0999
24.52	0.0971
24.53	0.0741
24.54	0.0752
24.55	0.0868
24.56	0.086
24.57	0.0854
24.58	0.0818
24.59	0.0773
24.6	0.0717
24.61	0.0642
24.62	0.0542
24.63	0.0396
24.64	0.0181
24.65	8.88E-04
24.66	0
24.67	1.40E-04
24.68	0.00918
24.69	0.0247
24.7	0.0323
24.71	0.0339
24.72	0.034
24.73	0.0323
24.74	0.0292
24.75	0.0228
24.76	0.0237
24.77	0.0204
24.78	0.0178
24.79	0.0148
24.8	0.0121
24.81	0.00955
24.82	0.00729
24.83	0.00534
24.84	0.00372
24.85	0.00243
24.86	0.00146
24.87	7.90E-04
24.88	3.69E-04
24.89	1.40E-04
24.9	1.21E-05
24.91	0
24.92	0
24.93	0
24.94	0
24.95	0.00E+00
24.96	0
24.97	0
24.98	0
24.99	0.00E+00
25	0
25.01	0
25.02	0
25.03	0.00E+00
25.04	0
25.05	0
25.06	0
25.07	0
25.08	0
25.09	0
25.1	0
25.11	0
25.12	0
25.13	0
25.14	0
25.15	0
25.16	0
25.17	0
25.18	0
25.19	0
25.2	0
25.21	0
25.22	0
25.23	0
25.24	0
25.25	0
25.26	0
25.27	0
25.28	0
25.29	0
25.3	0
25.31	0
25.32	0
25.33	0.00E+00
25.34	0
25.35	0
25.36	0
25.37	0
25.38	0.00E+00
25.39	0
25.4	0
25.41	0
25.42	0
25.43	0
25.44	0
25.45	0
25.46	0
25.47	5.81E-05
25.48	1.58E-04
25.49	3.29E-04
25.5	5.71E-04
25.51	6.86E-04
25.52	2.08E-04
25.53	0.00174
25.54	0.00251
25.55	0.00317
25.56	0.00417
25.57	0.00484
25.58	0.00548
25.59	0.0063
25.6	0.00684
25.61	0.0069
25.62	0.00722
25.63	0.00602
25.64	0.00413
25.65	5.01E-05
25.66	0.00103
25.67	0.00551
25.68	0.00671
25.69	0.0067
25.7	0.00639
25.71	0.00575
25.72	0.00455
25.73	0.00307
25.74	0.00363
25.75	0.00296
25.76	0.00228
25.77	0.00166
25.78	0.0011
25.79	6.81E-04
25.8	4.16E-04
25.81	2.13E-04
25.82	9.30E-05
25.83	2.01E-06
25.84	0
25.85	0
25.86	0
25.87	0
25.88	0
25.89	0
25.9	0
25.91	0
25.92	0
25.93	0
25.94	0
25.95	0
25.96	0
25.97	0
25.98	0
25.99	0
26	1.00E-18
