   2.4797000e-01   7.3226000e-01   2.3139000e+00
   2.5494000e-01   7.6518000e-01   2.3811000e+00
   2.6212000e-01   7.9993000e-01   2.4494000e+00
   2.6949000e-01   8.3662000e-01   2.5186000e+00
   2.7707000e-01   8.7537000e-01   2.5888000e+00
   2.8487000e-01   9.1629000e-01   2.6600000e+00
   2.9288000e-01   9.5952000e-01   2.7320000e+00
   3.0112000e-01   1.0052000e+00   2.8049000e+00
   3.0960000e-01   1.0534000e+00   2.8786000e+00
   3.1831000e-01   1.1044000e+00   2.9529000e+00
   3.2726000e-01   1.1583000e+00   3.0279000e+00
   3.3647000e-01   1.2152000e+00   3.1032000e+00
   3.4594000e-01   1.2752000e+00   3.1788000e+00
   3.5567000e-01   1.3387000e+00   3.2545000e+00
   3.6568000e-01   1.4055000e+00   3.3301000e+00
   3.7596000e-01   1.4760000e+00   3.4052000e+00
   3.8654000e-01   1.5502000e+00   3.4797000e+00
   3.9742000e-01   1.6283000e+00   3.5531000e+00
   4.0860000e-01   1.7101000e+00   3.6251000e+00
   4.2009000e-01   1.7958000e+00   3.6954000e+00
   4.3191000e-01   1.8853000e+00   3.7635000e+00
   4.4406000e-01   1.9786000e+00   3.8289000e+00
   4.5656000e-01   2.0753000e+00   3.8913000e+00
   4.6940000e-01   2.1754000e+00   3.9501000e+00
   4.8261000e-01   2.2784000e+00   4.0048000e+00
   4.9619000e-01   2.3839000e+00   4.0552000e+00
   5.1015000e-01   2.4916000e+00   4.1009000e+00
   5.2450000e-01   2.6008000e+00   4.1414000e+00
   5.3926000e-01   2.7109000e+00   4.1766000e+00
   5.5443000e-01   2.8213000e+00   4.2063000e+00
   5.7003000e-01   2.9314000e+00   4.2305000e+00
   5.8606000e-01   3.0404000e+00   4.2492000e+00
   6.0255000e-01   3.1476000e+00   4.2625000e+00
   6.1950000e-01   3.2524000e+00   4.2706000e+00
   6.3693000e-01   3.3541000e+00   4.2739000e+00
   6.5485000e-01   3.4522000e+00   4.2727000e+00
   6.7328000e-01   3.5462000e+00   4.2674000e+00
   6.9222000e-01   3.6356000e+00   4.2586000e+00
   7.1170000e-01   3.7199000e+00   4.2468000e+00
   7.3172000e-01   3.7989000e+00   4.2326000e+00
   7.5231000e-01   3.8724000e+00   4.2165000e+00
   7.7347000e-01   3.9401000e+00   4.1991000e+00
   7.9523000e-01   4.0020000e+00   4.1810000e+00
   8.1761000e-01   4.0579000e+00   4.1628000e+00
   8.4061000e-01   4.1079000e+00   4.1450000e+00
   8.6426000e-01   4.1520000e+00   4.1281000e+00
   8.8857000e-01   4.1902000e+00   4.1127000e+00
   9.1357000e-01   4.2228000e+00   4.0992000e+00
   9.3928000e-01   4.2497000e+00   4.0880000e+00
   9.6570000e-01   4.2712000e+00   4.0797000e+00
   9.9287000e-01   4.2874000e+00   4.0745000e+00
   1.0208000e+00   4.2985000e+00   4.0728000e+00
   1.0495000e+00   4.3047000e+00   4.0750000e+00
   1.0791000e+00   4.3061000e+00   4.0815000e+00
   1.1094000e+00   4.3029000e+00   4.0925000e+00
   1.1406000e+00   4.2954000e+00   4.1083000e+00
   1.1727000e+00   4.2838000e+00   4.1293000e+00
   1.2057000e+00   4.2682000e+00   4.1557000e+00
   1.2396000e+00   4.2488000e+00   4.1878000e+00
   1.2745000e+00   4.2259000e+00   4.2259000e+00
   1.3104000e+00   4.1997000e+00   4.2702000e+00
   1.3472000e+00   4.1705000e+00   4.3210000e+00
   1.3851000e+00   4.1384000e+00   4.3785000e+00
   1.4241000e+00   4.1037000e+00   4.4430000e+00
   1.4642000e+00   4.0667000e+00   4.5147000e+00
   1.5054000e+00   4.0277000e+00   4.5939000e+00
   1.5477000e+00   3.9869000e+00   4.6807000e+00
   1.5913000e+00   3.9447000e+00   4.7754000e+00
   1.6360000e+00   3.9014000e+00   4.8781000e+00
   1.6821000e+00   3.8573000e+00   4.9890000e+00
   1.7294000e+00   3.8128000e+00   5.1081000e+00
   1.7780000e+00   3.7682000e+00   5.2357000e+00
   1.8281000e+00   3.7237000e+00   5.3717000e+00
   1.8795000e+00   3.6799000e+00   5.5161000e+00
   1.9324000e+00   3.6369000e+00   5.6691000e+00
   1.9867000e+00   3.5950000e+00   5.8307000e+00
   2.0426000e+00   3.5546000e+00   6.0007000e+00
   2.1001000e+00   3.5159000e+00   6.1791000e+00
   2.1592000e+00   3.4792000e+00   6.3659000e+00
   2.2199000e+00   3.4445000e+00   6.5611000e+00
   2.2824000e+00   3.4122000e+00   6.7645000e+00
   2.3466000e+00   3.3824000e+00   6.9761000e+00
   2.4126000e+00   3.3552000e+00   7.1959000e+00
   2.4805000e+00   3.3307000e+00   7.4238000e+00
   2.5503000e+00   3.3091000e+00   7.6597000e+00
   2.6221000e+00   3.2904000e+00   7.9037000e+00
   2.6958000e+00   3.2747000e+00   8.1557000e+00
   2.7717000e+00   3.2621000e+00   8.4158000e+00
   2.8497000e+00   3.2525000e+00   8.6839000e+00
   2.9298000e+00   3.2461000e+00   8.9601000e+00
   3.0123000e+00   3.2429000e+00   9.2444000e+00
   3.0970000e+00   3.2430000e+00   9.5370000e+00
   3.1841000e+00   3.2463000e+00   9.8379000e+00
   3.2737000e+00   3.2530000e+00   1.0147000e+01
   3.3658000e+00   3.2630000e+00   1.0465000e+01
   3.4605000e+00   3.2765000e+00   1.0791000e+01
   3.5579000e+00   3.2935000e+00   1.1127000e+01
   3.6580000e+00   3.3141000e+00   1.1471000e+01
   3.7609000e+00   3.3383000e+00   1.1824000e+01
   3.8667000e+00   3.3662000e+00   1.2187000e+01
   3.9755000e+00   3.3980000e+00   1.2559000e+01
   4.0873000e+00   3.4337000e+00   1.2940000e+01
   4.2023000e+00   3.4734000e+00   1.3332000e+01
   4.3206000e+00   3.5172000e+00   1.3733000e+01
   4.4421000e+00   3.5654000e+00   1.4145000e+01
   4.5671000e+00   3.6180000e+00   1.4567000e+01
   4.6956000e+00   3.6751000e+00   1.5000000e+01
   4.8277000e+00   3.7371000e+00   1.5444000e+01
   4.9635000e+00   3.8039000e+00   1.5899000e+01
   5.1032000e+00   3.8759000e+00   1.6365000e+01
   5.2468000e+00   3.9532000e+00   1.6843000e+01
   5.3944000e+00   4.0361000e+00   1.7333000e+01
   5.5461000e+00   4.1247000e+00   1.7835000e+01
   5.7022000e+00   4.2194000e+00   1.8349000e+01
   5.8626000e+00   4.3203000e+00   1.8876000e+01
   6.0275000e+00   4.4277000e+00   1.9415000e+01
   6.1971000e+00   4.5420000e+00   1.9968000e+01
   6.3715000e+00   4.6634000e+00   2.0534000e+01
   6.5507000e+00   4.7923000e+00   2.1113000e+01
   6.7350000e+00   4.9289000e+00   2.1707000e+01
   6.9245000e+00   5.0736000e+00   2.2314000e+01
   7.1193000e+00   5.2269000e+00   2.2935000e+01
   7.3196000e+00   5.3889000e+00   2.3571000e+01
   7.5256000e+00   5.5602000e+00   2.4221000e+01
   7.7373000e+00   5.7410000e+00   2.4886000e+01
   7.9550000e+00   5.9320000e+00   2.5567000e+01
   8.1788000e+00   6.1334000e+00   2.6262000e+01
   8.4089000e+00   6.3457000e+00   2.6973000e+01
   8.6455000e+00   6.5694000e+00   2.7699000e+01
   8.8887000e+00   6.8050000e+00   2.8440000e+01
   9.1388000e+00   7.0528000e+00   2.9198000e+01
   9.3959000e+00   7.3135000e+00   2.9971000e+01
   9.6603000e+00   7.5876000e+00   3.0761000e+01
   9.9321000e+00   7.8755000e+00   3.1566000e+01
   1.0212000e+01   8.1777000e+00   3.2388000e+01
   1.0499000e+01   8.4949000e+00   3.3225000e+01
   1.0794000e+01   8.8276000e+00   3.4079000e+01
   1.1098000e+01   9.1762000e+00   3.4949000e+01
   1.1410000e+01   9.5415000e+00   3.5835000e+01
   1.1731000e+01   9.9238000e+00   3.6737000e+01
   1.2061000e+01   1.0324000e+01   3.7654000e+01
   1.2401000e+01   1.0742000e+01   3.8588000e+01
   1.2749000e+01   1.1179000e+01   3.9537000e+01
   1.3108000e+01   1.1636000e+01   4.0502000e+01
   1.3477000e+01   1.2112000e+01   4.1482000e+01
   1.3856000e+01   1.2609000e+01   4.2477000e+01
   1.4246000e+01   1.3127000e+01   4.3487000e+01
   1.4647000e+01   1.3666000e+01   4.4512000e+01
   1.5059000e+01   1.4227000e+01   4.5550000e+01
   1.5482000e+01   1.4811000e+01   4.6603000e+01
   1.5918000e+01   1.5417000e+01   4.7669000e+01
   1.6366000e+01   1.6047000e+01   4.8748000e+01
   1.6826000e+01   1.6701000e+01   4.9840000e+01
   1.7300000e+01   1.7378000e+01   5.0944000e+01
   1.7786000e+01   1.8080000e+01   5.2060000e+01
   1.8287000e+01   1.8807000e+01   5.3187000e+01
   1.8801000e+01   1.9559000e+01   5.4325000e+01
   1.9330000e+01   2.0337000e+01   5.5474000e+01
   1.9874000e+01   2.1139000e+01   5.6632000e+01
   2.0433000e+01   2.1968000e+01   5.7800000e+01
   2.1008000e+01   2.2822000e+01   5.8976000e+01
   2.1599000e+01   2.3702000e+01   6.0161000e+01
   2.2207000e+01   2.4609000e+01   6.1354000e+01
   2.2832000e+01   2.5541000e+01   6.2554000e+01
   2.3474000e+01   2.6499000e+01   6.3761000e+01
   2.4134000e+01   2.7482000e+01   6.4974000e+01
   2.4813000e+01   2.8492000e+01   6.6193000e+01
   2.5512000e+01   2.9527000e+01   6.7418000e+01
   2.6229000e+01   3.0588000e+01   6.8647000e+01
   2.6967000e+01   3.1673000e+01   6.9881000e+01
   2.7726000e+01   3.2784000e+01   7.1119000e+01
   2.8506000e+01   3.3919000e+01   7.2362000e+01
   2.9308000e+01   3.5078000e+01   7.3607000e+01
   3.0133000e+01   3.6262000e+01   7.4857000e+01
   3.0980000e+01   3.7469000e+01   7.6109000e+01
   3.1852000e+01   3.8699000e+01   7.7364000e+01
   3.2748000e+01   3.9952000e+01   7.8622000e+01
   3.3670000e+01   4.1228000e+01   7.9883000e+01
   3.4617000e+01   4.2526000e+01   8.1146000e+01
   3.5591000e+01   4.3845000e+01   8.2412000e+01
   3.6592000e+01   4.5186000e+01   8.3681000e+01
   3.7622000e+01   4.6547000e+01   8.4952000e+01
   3.8680000e+01   4.7929000e+01   8.6226000e+01
   3.9768000e+01   4.9331000e+01   8.7503000e+01
   4.0887000e+01   5.0752000e+01   8.8783000e+01
   4.2038000e+01   5.2193000e+01   9.0067000e+01
   4.3220000e+01   5.3652000e+01   9.1354000e+01
   4.4436000e+01   5.5130000e+01   9.2645000e+01
   4.5686000e+01   5.6626000e+01   9.3940000e+01
   4.6972000e+01   5.8140000e+01   9.5240000e+01
   4.8293000e+01   5.9672000e+01   9.6544000e+01
   4.9652000e+01   6.1221000e+01   9.7854000e+01
   5.1049000e+01   6.2787000e+01   9.9170000e+01
   5.2485000e+01   6.4370000e+01   1.0049000e+02
   5.3962000e+01   6.5970000e+01   1.0182000e+02
   5.5480000e+01   6.7586000e+01   1.0316000e+02
   5.7041000e+01   6.9219000e+01   1.0450000e+02
   5.8646000e+01   7.0868000e+01   1.0585000e+02
   6.0296000e+01   7.2533000e+01   1.0721000e+02
   6.1992000e+01   7.4214000e+01   1.0858000e+02
