   2.0630000e-01   1.6640000e+00   3.5950000e+00
   2.1340000e-01   1.7720000e+00   3.8220000e+00
   2.2100000e-01   1.9650000e+00   4.0880000e+00
   2.4000000e-01   2.5400000e+00   4.4980000e+00
   2.6000000e-01   3.2190000e+00   4.8080000e+00
   2.8000000e-01   4.0850000e+00   4.8020000e+00
   3.0000000e-01   4.6860000e+00   4.2730000e+00
   3.2000000e-01   4.7380000e+00   3.7970000e+00
   3.4000000e-01   4.6710000e+00   3.5840000e+00
   3.6000000e-01   4.5890000e+00   3.4870000e+00
   3.8000000e-01   4.5070000e+00   3.4880000e+00
   4.0000000e-01   4.4660000e+00   3.5610000e+00
   4.2000000e-01   4.4740000e+00   3.6660000e+00
   4.4000000e-01   4.5310000e+00   3.7790000e+00
   4.6000000e-01   4.6320000e+00   3.8790000e+00
   4.8000000e-01   4.7690000e+00   3.9400000e+00
   5.0000000e-01   4.9150000e+00   3.9460000e+00
   5.2000000e-01   5.0420000e+00   3.8860000e+00
   5.4000000e-01   5.0930000e+00   3.7810000e+00
   5.6000000e-01   5.0570000e+00   3.7070000e+00
   5.8000000e-01   5.0100000e+00   3.7020000e+00
   6.0000000e-01   4.9810000e+00   3.7170000e+00
   6.2000000e-01   4.9640000e+00   3.7410000e+00
   6.4000000e-01   4.9560000e+00   3.7590000e+00
   6.6000000e-01   4.9390000e+00   3.7700000e+00
   6.8000000e-01   4.9190000e+00   3.7870000e+00
   7.0000000e-01   4.9010000e+00   3.7880000e+00
   7.2000000e-01   4.8610000e+00   3.7840000e+00
   7.4000000e-01   4.8080000e+00   3.7860000e+00
   7.6000000e-01   4.7410000e+00   3.7890000e+00
   7.8000000e-01   4.6560000e+00   3.7980000e+00
   8.0000000e-01   4.5590000e+00   3.8230000e+00
   8.2000000e-01   4.4690000e+00   3.8670000e+00
   8.4000000e-01   4.3680000e+00   3.9030000e+00
   8.6000000e-01   4.2420000e+00   3.9480000e+00
   8.8000000e-01   4.1120000e+00   4.0230000e+00
   9.0000000e-01   3.9760000e+00   4.1150000e+00
   9.2000000e-01   3.8570000e+00   4.2320000e+00
   9.4000000e-01   3.7380000e+00   4.3490000e+00
   9.6000000e-01   3.6210000e+00   4.4920000e+00
   9.8000000e-01   3.5290000e+00   4.6380000e+00
   1.0000000e+00   3.4410000e+00   4.7830000e+00
   1.0200000e+00   3.3480000e+00   4.9320000e+00
   1.0400000e+00   3.2710000e+00   5.1020000e+00
   1.0600000e+00   3.2050000e+00   5.2630000e+00
   1.0800000e+00   3.1440000e+00   5.4340000e+00
   1.1000000e+00   3.0950000e+00   5.5940000e+00
   1.1200000e+00   3.0380000e+00   5.7560000e+00
   1.1400000e+00   2.9970000e+00   5.9260000e+00
   1.1600000e+00   2.9550000e+00   6.0880000e+00
   1.1800000e+00   2.9170000e+00   6.2650000e+00
   1.2000000e+00   2.9140000e+00   6.4290000e+00
   1.2200000e+00   2.8840000e+00   6.5710000e+00
   1.2400000e+00   2.8580000e+00   6.7280000e+00
   1.2600000e+00   2.8350000e+00   6.8780000e+00
   1.2800000e+00   2.8080000e+00   7.0340000e+00
   1.3000000e+00   2.7920000e+00   7.1880000e+00
   1.3200000e+00   2.7730000e+00   7.3370000e+00
   1.3400000e+00   2.7560000e+00   7.4890000e+00
   1.3600000e+00   2.7420000e+00   7.6350000e+00
   1.3800000e+00   2.7220000e+00   7.7770000e+00
   1.4000000e+00   2.6970000e+00   7.9280000e+00
   1.4200000e+00   2.6860000e+00   8.0770000e+00
   1.4400000e+00   2.6630000e+00   8.2230000e+00
   1.4600000e+00   2.6490000e+00   8.3770000e+00
   1.4800000e+00   2.6350000e+00   8.5240000e+00
   1.5000000e+00   2.6220000e+00   8.6770000e+00
   1.5200000e+00   2.6170000e+00   8.8230000e+00
   1.5400000e+00   2.6010000e+00   8.9650000e+00
   1.5600000e+00   2.5810000e+00   9.1160000e+00
   1.5800000e+00   2.5710000e+00   9.2710000e+00
   1.6000000e+00   2.5650000e+00   9.4240000e+00
   1.6200000e+00   2.5620000e+00   9.5720000e+00
   1.6400000e+00   2.5590000e+00   9.7140000e+00
   1.6600000e+00   2.5440000e+00   9.8560000e+00
   1.6800000e+00   2.5420000e+00   1.0008000e+01
   1.7000000e+00   2.5470000e+00   1.0142000e+01
   1.7200000e+00   2.5150000e+00   1.0278000e+01
   1.7400000e+00   2.5060000e+00   1.0442000e+01
   1.7600000e+00   2.5070000e+00   1.0581000e+01
   1.7800000e+00   2.4920000e+00   1.0730000e+01
   1.8000000e+00   2.4990000e+00   1.0880000e+01
   1.8200000e+00   2.4770000e+00   1.0999000e+01
   1.8400000e+00   2.4570000e+00   1.1173000e+01
   1.8600000e+00   2.4530000e+00   1.1317000e+01
   1.8800000e+00   2.4400000e+00   1.1483000e+01
   1.9000000e+00   2.4390000e+00   1.1635000e+01
   1.9200000e+00   2.4320000e+00   1.1795000e+01
   1.9400000e+00   2.4500000e+00   1.1959000e+01
   1.9600000e+00   2.4560000e+00   1.2094000e+01
   1.9800000e+00   2.4560000e+00   1.2250000e+01
   2.0000000e+00   2.4520000e+00   1.2408000e+01
   2.0200000e+00   2.4740000e+00   1.2561000e+01
   2.0400000e+00   2.4760000e+00   1.2703000e+01
   2.0600000e+00   2.4940000e+00   1.2838000e+01
   2.0800000e+00   2.4880000e+00   1.2979000e+01
   2.1000000e+00   2.4930000e+00   1.3128000e+01
   2.1200000e+00   2.4960000e+00   1.3269000e+01
   2.1400000e+00   2.5060000e+00   1.3432000e+01
   2.1600000e+00   2.5280000e+00   1.3544000e+01
   2.1800000e+00   2.4900000e+00   1.3682000e+01
   2.2000000e+00   2.4950000e+00   1.3858000e+01
   2.2200000e+00   2.5160000e+00   1.4014000e+01
   2.2400000e+00   2.5320000e+00   1.4153000e+01
   2.2600000e+00   2.5360000e+00   1.4275000e+01
   2.2800000e+00   2.5080000e+00   1.4415000e+01
   2.3000000e+00   2.5180000e+00   1.4578000e+01
   2.3200000e+00   2.5000000e+00   1.4721000e+01
   2.3400000e+00   2.5160000e+00   1.4904000e+01
   2.3600000e+00   2.5210000e+00   1.5040000e+01
   2.3800000e+00   2.5310000e+00   1.5212000e+01
   2.4000000e+00   2.5450000e+00   1.5341000e+01
   2.4200000e+00   2.5170000e+00   1.5512000e+01
   2.4400000e+00   2.5300000e+00   1.5729000e+01
   2.4600000e+00   2.6050000e+00   1.5891000e+01
   2.4800000e+00   2.6290000e+00   1.6038000e+01
   2.5000000e+00   2.6930000e+00   1.6193000e+01
   2.5126000e+00   2.7150000e+00   1.6268000e+01
   2.5253000e+00   2.7250000e+00   1.6343000e+01
   2.5381000e+00   2.7480000e+00   1.6434000e+01
   2.5510000e+00   2.7600000e+00   1.6512000e+01
   2.5641000e+00   2.7820000e+00   1.6600000e+01
   2.5773000e+00   2.7910000e+00   1.6683000e+01
   2.5907000e+00   2.7970000e+00   1.6772000e+01
   2.6042000e+00   2.8000000e+00   1.6862000e+01
   2.6178000e+00   2.8160000e+00   1.6955000e+01
   2.6316000e+00   2.8280000e+00   1.7053000e+01
   2.6455000e+00   2.8350000e+00   1.7148000e+01
   2.6596000e+00   2.8480000e+00   1.7247000e+01
   2.6738000e+00   2.8580000e+00   1.7352000e+01
   2.6882000e+00   2.8710000e+00   1.7455000e+01
   2.7027000e+00   2.8840000e+00   1.7556000e+01
   2.7174000e+00   2.8960000e+00   1.7658000e+01
   2.7322000e+00   2.9090000e+00   1.7763000e+01
   2.7473000e+00   2.9230000e+00   1.7874000e+01
   2.7624000e+00   2.9420000e+00   1.7983000e+01
   2.7778000e+00   2.9600000e+00   1.8093000e+01
   2.7933000e+00   2.9770000e+00   1.8199000e+01
   2.8090000e+00   2.9950000e+00   1.8321000e+01
   2.8249000e+00   3.0210000e+00   1.8427000e+01
   2.8409000e+00   3.0400000e+00   1.8542000e+01
   2.8571000e+00   3.0570000e+00   1.8651000e+01
   2.8736000e+00   3.0790000e+00   1.8761000e+01
   2.8902000e+00   3.0980000e+00   1.8878000e+01
   2.9070000e+00   3.1090000e+00   1.8986000e+01
   2.9240000e+00   3.1400000e+00   1.9107000e+01
   2.9412000e+00   3.1560000e+00   1.9216000e+01
   2.9586000e+00   3.1860000e+00   1.9337000e+01
   2.9762000e+00   3.2050000e+00   1.9458000e+01
   2.9940000e+00   3.2200000e+00   1.9579000e+01
   3.0120000e+00   3.2440000e+00   1.9700000e+01
   3.0303000e+00   3.2560000e+00   1.9817000e+01
   3.0488000e+00   3.2960000e+00   1.9953000e+01
   3.0675000e+00   3.3260000e+00   2.0073000e+01
   3.0864000e+00   3.3460000e+00   2.0201000e+01
   3.1056000e+00   3.3630000e+00   2.0319000e+01
   3.1250000e+00   3.3910000e+00   2.0452000e+01
   3.1447000e+00   3.4230000e+00   2.0582000e+01
   3.1646000e+00   3.4440000e+00   2.0713000e+01
   3.1847000e+00   3.4610000e+00   2.0834000e+01
   3.2051000e+00   3.4840000e+00   2.0975000e+01
   3.2258000e+00   3.5090000e+00   2.1102000e+01
   3.2468000e+00   3.5270000e+00   2.1231000e+01
   3.2680000e+00   3.5580000e+00   2.1376000e+01
   3.2895000e+00   3.5800000e+00   2.1516000e+01
   3.3113000e+00   3.5890000e+00   2.1659000e+01
   3.3333000e+00   3.6280000e+00   2.1814000e+01
   3.3557000e+00   3.6580000e+00   2.2961000e+01
   3.3784000e+00   3.6750000e+00   2.2112000e+01
   3.4014000e+00   3.7140000e+00   2.2264000e+01
   3.4247000e+00   3.7420000e+00   2.2428000e+01
   3.4483000e+00   3.7660000e+00   2.2584000e+01
   3.4722000e+00   3.8020000e+00   2.2751000e+01
   3.4965000e+00   3.8410000e+00   2.2908000e+01
   3.5211000e+00   3.8690000e+00   2.3075000e+01
   3.5461000e+00   3.9190000e+00   2.3240000e+01
   3.5714000e+00   3.9400000e+00   2.3391000e+01
   3.5971000e+00   3.9950000e+00   2.3571000e+01
   3.6232000e+00   4.0350000e+00   2.3731000e+01
   3.6496000e+00   4.0770000e+00   2.3897000e+01
   3.6765000e+00   4.1280000e+00   2.4065000e+01
   3.7037000e+00   4.1380000e+00   2.4209000e+01
   3.7313000e+00   4.1980000e+00   2.4404000e+01
   3.7594000e+00   4.2260000e+00   2.4580000e+01
   3.7879000e+00   4.2730000e+00   2.4759000e+01
   3.8168000e+00   4.3070000e+00   2.4930000e+01
   3.8462000e+00   4.3590000e+00   2.5125000e+01
   3.8760000e+00   4.3830000e+00   2.5293000e+01
   3.9063000e+00   4.4420000e+00   2.5484000e+01
   3.9370000e+00   4.4670000e+00   2.5681000e+01
   3.9683000e+00   4.5270000e+00   2.5875000e+01
   4.0000000e+00   4.5600000e+00   2.6075000e+01
   4.0323000e+00   4.6050000e+00   2.6280000e+01
   4.0650000e+00   4.6690000e+00   2.6483000e+01
   4.0984000e+00   4.7050000e+00   2.6665000e+01
   4.1322000e+00   4.7350000e+00   2.6886000e+01
   4.1667000e+00   4.8050000e+00   2.7107000e+01
   4.2017000e+00   4.8500000e+00   2.7317000e+01
   4.2373000e+00   4.9060000e+00   2.7527000e+01
   4.2735000e+00   4.9600000e+00   2.7762000e+01
   4.3103000e+00   5.0270000e+00   2.7974000e+01
   4.3478000e+00   5.0640000e+00   2.8196000e+01
   4.3860000e+00   5.0930000e+00   2.8426000e+01
   4.4248000e+00   5.1740000e+00   2.8676000e+01
   4.4643000e+00   5.2470000e+00   2.8903000e+01
   4.5045000e+00   5.2910000e+00   2.9147000e+01
   4.5455000e+00   5.3500000e+00   2.9403000e+01
   4.5872000e+00   5.4150000e+00   2.9642000e+01
   4.6296000e+00   5.4610000e+00   2.9898000e+01
   4.6729000e+00   5.5370000e+00   3.0165000e+01
   4.7170000e+00   5.6000000e+00   3.0436000e+01
   4.7619000e+00   5.6890000e+00   3.0701000e+01
   4.8077000e+00   5.7280000e+00   3.0946000e+01
   4.8544000e+00   5.7970000e+00   3.1234000e+01
   4.9020000e+00   5.8970000e+00   3.1530000e+01
   4.9505000e+00   5.9260000e+00   3.1791000e+01
   5.0000000e+00   6.0350000e+00   3.2109000e+01
   5.0505000e+00   6.1130000e+00   3.2424000e+01
   5.1020000e+00   6.2170000e+00   3.2726000e+01
   5.1546000e+00   6.2900000e+00   3.3031000e+01
   5.2083000e+00   6.3690000e+00   3.3309000e+01
   5.2632000e+00   6.4850000e+00   3.3642000e+01
   5.3191000e+00   6.5970000e+00   3.3962000e+01
   5.3763000e+00   6.6810000e+00   3.4294000e+01
   5.4348000e+00   6.7760000e+00   3.4612000e+01
   5.4945000e+00   6.8970000e+00   3.4952000e+01
   5.5556000e+00   7.0120000e+00   3.5273000e+01
   5.6180000e+00   7.0410000e+00   3.5565000e+01
   5.6818000e+00   7.1460000e+00   3.5953000e+01
   5.7471000e+00   7.2770000e+00   3.6314000e+01
   5.8140000e+00   7.3530000e+00   3.6681000e+01
   5.8824000e+00   7.4880000e+00   3.7049000e+01
   5.9524000e+00   7.5800000e+00   3.7460000e+01
   6.0241000e+00   7.7100000e+00   3.7814000e+01
   6.0976000e+00   7.7880000e+00   3.8245000e+01
   6.1728000e+00   7.9050000e+00   3.8673000e+01
   6.2500000e+00   7.9950000e+00   3.9090000e+01
   6.3291000e+00   8.1230000e+00   3.9547000e+01
   6.4103000e+00   8.2660000e+00   3.9987000e+01
   6.4935000e+00   8.3790000e+00   4.0467000e+01
   6.5789000e+00   8.5650000e+00   4.0949000e+01
   6.6667000e+00   8.7050000e+00   4.1440000e+01
   6.7568000e+00   8.8920000e+00   4.1920000e+01
   6.8493000e+00   9.0400000e+00   4.2428000e+01
   6.9444000e+00   9.2390000e+00   4.2933000e+01
   7.0423000e+00   9.3630000e+00   4.3390000e+01
   7.1429000e+00   9.5850000e+00   4.3939000e+01
   7.2464000e+00   9.7250000e+00   4.4433000e+01
   7.3529000e+00   9.9690000e+00   4.5024000e+01
   7.4627000e+00   1.0119000e+01   4.5541000e+01
   7.5758000e+00   1.0364000e+01   4.6130000e+01
   7.6923000e+00   1.0543000e+01   4.6710000e+01
   7.8125000e+00   1.0642000e+01   4.7265000e+01
   7.9365000e+00   1.0927000e+01   4.7933000e+01
   8.0645000e+00   1.1159000e+01   4.8557000e+01
   8.1967000e+00   1.1328000e+01   4.9202000e+01
   8.3333000e+00   1.1490000e+01   4.9836000e+01
   8.4746000e+00   1.1765000e+01   5.0553000e+01
   8.6207000e+00   1.1968000e+01   5.1283000e+01
   8.7719000e+00   1.2152000e+01   5.2062000e+01
   8.9286000e+00   1.2326000e+01   5.2834000e+01
   9.0909000e+00   1.2679000e+01   5.3717000e+01
   9.2593000e+00   1.2910000e+01   5.4532000e+01
   9.4340000e+00   1.3326000e+01   5.5446000e+01
   9.6154000e+00   1.3558000e+01   5.6272000e+01
   9.8039000e+00   1.3827000e+01   5.7178000e+01
   1.0000000e+01   1.4303000e+01   5.8194000e+01
   1.0204100e+01   1.4710000e+01   5.9270000e+01
   1.0416700e+01   1.5134000e+01   6.0378000e+01
   1.0638300e+01   1.5659000e+01   6.1458000e+01
   1.0869600e+01   1.6063000e+01   6.2521000e+01
   1.1111100e+01   1.6699000e+01   6.3777000e+01
   1.1363600e+01   1.7197000e+01   6.5003000e+01
   1.1627900e+01   1.7893000e+01   6.6212000e+01
   1.1904800e+01   1.8365000e+01   6.7382000e+01
   1.2195100e+01   1.8931000e+01   6.8711000e+01
   1.2500000e+01   1.9407000e+01   7.0022000e+01
   1.2820500e+01   2.0254000e+01   7.1547000e+01
   1.3157900e+01   2.0937000e+01   7.3060000e+01
   1.3513500e+01   2.1596000e+01   7.4678000e+01
   1.3888900e+01   2.2224000e+01   7.6257000e+01
   1.4285700e+01   2.3269000e+01   7.8029000e+01
   1.4705900e+01   2.3882000e+01   7.9911000e+01
   1.5151500e+01   2.4700000e+01   8.1810000e+01
   1.5625000e+01   2.5775000e+01   8.3928000e+01
   1.6129000e+01   2.6743000e+01   8.6060000e+01
   1.6666700e+01   2.7701000e+01   8.8382000e+01
   1.7241400e+01   2.8936000e+01   9.0926000e+01
   1.7857100e+01   3.0208000e+01   9.3528000e+01
   1.8518500e+01   3.1645000e+01   9.6363000e+01
   1.9230800e+01   3.2727000e+01   9.9426000e+01
   2.0000000e+01   3.4740000e+01   1.0283200e+02
   2.0833300e+01   3.6981000e+01   1.0622100e+02
   2.1739100e+01   3.8991000e+01   1.1006600e+02
   2.2727300e+01   4.1626000e+01   1.1381700e+02
   2.3809500e+01   4.4375000e+01   1.1821300e+02
   2.5000000e+01   4.7637000e+01   1.2249200e+02
   2.6315800e+01   5.0940000e+01   1.2702500e+02
   2.7777800e+01   5.4173000e+01   1.3214100e+02
   2.9411800e+01   5.9095000e+01   1.3773900e+02
   3.1250000e+01   6.4492000e+01   1.4351300e+02
   3.3333300e+01   7.0243000e+01   1.4886600e+02
   3.5714300e+01   7.6393000e+01   1.5467200e+02
   3.8461500e+01   8.3143000e+01   1.6113500e+02
   4.1666700e+01   9.0723000e+01   1.6846300e+02
   4.5454500e+01   9.9422000e+01   1.7628500e+02
   5.0000000e+01   1.0925300e+02   1.8516100e+02
   5.5555600e+01   1.2029600e+02   1.9523500e+02
   6.2500000e+01   1.3366800e+02   2.0634600e+02
   7.1428600e+01   1.4963200e+02   2.1933400e+02
   8.3333300e+01   1.6874900e+02   2.3568400e+02
   1.0000000e+02   1.9278400e+02   2.5552500e+02
   1.2500000e+02   2.2463100e+02   2.8351400e+02
   1.6666670e+02   2.7009600e+02   3.2239500e+02
