0.3	1.452598	0
0.301	1.452119	0
0.302	1.451647	0
0.303	1.451181	0
0.304	1.450722	0
0.305	1.450269	0
0.306	1.449823	0
0.307	1.449382	0
0.308	1.448948	0
0.309	1.448519	0
0.31	1.448096	0
0.311	1.447679	0
0.312	1.447268	0
0.313	1.446862	0
0.314	1.446462	0
0.315	1.446066	0
0.316	1.445677	0
0.317	1.445292	0
0.318	1.444912	0
0.319	1.444538	0
0.32	1.444168	0
0.321	1.443803	0
0.322	1.443443	0
0.323	1.443087	0
0.324	1.442736	0
0.325	1.44239	0
0.326	1.442047	0
0.327	1.44171	0
0.328	1.441376	0
0.329	1.441047	0
0.33	1.440722	0
0.331	1.440401	0
0.332	1.440084	0
0.333	1.439771	0
0.334	1.439462	0
0.335	1.439156	0
0.336	1.438855	0
0.337	1.438557	0
0.338	1.438262	0
0.339	1.437972	0
0.34	1.437684	0
0.341	1.437401	0
0.342	1.43712	0
0.343	1.436844	0
0.344	1.43657	0
0.345	1.436299	0
0.346	1.436032	0
0.347	1.435768	0
0.348	1.435507	0
0.349	1.43525	0
0.35	1.434995	0
0.351	1.434743	0
0.352	1.434494	0
0.353	1.434248	0
0.354	1.434005	0
0.355	1.433764	0
0.356	1.433527	0
0.357	1.433292	0
0.358	1.433059	0
0.359	1.43283	0
0.36	1.432603	0
0.361	1.432378	0
0.362	1.432156	0
0.363	1.431937	0
0.364	1.43172	0
0.365	1.431505	0
0.366	1.431293	0
0.367	1.431083	0
0.368	1.430875	0
0.369	1.43067	0
0.37	1.430467	0
0.371	1.430266	0
0.372	1.430067	0
0.373	1.429871	0
0.374	1.429676	0
0.375	1.429484	0
0.376	1.429294	0
0.377	1.429105	0
0.378	1.428919	0
0.379	1.428735	0
0.38	1.428553	0
0.381	1.428372	0
0.382	1.428194	0
0.383	1.428017	0
0.384	1.427842	0
0.385	1.427669	0
0.386	1.427498	0
0.387	1.427328	0
0.388	1.427161	0
0.389	1.426995	0
0.39	1.426831	0
0.391	1.426668	0
0.392	1.426507	0
0.393	1.426348	0
0.394	1.42619	0
0.395	1.426034	0
0.396	1.425879	0
0.397	1.425726	0
0.398	1.425575	0
0.399	1.425425	0
0.4	1.425276	0
0.401	1.425129	0
0.402	1.424984	0
0.403	1.424839	0
0.404	1.424697	0
0.405	1.424555	0
0.406	1.424415	0
0.407	1.424277	0
0.408	1.424139	0
0.409	1.424003	0
0.41	1.423869	0
0.411	1.423735	0
0.412	1.423603	0
0.413	1.423473	0
0.414	1.423343	0
0.415	1.423215	0
0.416	1.423087	0
0.417	1.422961	0
0.418	1.422837	0
0.419	1.422713	0
0.42	1.422591	0
0.421	1.422469	0
0.422	1.422349	0
0.423	1.42223	0
0.424	1.422112	0
0.425	1.421995	0
0.426	1.421879	0
0.427	1.421764	0
0.428	1.421651	0
0.429	1.421538	0
0.43	1.421426	0
0.431	1.421316	0
0.432	1.421206	0
0.433	1.421097	0
0.434	1.42099	0
0.435	1.420883	0
0.436	1.420777	0
0.437	1.420672	0
0.438	1.420568	0
0.439	1.420465	0
0.44	1.420363	0
0.441	1.420262	0
0.442	1.420162	0
0.443	1.420062	0
0.444	1.419964	0
0.445	1.419866	0
0.446	1.419769	0
0.447	1.419673	0
0.448	1.419578	0
0.449	1.419483	0
0.45	1.41939	0
0.451	1.419297	0
0.452	1.419205	0
0.453	1.419114	0
0.454	1.419023	0
0.455	1.418933	0
0.456	1.418844	0
0.457	1.418756	0
0.458	1.418669	0
0.459	1.418582	0
0.46	1.418496	0
0.461	1.418411	0
0.462	1.418326	0
0.463	1.418242	0
0.464	1.418159	0
0.465	1.418076	0
0.466	1.417994	0
0.467	1.417913	0
0.468	1.417833	0
0.469	1.417753	0
0.47	1.417674	0
0.471	1.417595	0
0.472	1.417517	0
0.473	1.41744	0
0.474	1.417363	0
0.475	1.417287	0
0.476	1.417212	0
0.477	1.417137	0
0.478	1.417062	0
0.479	1.416989	0
0.48	1.416916	0
0.481	1.416843	0
0.482	1.416771	0
0.483	1.4167	0
0.484	1.416629	0
0.485	1.416558	0
0.486	1.416489	0
0.487	1.41642	0
0.488	1.416351	0
0.489	1.416283	0
0.49	1.416215	0
0.491	1.416148	0
0.492	1.416081	0
0.493	1.416015	0
0.494	1.41595	0
0.495	1.415884	0
0.496	1.41582	0
0.497	1.415756	0
0.498	1.415692	0
0.499	1.415629	0
0.5	1.415566	0
0.501	1.415504	0
0.502	1.415442	0
0.503	1.415381	0
0.504	1.41532	0
0.505	1.41526	0
0.506	1.4152	0
0.507	1.415141	0
0.508	1.415081	0
0.509	1.415023	0
0.51	1.414965	0
0.511	1.414907	0
0.512	1.41485	0
0.513	1.414793	0
0.514	1.414736	0
0.515	1.41468	0
0.516	1.414624	0
0.517	1.414569	0
0.518	1.414514	0
0.519	1.414459	0
0.52	1.414405	0
0.521	1.414352	0
0.522	1.414298	0
0.523	1.414245	0
0.524	1.414193	0
0.525	1.41414	0
0.526	1.414089	0
0.527	1.414037	0
0.528	1.413986	0
0.529	1.413935	0
0.53	1.413885	0
0.531	1.413835	0
0.532	1.413785	0
0.533	1.413736	0
0.534	1.413686	0
0.535	1.413638	0
0.536	1.413589	0
0.537	1.413541	0
0.538	1.413494	0
0.539	1.413446	0
0.54	1.413399	0
0.541	1.413352	0
0.542	1.413306	0
0.543	1.41326	0
0.544	1.413214	0
0.545	1.413169	0
0.546	1.413123	0
0.547	1.413078	0
0.548	1.413034	0
0.549	1.41299	0
0.55	1.412946	0
0.551	1.412902	0
0.552	1.412858	0
0.553	1.412815	0
0.554	1.412772	0
0.555	1.41273	0
0.556	1.412688	0
0.557	1.412646	0
0.558	1.412604	0
0.559	1.412562	0
0.56	1.412521	0
0.561	1.41248	0
0.562	1.41244	0
0.563	1.412399	0
0.564	1.412359	0
0.565	1.412319	0
0.566	1.41228	0
0.567	1.41224	0
0.568	1.412201	0
0.569	1.412162	0
0.57	1.412124	0
0.571	1.412085	0
0.572	1.412047	0
0.573	1.412009	0
0.574	1.411972	0
0.575	1.411934	0
0.576	1.411897	0
0.577	1.41186	0
0.578	1.411824	0
0.579	1.411787	0
0.58	1.411751	0
0.581	1.411715	0
0.582	1.411679	0
0.583	1.411643	0
0.584	1.411608	0
0.585	1.411573	0
0.586	1.411538	0
0.587	1.411503	0
0.588	1.411469	0
0.589	1.411434	0
0.59	1.4114	0
0.591	1.411366	0
0.592	1.411333	0
0.593	1.411299	0
0.594	1.411266	0
0.595	1.411233	0
0.596	1.4112	0
0.597	1.411168	0
0.598	1.411135	0
0.599	1.411103	0
0.6	1.411071	0
0.601	1.411039	0
0.602	1.411007	0
0.603	1.410976	0
0.604	1.410944	0
0.605	1.410913	0
0.606	1.410882	0
0.607	1.410851	0
0.608	1.410821	0
0.609	1.41079	0
0.61	1.41076	0
0.611	1.41073	0
0.612	1.4107	0
0.613	1.410671	0
0.614	1.410641	0
0.615	1.410612	0
0.616	1.410582	0
0.617	1.410553	0
0.618	1.410525	0
0.619	1.410496	0
0.62	1.410467	0
0.621	1.410439	0
0.622	1.410411	0
0.623	1.410383	0
0.624	1.410355	0
0.625	1.410327	0
0.626	1.4103	0
0.627	1.410272	0
0.628	1.410245	0
0.629	1.410218	0
0.63	1.410191	0
0.631	1.410164	0
0.632	1.410138	0
0.633	1.410111	0
0.634	1.410085	0
0.635	1.410058	0
0.636	1.410032	0
0.637	1.410007	0
0.638	1.409981	0
0.639	1.409955	0
0.64	1.40993	0
0.641	1.409904	0
0.642	1.409879	0
0.643	1.409854	0
0.644	1.409829	0
0.645	1.409804	0
0.646	1.40978	0
0.647	1.409755	0
0.648	1.409731	0
0.649	1.409706	0
0.65	1.409682	0
0.651	1.409658	0
0.652	1.409635	0
0.653	1.409611	0
0.654	1.409587	0
0.655	1.409564	0
0.656	1.40954	0
0.657	1.409517	0
0.658	1.409494	0
0.659	1.409471	0
0.66	1.409448	0
0.661	1.409425	0
0.662	1.409403	0
0.663	1.40938	0
0.664	1.409358	0
0.665	1.409336	0
0.666	1.409314	0
0.667	1.409292	0
0.668	1.40927	0
0.669	1.409248	0
0.67	1.409226	0
0.671	1.409205	0
0.672	1.409183	0
0.673	1.409162	0
0.674	1.409141	0
0.675	1.409119	0
0.676	1.409098	0
0.677	1.409078	0
0.678	1.409057	0
0.679	1.409036	0
0.68	1.409015	0
0.681	1.408995	0
0.682	1.408975	0
0.683	1.408954	0
0.684	1.408934	0
0.685	1.408914	0
0.686	1.408894	0
0.687	1.408874	0
0.688	1.408854	0
0.689	1.408835	0
0.69	1.408815	0
0.691	1.408796	0
0.692	1.408776	0
0.693	1.408757	0
0.694	1.408738	0
0.695	1.408719	0
0.696	1.4087	0
0.697	1.408681	0
0.698	1.408662	0
0.699	1.408643	0
0.7	1.408625	0
0.701	1.408606	0
0.702	1.408588	0
0.703	1.40857	0
0.704	1.408551	0
0.705	1.408533	0
0.706	1.408515	0
0.707	1.408497	0
0.708	1.408479	0
0.709	1.408462	0
0.71	1.408444	0
0.711	1.408426	0
0.712	1.408409	0
0.713	1.408391	0
0.714	1.408374	0
0.715	1.408357	0
0.716	1.408339	0
0.717	1.408322	0
0.718	1.408305	0
0.719	1.408288	0
0.72	1.408271	0
0.721	1.408255	0
0.722	1.408238	0
0.723	1.408221	0
0.724	1.408205	0
0.725	1.408188	0
0.726	1.408172	0
0.727	1.408155	0
0.728	1.408139	0
0.729	1.408123	0
0.73	1.408107	0
0.731	1.408091	0
0.732	1.408075	0
0.733	1.408059	0
0.734	1.408043	0
0.735	1.408028	0
0.736	1.408012	0
0.737	1.407996	0
0.738	1.407981	0
0.739	1.407965	0
0.74	1.40795	0
0.741	1.407935	0
0.742	1.40792	0
0.743	1.407904	0
0.744	1.407889	0
0.745	1.407874	0
0.746	1.407859	0
0.747	1.407844	0
0.748	1.40783	0
0.749	1.407815	0
0.75	1.4078	0
0.751	1.407786	0
0.752	1.407771	0
0.753	1.407757	0
0.754	1.407742	0
0.755	1.407728	0
0.756	1.407714	0
0.757	1.407699	0
0.758	1.407685	0
0.759	1.407671	0
0.76	1.407657	0
0.761	1.407643	0
0.762	1.407629	0
0.763	1.407616	0
0.764	1.407602	0
0.765	1.407588	0
0.766	1.407574	0
0.767	1.407561	0
0.768	1.407547	0
0.769	1.407534	0
0.77	1.40752	0
0.771	1.407507	0
0.772	1.407494	0
0.773	1.407481	0
0.774	1.407467	0
0.775	1.407454	0
0.776	1.407441	0
0.777	1.407428	0
0.778	1.407415	0
0.779	1.407402	0
0.78	1.40739	0
0.781	1.407377	0
0.782	1.407364	0
0.783	1.407351	0
0.784	1.407339	0
0.785	1.407326	0
0.786	1.407314	0
0.787	1.407301	0
0.788	1.407289	0
0.789	1.407277	0
0.79	1.407264	0
0.791	1.407252	0
0.792	1.40724	0
0.793	1.407228	0
0.794	1.407216	0
0.795	1.407204	0
0.796	1.407192	0
0.797	1.40718	0
0.798	1.407168	0
0.799	1.407156	0
0.8	1.407144	0
0.801	1.407133	0
0.802	1.407121	0
0.803	1.407109	0
0.804	1.407098	0
0.805	1.407086	0
0.806	1.407075	0
0.807	1.407063	0
0.808	1.407052	0
0.809	1.40704	0
0.81	1.407029	0
0.811	1.407018	0
0.812	1.407007	0
0.813	1.406996	0
0.814	1.406984	0
0.815	1.406973	0
0.816	1.406962	0
0.817	1.406951	0
0.818	1.40694	0
0.819	1.4	0.000001
0.839	1.4	0.000002
0.859	1.4	0.000001
0.879	1.4	0.000001
0.899	1.399	0.000001
0.919	1.399	0.000001
0.939	1.399	0.000001
0.959	1.399	0.000001
0.979	1.399	0.000001
0.999	1.399	0.000001
1.019	1.399	0.000001
1.039	1.399	0.000001
1.059	1.399	0.000001
1.079	1.398	0.000001
1.099	1.398	0.000001
1.119	1.398	0.000001
1.139	1.398	0.000001
1.159	1.398	0.000003
1.179	1.398	0.000012
1.199	1.398	0.000003
1.219	1.398	0.000001
1.239	1.398	0
1.259	1.398	0.000001
1.279	1.397	0
1.299	1.397	0
1.319	1.397	0
1.339	1.397	0
1.359	1.397	0.000003
1.379	1.397	0.000006
1.399	1.397	0.000015
1.419	1.397	0.000005
1.439	1.397	0.000003
1.459	1.397	0.000002
1.479	1.396	0.000001
1.499	1.396	0.000002
1.519	1.396	0.000006
1.539	1.396	0.000005
1.559	1.396	0.000004
1.579	1.396	0.000001
1.599	1.396	0.000001
1.619	1.396	0.000001
1.639	1.396	0.000005
1.659	1.396	0.000008
1.679	1.395	0.000021
1.699	1.395	0.000089
1.719	1.395	0.00002
1.739	1.395	0.000095
1.759	1.395	0.000041
1.779	1.395	0.000031
1.799	1.395	0.00001
1.819	1.395	0.000004
1.839	1.395	0.00002
1.859	1.395	0.000012
1.879	1.394	0.000002
1.899	1.394	0.000003
1.919	1.394	0.000004
1.939	1.394	0.000006
1.959	1.394	0.000008
1.979	1.394	0.00001
1.999	1.394	0.00001
2.019	1.394	0.00001
2.039	1.394	0.000009
2.059	1.393	0.000006
2.079	1.393	0.000005
2.099	1.393	0.000006
2.119	1.393	0.000008
2.139	1.393	0.000011
2.159	1.393	0.000022
2.179	1.393	0.000034
2.199	1.392	0.000049
2.219	1.392	0.000083
2.239	1.392	0.000108
2.259	1.392	0.000172
2.279	1.392	0.000356
2.299	1.392	0.000646
2.319	1.392	0.000156
2.339	1.392	0.000105
2.359	1.391	0.000219
2.379	1.392	0.000316
2.399	1.391	0.000231
2.419	1.391	0.000124
2.439	1.391	0.000138
2.459	1.391	0.000264
2.479	1.391	0.00024
2.499	1.391	0.00068
2.5063	1.386	0
2.5221	1.386	0
2.5349	1.385	0
2.5445	1.386	0
2.5478	1.386	0
2.5575	1.385	0
2.5674	1.386	0
2.5773	1.385	0
2.5873	1.385	0
2.5974	1.385	0
2.6076	1.384	0
2.6178	1.384	0
2.6316	1.384	0
2.642	1.384	0
2.6525	1.384	0
2.6631	1.383	0
2.6738	1.383	0.001
2.6774	1.384	0.001
2.6918	1.384	0.001
2.6954	1.384	0.001
2.7064	1.384	0.001
2.7174	1.384	0.001
2.7285	1.384	0.001
2.7435	1.384	0.001
2.7548	1.384	0.001
2.7624	1.384	0.001
2.7739	1.385	0
2.7778	1.384	0
2.7855	1.384	0
2.7972	1.384	0
2.8129	1.384	0
2.8249	1.384	0
2.8329	1.383	0
2.8409	1.382	0
2.849	1.382	0
2.8612	1.383	0
2.8736	1.383	0
2.8777	1.382	0
2.8944	1.382	0
2.8986	1.382	0
2.907	1.382	0
2.924	1.382	0
2.9326	1.382	0
2.9412	1.382	0
2.9542	1.382	0
2.963	1.381	0
2.9718	1.381	0
2.9806	1.381	0
2.994	1.381	0
3.003	1.381	0
3.012	1.381	0
3.0211	1.38	0
3.0349	1.38	0
3.0441	1.38	0
3.0534	1.38	0
3.0628	1.38	0
3.0722	1.379	0
3.0817	1.379	0
3.0912	1.379	0
3.1008	1.378	0
3.1056	1.378	0
3.1153	1.378	0
3.125	1.378	0
3.1397	1.378	0
3.1496	1.378	0
3.1596	1.378	0
3.1696	1.377	0
3.1797	1.377	0
3.1898	1.377	0.001
3.2	1.376	0.001
3.2051	1.376	0.001
3.2154	1.376	0.001
3.2258	1.376	0.001
3.2362	1.376	0.001
3.2468	1.375	0.001
3.2573	1.375	0
3.268	1.374	0.001
3.2787	1.373	0.001
3.2895	1.373	0.001
3.3003	1.371	0.001
3.3058	1.371	0.001
3.3223	1.368	0
3.3333	1.365	0.003
3.3389	1.363	0.004
3.3501	1.354	0.008
3.3557	1.35	0.015
3.3727	1.372	0.053
3.3784	1.394	0.05
3.3898	1.407	0.019
3.3956	1.402	0.011
3.4072	1.394	0.005
3.4188	1.389	0.004
3.4305	1.385	0.005
3.4364	1.386	0.006
3.4483	1.388	0.006
3.4602	1.388	0.004
3.4722	1.386	0.002
3.4783	1.386	0.002
3.4904	1.385	0
3.4965	1.384	0
3.5088	1.383	0.001
3.5211	1.383	0.001
3.5273	1.383	0.001
3.5398	1.382	0
3.5524	1.381	0.001
3.5587	1.382	0.001
3.5651	1.382	0
3.5778	1.382	0.001
3.5907	1.382	0
3.5971	1.381	0
3.6101	1.381	0
3.6166	1.38	0
3.6298	1.38	0
3.6364	1.38	0
3.6496	1.379	0
3.6563	1.379	0
3.6697	1.379	0
3.6765	1.379	0
3.69	1.379	0
3.6969	1.378	0
3.7106	1.378	0
3.7175	1.378	0
3.7313	1.378	0
3.7383	1.378	0
3.7453	1.378	0
3.7594	1.378	0
3.7665	1.377	0
3.7807	1.377	0
3.7879	1.377	0
3.8023	1.376	0
3.8095	1.376	0
3.8168	1.376	0
3.8314	1.376	0
3.8388	1.376	0
3.8462	1.376	0
3.861	1.375	0
3.8685	1.375	0
3.876	1.375	0
3.8911	1.375	0
3.8986	1.375	0
3.9139	1.375	0
3.9216	1.375	0
3.9293	1.375	0
3.937	1.375	0
3.9526	1.375	0
3.9604	1.375	0
3.9683	1.374	0
3.9761	1.374	0
3.992	1.374	0
4	1.374	0
4.008	1.374	0
4.0161	1.374	0
4.0323	1.373	0
4.0404	1.373	0
4.0486	1.373	0
4.0568	1.373	0
4.0733	1.373	0
4.0816	1.372	0
4.09	1.372	0
4.0984	1.372	0
4.1068	1.372	0
4.1152	1.372	0
4.1322	1.372	0
4.1408	1.372	0
4.1494	1.372	0
4.158	1.371	0
4.1667	1.371	0
4.1754	1.371	0
4.1929	1.37	0
4.2017	1.37	0
4.2105	1.37	0
4.2194	1.37	0
4.2283	1.37	0
4.2373	1.37	0
4.2463	1.369	0
4.2553	1.369	0
4.2735	1.368	0
4.2827	1.368	0
4.2918	1.368	0
4.3011	1.368	0
4.3103	1.368	0
4.3197	1.368	0
4.329	1.368	0
4.3384	1.368	0
4.3478	1.367	0
4.3573	1.367	0
4.3668	1.367	0
4.3764	1.367	0
4.3856	1.367	0
4.3956	1.367	0
4.4053	1.367	0
4.4248	1.366	0
4.43	1.367	0
4.4446	1.366	0.001
4.4543	1.366	0.001
4.4643	1.366	0.001
4.4743	1.366	0.001
4.4843	1.366	0.001
4.4944	1.366	0.001
4.5045	1.365	0.001
4.5147	1.365	0.001
4.5249	1.365	0.001
4.5321	1.365	0.001
4.5351	1.365	0.001
4.5455	1.365	0.001
4.5558	1.365	0.001
4.5662	1.365	0.001
4.5767	1.364	0.001
4.5872	1.364	0.001
4.5977	1.364	0.001
4.6083	1.364	0.001
4.6189	1.364	0.001
4.6296	1.364	0.001
4.6404	1.364	0.001
4.6512	1.364	0.001
4.662	1.363	0.001
4.6729	1.363	0.001
4.6838	1.363	0.001
4.6948	1.363	0.001
4.7059	1.363	0.001
4.717	1.363	0.001
4.7281	1.362	0.002
4.7393	1.362	0.002
4.7506	1.362	0.002
4.7619	1.362	0.001
4.7733	1.362	0.001
4.7847	1.361	0.002
4.7962	1.361	0.002
4.8077	1.361	0.002
4.8193	1.36	0.002
4.8309	1.36	0.002
4.8426	1.36	0.002
4.8544	1.36	0.002
4.8662	1.36	0.002
4.878	1.36	0.002
4.89	1.36	0.002
4.902	1.36	0.002
4.914	1.359	0.002
4.9261	1.359	0.002
4.9383	1.359	0.002
4.9505	1.358	0.002
4.9628	1.358	0.003
4.9751	1.358	0.003
4.9875	1.358	0.004
5	1.358	0.004
5.0125	1.358	0.004
5.0251	1.358	0.004
5.0378	1.358	0.004
5.0505	1.358	0.004
5.0633	1.358	0.004
5.0761	1.358	0.004
5.0891	1.357	0.004
5.102	1.357	0.004
5.1151	1.357	0.004
5.1282	1.357	0.004
5.1414	1.357	0.004
5.1546	1.358	0.004
5.168	1.357	0.004
5.1813	1.357	0.004
5.1948	1.357	0.003
5.2083	1.357	0.003
5.2219	1.356	0.003
5.2356	1.356	0.003
5.2493	1.356	0.003
5.2632	1.355	0.003
5.277	1.355	0.003
5.291	1.354	0.003
5.305	1.354	0.003
5.3191	1.354	0.003
5.3333	1.354	0.003
5.3476	1.354	0.003
5.3619	1.354	0.003
5.3763	1.354	0.002
5.4054	1.352	0.002
5.4201	1.352	0.002
5.4348	1.351	0.002
5.4496	1.351	0.003
5.4645	1.35	0.003
5.4795	1.35	0.003
5.4945	1.349	0.003
5.5096	1.349	0.003
5.5249	1.349	0.004
5.5402	1.349	0.003
5.5556	1.349	0.004
5.571	1.348	0.004
5.5866	1.348	0.004
5.6022	1.346	0.004
5.618	1.348	0.004
5.6338	1.347	0.004
5.6497	1.347	0.004
5.6657	1.347	0.004
5.6818	1.346	0.004
5.698	1.346	0.004
5.7143	1.345	0.004
5.7307	1.345	0.004
5.7471	1.344	0.005
5.7637	1.344	0.005
5.7803	1.344	0.005
5.7971	1.343	0.005
5.814	1.343	0.005
5.8309	1.343	0.005
5.848	1.342	0.005
5.8651	1.342	0.005
5.882	1.342	0.005
5.8997	1.341	0.005
5.9172	1.341	0.006
5.9347	1.34	0.005
5.9524	1.34	0.005
5.9701	1.339	0.005
5.988	1.339	0.006
6.006	1.338	0.006
6.0241	1.338	0.006
6.0423	1.337	0.006
6.0606	1.337	0.006
6.079	1.336	0.006
6.0976	1.336	0.006
6.1162	1.336	0.006
6.135	1.335	0.006
6.1538	1.334	0.006
6.1728	1.334	0.007
6.192	1.333	0.007
6.2112	1.333	0.007
6.2305	1.332	0.007
6.25	1.332	0.007
6.2696	1.331	0.007
6.2893	1.331	0.007
6.3091	1.33	0.007
6.3291	1.329	0.008
6.3492	1.329	0.008
6.3694	1.328	0.007
6.3898	1.328	0.008
6.4103	1.328	0.008
6.4309	1.328	0.007
6.4516	1.326	0.006
6.4725	1.324	0.007
6.4935	1.324	0.008
6.5147	1.324	0.007
6.5359	1.322	0.008
6.5574	1.322	0.009
6.5789	1.322	0.008
6.6007	1.32	0.006
6.6225	1.318	0.007
6.6445	1.318	0.007
6.6667	1.316	0.007
6.689	1.315	0.008
6.7114	1.315	0.008
6.734	1.313	0.007
6.7568	1.311	0.008
6.7797	1.31	0.009
6.8027	1.309	0.008
6.8259	1.306	0.008
6.8493	1.304	0.011
6.8729	1.303	0.012
6.8966	1.303	0.014
6.9204	1.303	0.014
6.9444	1.302	0.014
6.9686	1.3	0.013
6.993	1.297	0.014
7.0175	1.293	0.016
7.0423	1.292	0.022
7.0671	1.295	0.026
7.0922	1.299	0.026
7.1174	1.3	0.025
7.1429	1.302	0.023
7.1685	1.304	0.02
7.1942	1.302	0.015
7.2202	1.297	0.012
7.2464	1.293	0.012
7.2727	1.29	0.012
7.2993	1.287	0.012
7.326	1.284	0.012
7.3529	1.281	0.012
7.3801	1.278	0.012
7.4074	1.275	0.012
7.4349	1.271	0.012
7.4627	1.267	0.012
7.4906	1.262	0.012
7.5188	1.258	0.013
7.5472	1.252	0.014
7.5758	1.247	0.015
7.6046	1.24	0.015
7.6336	1.232	0.016
7.6628	1.223	0.018
7.6923	1.212	0.02
7.722	1.2	0.025
7.7519	1.183	0.03
7.7821	1.161	0.037
7.8225	1.125	0.051
7.8431	1.063	0.092
7.874	1.009	0.232
7.9051	1.127	0.448
7.9365	1.443	0.45
7.9681	1.551	0.201
8	1.474	0.07
8.0321	1.409	0.032
8.0645	1.367	0.02
8.0972	1.339	0.016
8.1301	1.319	0.014
8.1633	1.303	0.013
8.1967	1.289	0.013
8.2305	1.276	0.012
8.2645	1.263	0.013
8.2988	1.251	0.014
8.3333	1.239	0.016
8.3682	1.228	0.018
8.4034	1.217	0.019
8.4388	1.203	0.022
8.4746	1.191	0.026
8.5106	1.176	0.03
8.547	1.163	0.037
8.5837	1.15	0.042
8.6207	1.133	0.048
8.658	1.115	0.057
8.6957	1.095	0.067
8.7336	1.072	0.081
8.7719	1.048	0.098
8.8106	1.021	0.121
8.8496	0.991	0.154
8.8889	0.961	0.199
8.9286	0.938	0.262
8.9686	0.932	0.341
9.009	0.956	0.428
9.0498	1.011	0.507
9.0909	1.092	0.561
9.1324	1.182	0.578
9.1743	1.261	0.564
9.2166	1.315	0.531
9.2593	1.346	0.496
9.3023	1.361	0.467
9.3458	1.366	0.448
9.3897	1.367	0.438
9.434	1.366	0.438
9.4787	1.367	0.446
9.5238	1.372	0.462
9.5694	1.385	0.486
9.6154	1.408	0.514
9.6618	1.445	0.547
9.7087	1.504	0.58
9.7561	1.592	0.6
9.8039	1.708	0.582
9.8522	1.822	0.499
9.901	1.877	0.363
9.9502	1.86	0.236
10	1.807	0.154
10.0503	1.756	0.106
10.101	1.71	0.077
10.1523	1.672	0.058
10.2041	1.639	0.045
10.2564	1.612	0.037
10.3093	1.587	0.03
10.3627	1.565	0.026
10.4167	1.546	0.024
10.4712	1.529	0.02
10.5263	1.512	0.019
10.582	1.497	0.017
10.6383	1.481	0.017
10.6952	1.466	0.017
10.7527	1.452	0.017
10.8108	1.439	0.019
10.8696	1.425	0.02
10.929	1.41	0.022
10.989	1.396	0.025
11.0497	1.381	0.029
11.1111	1.366	0.034
11.1732	1.35	0.043
11.236	1.333	0.053
11.2994	1.318	0.069
11.3636	1.309	0.089
11.4286	1.307	0.106
11.4943	1.307	0.118
11.5607	1.309	0.124
11.6279	1.305	0.121
11.6959	1.287	0.116
11.7647	1.258	0.123
11.8343	1.23	0.139
11.9048	1.196	0.156
11.976	1.142	0.186
12.0482	1.075	0.258
12.1212	1.041	0.391
12.1951	1.078	0.532
12.2699	1.143	0.65
12.3457	1.241	0.79
12.4224	1.442	0.923
12.5	1.744	0.93
12.5786	2.005	0.745
12.6582	2.095	0.475
12.7389	2.043	0.264
12.8205	1.951	0.146
12.9032	1.866	0.088
12.987	1.799	0.06
13.0719	1.748	0.048
13.1579	1.71	0.044
13.245	1.685	0.043
13.3333	1.666	0.038
13.4228	1.646	0.033
13.5135	1.629	0.03
13.6054	1.612	0.028
13.6986	1.596	0.027
13.7931	1.579	0.028
13.8889	1.564	0.032
13.986	1.549	0.04
14.0845	1.54	0.058
14.1844	1.546	0.071
14.2857	1.553	0.073
14.3885	1.556	0.071
14.4928	1.558	0.072
14.5985	1.562	0.07
14.7059	1.565	0.063
14.8148	1.562	0.057
14.9254	1.558	0.057
15.0376	1.562	0.059
15.1515	1.572	0.05
15.2672	1.568	0.032
15.3846	1.554	0.025
15.5039	1.545	0.025
15.625	1.538	0.025
15.748	1.535	0.028
15.873	1.535	0.026
16	1.53	0.024
16.129	1.527	0.023
16.2602	1.523	0.022
16.3934	1.52	0.022
16.5289	1.517	0.021
16.6667	1.514	0.02
16.8067	1.51	0.019
16.9492	1.508	0.019
17.094	1.504	0.018
17.2414	1.501	0.018
17.3913	1.498	0.018
17.5439	1.495	0.019
17.6991	1.492	0.019
17.8571	1.489	0.019
18.018	1.486	0.02
18.1818	1.485	0.021
18.3486	1.482	0.021
18.5185	1.48	0.022
18.6916	1.478	0.022
18.8679	1.476	0.023
19.0476	1.473	0.024
19.2308	1.471	0.025
19.4175	1.47	0.026
19.6078	1.468	0.026
19.802	1.466	0.028
20	1.465	0.028
20.202	1.464	0.028
20.4082	1.464	0.028
20.6186	1.462	0.025
20.8333	1.46	0.023
21.0526	1.455	0.021
21.2766	1.45	0.02
21.5054	1.444	0.019
21.7391	1.437	0.019
21.978	1.431	0.019
22.2222	1.423	0.019
22.4719	1.411	0.02
22.7273	1.4	0.024
22.9885	1.387	0.027
23.2558	1.37	0.034
23.5294	1.348	0.048
23.8095	1.323	0.073
24.0964	1.307	0.116
24.3902	1.311	0.169
24.6914	1.336	0.219
25	1.379	0.257
25.3165	1.433	0.275
25.641	1.485	0.273
25.974	1.53	0.258
26.3158	1.567	0.231
26.6667	1.589	0.198
27.027	1.597	0.164
27.3973	1.596	0.136
27.7778	1.59	0.116
28.169	1.582	0.101
28.5714	1.576	0.091
28.9855	1.566	0.084
29.4118	1.563	0.082
29.8507	1.56	0.073
30.303	1.555	0.069
30.7692	1.55	0.067
31.25	1.546	0.065
31.746	1.543	0.064
32.2581	1.54	0.063
32.7869	1.537	0.065
33.3333	1.536	0.066
33.8983	1.536	0.067
34.4828	1.536	0.069
35.0877	1.539	0.07
35.7143	1.544	0.071
36.3636	1.549	0.067
37.037	1.551	0.063
37.7358	1.55	0.06
38.4615	1.554	0.056
39.2157	1.555	0.051
40	1.555	0.046
40.8163	1.553	0.04
41.6667	1.551	0.035
42.5532	1.546	0.031
43.4783	1.542	0.03
44.4444	1.539	0.029
45.4545	1.535	0.028
46.5116	1.532	0.03
47.619	1.532	0.032
48.7805	1.531	0.031
50	1.529	0.033
51.2821	1.53	0.034
52.6316	1.53	0.035
54.0541	1.531	0.036
55.5556	1.533	0.034
