   1.6750000e-01   1.6330000e+00   0.0000000e+00
   1.7220000e-01   1.6160000e+00   0.0000000e+00
   1.7710000e-01   1.6000000e+00   0.0000000e+00
   1.8370000e-01   1.5820000e+00   0.0000000e+00
   1.9070000e-01   1.5670000e+00   0.0000000e+00
   1.9840000e-01   1.5540000e+00   0.0000000e+00
   2.0660000e-01   1.5430000e+00   0.0000000e+00
   2.1386000e-01   1.5342900e+00   0.0000000e+00
   2.1444000e-01   1.5337100e+00   0.0000000e+00
   2.2675000e-01   1.5227600e+00   0.0000000e+00
   2.3021000e-01   1.5200900e+00   0.0000000e+00
   2.3783000e-01   1.5147400e+00   0.0000000e+00
   2.3994000e-01   1.5133800e+00   0.0000000e+00
   2.4827000e-01   1.5084100e+00   0.0000000e+00
   2.6520000e-01   1.5000400e+00   0.0000000e+00
   2.6989000e-01   1.4980500e+00   0.0000000e+00
   2.7528000e-01   1.4959200e+00   0.0000000e+00
   2.8035000e-01   1.4940400e+00   0.0000000e+00
   2.8936000e-01   1.4909900e+00   0.0000000e+00
   2.9673000e-01   1.4887300e+00   0.0000000e+00
   3.0215000e-01   1.4871900e+00   0.0000000e+00
   3.3026000e-01   1.4805300e+00   0.0000000e+00
   3.3415000e-01   1.4797600e+00   0.0000000e+00
   3.4036000e-01   1.4785800e+00   0.0000000e+00
   3.4662000e-01   1.4774600e+00   0.0000000e+00
   3.6105000e-01   1.4751200e+00   0.0000000e+00
   3.6502000e-01   1.4745300e+00   0.0000000e+00
   4.0466000e-01   1.4696100e+00   0.0000000e+00
   4.3583000e-01   1.4666900e+00   0.0000000e+00
   4.6782000e-01   1.4642900e+00   0.0000000e+00
   4.8613000e-01   1.4631300e+00   0.0000000e+00
   5.0858000e-01   1.4618700e+00   0.0000000e+00
   5.4607000e-01   1.4600800e+00   0.0000000e+00
   5.7696000e-01   1.4588500e+00   0.0000000e+00
   5.7907000e-01   1.4587700e+00   0.0000000e+00
   5.8756000e-01   1.4584700e+00   0.0000000e+00
   5.8926000e-01   1.4584100e+00   0.0000000e+00
   6.4385000e-01   1.4567100e+00   0.0000000e+00
   6.5627000e-01   1.4563700e+00   0.0000000e+00
   6.6782000e-01   1.4560800e+00   0.0000000e+00
   7.0652000e-01   1.4551500e+00   0.0000000e+00
   8.5211000e-01   1.4524800e+00   0.0000000e+00
   8.9435000e-01   1.4518500e+00   0.0000000e+00
   1.0139800e+00   1.4502500e+00   0.0000000e+00
   1.0829700e+00   1.4494100e+00   0.0000000e+00
   1.1286600e+00   1.4488800e+00   0.0000000e+00
   1.3622000e+00   1.4462100e+00   0.0000000e+00
   1.3950600e+00   1.4458400e+00   0.0000000e+00
   1.4695000e+00   1.4449700e+00   0.0000000e+00
   1.5295200e+00   1.4442700e+00   0.0000000e+00
   1.6606000e+00   1.4426700e+00   0.0000000e+00
   1.6810000e+00   1.4424100e+00   0.0000000e+00
   1.6932000e+00   1.4422600e+00   0.0000000e+00
   1.7091300e+00   1.4420500e+00   0.0000000e+00
   1.8130700e+00   1.4406900e+00   0.0000000e+00
   1.9700900e+00   1.4385100e+00   0.0000000e+00
   2.0581000e+00   1.4372200e+00   0.0000000e+00
   2.1526000e+00   1.4357600e+00   0.0000000e+00
   2.3254200e+00   1.4329200e+00   0.0000000e+00
   2.4374000e+00   1.4309500e+00   0.0000000e+00
   3.2439000e+00   1.4131400e+00   0.0000000e+00
   3.2668000e+00   1.4125300e+00   0.0000000e+00
   3.3026000e+00   1.4115500e+00   0.0000000e+00
   3.4220000e+00   1.4081900e+00   0.0000000e+00
   3.5070000e+00   1.4056800e+00   0.0000000e+00
   3.5564000e+00   1.4041800e+00   0.0000000e+00
   3.7067000e+00   1.3993600e+00   0.0000000e+00
   5.0000000e+00   1.3970000e+00   3.0000000e-03
   6.0000000e+00   1.3230000e+00   5.0000000e-03
   7.0000000e+00   1.1520000e+00   8.0000000e-03
   8.0000000e+00   9.3900000e-01   2.8000000e-02
   8.2000000e+00   8.2200000e-01   6.1000000e-02
   8.4000000e+00   6.2400000e-01   2.1600000e-01
   8.5000000e+00   6.1300000e-01   3.5400000e-01
   8.7000000e+00   6.8400000e-01   5.4300000e-01
   9.0000000e+00   7.3600000e-01   7.5900000e-01
   9.2000000e+00   8.1200000e-01   9.3800000e-01
   9.4000000e+00   9.7100000e-01   1.1230000e+00
   9.5000000e+00   1.0850000e+00   1.1870000e+00
   9.6000000e+00   1.2090000e+00   1.2320000e+00
   9.8000000e+00   1.4790000e+00   1.2400000e+00
   1.0000000e+01   1.7070000e+00   1.1230000e+00
   1.0500000e+01   1.9560000e+00   8.0900000e-01
   1.1000000e+01   1.9940000e+00   4.8500000e-01
   1.1500000e+01   1.8640000e+00   2.8600000e-01
   1.2000000e+01   1.7330000e+00   2.2200000e-01
   1.2500000e+01   1.6120000e+00   2.4400000e-01
   1.3000000e+01   1.6060000e+00   3.0600000e-01
   1.3500000e+01   1.6150000e+00   3.0400000e-01
   1.4000000e+01   1.6150000e+00   2.8000000e-01
   1.4500000e+01   1.5580000e+00   2.6900000e-01
   1.5000000e+01   1.5540000e+00   2.9900000e-01
   1.5500000e+01   1.5460000e+00   2.8800000e-01
   1.6000000e+01   1.5110000e+00   2.7800000e-01
   1.6500000e+01   1.4680000e+00   2.8800000e-01
   1.7000000e+01   1.4330000e+00   3.0900000e-01
   1.7500000e+01   1.4010000e+00   3.2200000e-01
   1.8000000e+01   1.3280000e+00   3.2900000e-01
   1.8500000e+01   1.2160000e+00   3.8200000e-01
   1.9000000e+01   1.1080000e+00   5.2100000e-01
   1.9500000e+01   1.0690000e+00   7.6000000e-01
   2.0000000e+01   1.1770000e+00   9.6600000e-01
   2.1000000e+01   1.5190000e+00   1.2230000e+00
   2.2000000e+01   1.9310000e+00   1.2160000e+00
   2.3000000e+01   2.1960000e+00   9.8800000e-01
   2.4000000e+01   2.2630000e+00   7.4600000e-01
   2.5000000e+01   2.2230000e+00   5.8200000e-01
   2.7000000e+01   2.1390000e+00   4.6200000e-01
   3.0000000e+01   2.0350000e+00   3.8100000e-01
   3.5000000e+01   1.9600000e+00   4.2100000e-01
   4.0000000e+01   1.9690000e+00   4.8700000e-01
   4.5000000e+01   2.0330000e+00   5.3800000e-01
   5.0000000e+01   2.0990000e+00   5.4500000e-01
   6.0000000e+01   2.1990000e+00   5.3600000e-01
   7.0000000e+01   2.2740000e+00   5.1500000e-01
   8.0000000e+01   2.3330000e+00   4.9300000e-01
   9.0000000e+01   2.3840000e+00   4.7000000e-01
   1.0000000e+02   2.4260000e+00   4.4500000e-01
   1.5000000e+02   2.5470000e+00   3.2600000e-01
   2.0000000e+02   2.5920000e+00   2.4200000e-01
   3.0000000e+02   2.6080000e+00   1.5200000e-01
