   2.5000000e-01   1.5174620e+00   2.6000000e-04
   2.5500000e-01   1.5152280e+00   2.4000000e-04
   2.6000000e-01   1.5131360e+00   2.2200000e-04
   2.6500000e-01   1.5111730e+00   2.0600000e-04
   2.7000000e-01   1.5093290e+00   1.9100000e-04
   2.7500000e-01   1.5075950e+00   1.7900000e-04
   2.8000000e-01   1.5059610e+00   1.6700000e-04
   2.8500000e-01   1.5044210e+00   1.5700000e-04
   2.9000000e-01   1.5029660e+00   1.4800000e-04
   2.9500000e-01   1.5015900e+00   1.3900000e-04
   3.0000000e-01   1.5002880e+00   1.3200000e-04
   3.0500000e-01   1.4990550e+00   1.2500000e-04
   3.1000000e-01   1.4978850e+00   1.1800000e-04
   3.1500000e-01   1.4967740e+00   1.1200000e-04
   3.2000000e-01   1.4957190e+00   1.0700000e-04
   3.2500000e-01   1.4947150e+00   1.0200000e-04
   3.3000000e-01   1.4937590e+00   0.0000000e+00
   3.3500000e-01   1.4928490e+00   0.0000000e+00
   3.4000000e-01   1.4919810e+00   0.0000000e+00
   3.4500000e-01   1.4911520e+00   0.0000000e+00
   3.5000000e-01   1.4903610e+00   0.0000000e+00
   3.5500000e-01   1.4896050e+00   0.0000000e+00
   3.6000000e-01   1.4888820e+00   0.0000000e+00
   3.6500000e-01   1.4881890e+00   0.0000000e+00
   3.7000000e-01   1.4875270e+00   0.0000000e+00
   3.7500000e-01   1.4868910e+00   0.0000000e+00
   3.8000000e-01   1.4862820e+00   0.0000000e+00
   3.8500000e-01   1.4856980e+00   0.0000000e+00
   3.9000000e-01   1.4851370e+00   0.0000000e+00
   3.9500000e-01   1.4845980e+00   0.0000000e+00
   4.0000000e-01   1.4840800e+00   0.0000000e+00
   4.0500000e-01   1.4835820e+00   0.0000000e+00
   4.1000000e-01   1.4831020e+00   0.0000000e+00
   4.1500000e-01   1.4826410e+00   0.0000000e+00
   4.2000000e-01   1.4821970e+00   0.0000000e+00
   4.2500000e-01   1.4817680e+00   0.0000000e+00
   4.3000000e-01   1.4813560e+00   0.0000000e+00
   4.3500000e-01   1.4809580e+00   0.0000000e+00
   4.4000000e-01   1.4805730e+00   0.0000000e+00
   4.4500000e-01   1.4802030e+00   0.0000000e+00
   4.5000000e-01   1.4798440e+00   0.0000000e+00
   4.5500000e-01   1.4794980e+00   0.0000000e+00
   4.6000000e-01   1.4791640e+00   0.0000000e+00
   4.6500000e-01   1.4788410e+00   0.0000000e+00
   4.7000000e-01   1.4785280e+00   0.0000000e+00
   4.7500000e-01   1.4782250e+00   0.0000000e+00
   4.8000000e-01   1.4779320e+00   0.0000000e+00
   4.8500000e-01   1.4776490e+00   0.0000000e+00
   4.9000000e-01   1.4773740e+00   0.0000000e+00
   4.9500000e-01   1.4771070e+00   0.0000000e+00
   5.0000000e-01   1.4768490e+00   0.0000000e+00
   5.0500000e-01   1.4765990e+00   0.0000000e+00
   5.1000000e-01   1.4763560e+00   0.0000000e+00
   5.1500000e-01   1.4761210e+00   0.0000000e+00
   5.2000000e-01   1.4758920e+00   0.0000000e+00
   5.2500000e-01   1.4756700e+00   0.0000000e+00
   5.3000000e-01   1.4754550e+00   0.0000000e+00
   5.3500000e-01   1.4752450e+00   0.0000000e+00
   5.4000000e-01   1.4750420e+00   0.0000000e+00
   5.4500000e-01   1.4748440e+00   0.0000000e+00
   5.5000000e-01   1.4746520e+00   0.0000000e+00
   5.5500000e-01   1.4744640e+00   0.0000000e+00
   5.6000000e-01   1.4742830e+00   0.0000000e+00
   5.6500000e-01   1.4741060e+00   0.0000000e+00
   5.7000000e-01   1.4739330e+00   0.0000000e+00
   5.7500000e-01   1.4737660e+00   0.0000000e+00
   5.8000000e-01   1.4736020e+00   0.0000000e+00
   5.8500000e-01   1.4734430e+00   0.0000000e+00
   5.9000000e-01   1.4732880e+00   0.0000000e+00
   5.9500000e-01   1.4731370e+00   0.0000000e+00
   6.0000000e-01   1.4729900e+00   0.0000000e+00
   6.0500000e-01   1.4728470e+00   0.0000000e+00
   6.1000000e-01   1.4727070e+00   0.0000000e+00
   6.1500000e-01   1.4725700e+00   0.0000000e+00
   6.2000000e-01   1.4724370e+00   0.0000000e+00
   6.2500000e-01   1.4723070e+00   0.0000000e+00
   6.3000000e-01   1.4721810e+00   0.0000000e+00
   6.3500000e-01   1.4720570e+00   0.0000000e+00
   6.4000000e-01   1.4719360e+00   0.0000000e+00
   6.4500000e-01   1.4718180e+00   0.0000000e+00
   6.5000000e-01   1.4717030e+00   0.0000000e+00
   6.5500000e-01   1.4715910e+00   0.0000000e+00
   6.6000000e-01   1.4714810e+00   0.0000000e+00
   6.6500000e-01   1.4713730e+00   0.0000000e+00
   6.7000000e-01   1.4712680e+00   0.0000000e+00
   6.7500000e-01   1.4711660e+00   0.0000000e+00
   6.8000000e-01   1.4710650e+00   0.0000000e+00
   6.8500000e-01   1.4709670e+00   0.0000000e+00
   6.9000000e-01   1.4708710e+00   0.0000000e+00
   6.9500000e-01   1.4707780e+00   0.0000000e+00
   7.0000000e-01   1.4706860e+00   0.0000000e+00
   7.0500000e-01   1.4705960e+00   0.0000000e+00
   7.1000000e-01   1.4705080e+00   0.0000000e+00
   7.1500000e-01   1.4704220e+00   0.0000000e+00
   7.2000000e-01   1.4703380e+00   0.0000000e+00
   7.2500000e-01   1.4702550e+00   0.0000000e+00
   7.3000000e-01   1.4701740e+00   0.0000000e+00
   7.3500000e-01   1.4700950e+00   0.0000000e+00
   7.4000000e-01   1.4700180e+00   0.0000000e+00
   7.4500000e-01   1.4699420e+00   0.0000000e+00
   7.5000000e-01   1.4698670e+00   0.0000000e+00
   7.5500000e-01   1.4697940e+00   0.0000000e+00
   7.6000000e-01   1.4697230e+00   0.0000000e+00
   7.6500000e-01   1.4696530e+00   0.0000000e+00
   7.7000000e-01   1.4695840e+00   0.0000000e+00
   7.7500000e-01   1.4695170e+00   0.0000000e+00
   7.8000000e-01   1.4694510e+00   0.0000000e+00
   7.8500000e-01   1.4693860e+00   0.0000000e+00
   7.9000000e-01   1.4693230e+00   0.0000000e+00
   7.9500000e-01   1.4692600e+00   0.0000000e+00
   8.0000000e-01   1.4691990e+00   0.0000000e+00
   8.0500000e-01   1.4691390e+00   0.0000000e+00
   8.1000000e-01   1.4690800e+00   0.0000000e+00
   8.1500000e-01   1.4690230e+00   0.0000000e+00
   8.2000000e-01   1.4689660e+00   0.0000000e+00
   8.2500000e-01   1.4689100e+00   0.0000000e+00
   8.3000000e-01   1.4688550e+00   0.0000000e+00
   8.3500000e-01   1.4688020e+00   0.0000000e+00
   8.4000000e-01   1.4687490e+00   0.0000000e+00
   8.4500000e-01   1.4686970e+00   0.0000000e+00
   8.5000000e-01   1.4686460e+00   0.0000000e+00
   8.5500000e-01   1.4685970e+00   0.0000000e+00
   8.6000000e-01   1.4685470e+00   0.0000000e+00
   8.6500000e-01   1.4684990e+00   0.0000000e+00
   8.7000000e-01   1.4684520e+00   0.0000000e+00
   8.7500000e-01   1.4684050e+00   0.0000000e+00
   8.8000000e-01   1.4683600e+00   0.0000000e+00
   8.8500000e-01   1.4683150e+00   0.0000000e+00
   8.9000000e-01   1.4682700e+00   0.0000000e+00
   8.9500000e-01   1.4682270e+00   0.0000000e+00
   9.0000000e-01   1.4681840e+00   0.0000000e+00
   9.0500000e-01   1.4681420e+00   0.0000000e+00
   9.1000000e-01   1.4681010e+00   0.0000000e+00
   9.1500000e-01   1.4680600e+00   0.0000000e+00
   9.2000000e-01   1.4680200e+00   0.0000000e+00
   9.2500000e-01   1.4679810e+00   0.0000000e+00
   9.3000000e-01   1.4679420e+00   0.0000000e+00
   9.3500000e-01   1.4679040e+00   0.0000000e+00
   9.4000000e-01   1.4678660e+00   0.0000000e+00
   9.4500000e-01   1.4678300e+00   0.0000000e+00
   9.5000000e-01   1.4677930e+00   0.0000000e+00
   9.5500000e-01   1.4677580e+00   0.0000000e+00
   9.6000000e-01   1.4677220e+00   0.0000000e+00
   9.6500000e-01   1.4676880e+00   0.0000000e+00
   9.7000000e-01   1.4676540e+00   0.0000000e+00
   9.7500000e-01   1.4676200e+00   0.0000000e+00
   9.8000000e-01   1.4675870e+00   0.0000000e+00
   9.8500000e-01   1.4675550e+00   0.0000000e+00
   9.9000000e-01   1.4675230e+00   0.0000000e+00
   9.9500000e-01   1.4674910e+00   0.0000000e+00
   1.0000000e+00   1.4674600e+00   0.0000000e+00
   1.0050000e+00   1.4674290e+00   0.0000000e+00
   1.0100000e+00   1.4673990e+00   0.0000000e+00
   1.0150000e+00   1.4673690e+00   0.0000000e+00
   1.0200000e+00   1.4673400e+00   0.0000000e+00
   1.0250000e+00   1.4673110e+00   0.0000000e+00
   1.0300000e+00   1.4672830e+00   0.0000000e+00
   1.0350000e+00   1.4672550e+00   0.0000000e+00
   1.0400000e+00   1.4672270e+00   0.0000000e+00
   1.0450000e+00   1.4672000e+00   0.0000000e+00
   1.0500000e+00   1.4671730e+00   0.0000000e+00
   1.0550000e+00   1.4671470e+00   0.0000000e+00
   1.0600000e+00   1.4671210e+00   0.0000000e+00
   1.0650000e+00   1.4670950e+00   0.0000000e+00
   1.0700000e+00   1.4670700e+00   0.0000000e+00
   1.0750000e+00   1.4670450e+00   0.0000000e+00
   1.0800000e+00   1.4670200e+00   0.0000000e+00
   1.0850000e+00   1.4669960e+00   0.0000000e+00
   1.0900000e+00   1.4669720e+00   0.0000000e+00
   1.0950000e+00   1.4669490e+00   0.0000000e+00
   1.1000000e+00   1.4669250e+00   0.0000000e+00
   1.1050000e+00   1.4669020e+00   0.0000000e+00
   1.1100000e+00   1.4668800e+00   0.0000000e+00
   1.1150000e+00   1.4668570e+00   0.0000000e+00
   1.1200000e+00   1.4668350e+00   0.0000000e+00
   1.1250000e+00   1.4668130e+00   0.0000000e+00
   1.1300000e+00   1.4667920e+00   0.0000000e+00
   1.1350000e+00   1.4667710e+00   0.0000000e+00
   1.1400000e+00   1.4667500e+00   0.0000000e+00
   1.1450000e+00   1.4667290e+00   0.0000000e+00
   1.1500000e+00   1.4667090e+00   0.0000000e+00
   1.1550000e+00   1.4666890e+00   0.0000000e+00
   1.1600000e+00   1.4666690e+00   0.0000000e+00
   1.1650000e+00   1.4666490e+00   0.0000000e+00
   1.1700000e+00   1.4666300e+00   0.0000000e+00
   1.1750000e+00   1.4666110e+00   0.0000000e+00
   1.1800000e+00   1.4665920e+00   0.0000000e+00
   1.1850000e+00   1.4665740e+00   0.0000000e+00
   1.1900000e+00   1.4665550e+00   0.0000000e+00
   1.1950000e+00   1.4665370e+00   0.0000000e+00
   1.2000000e+00   1.4665190e+00   0.0000000e+00
   1.2050000e+00   1.4665020e+00   0.0000000e+00
   1.2100000e+00   1.4664840e+00   0.0000000e+00
   1.2150000e+00   1.4664670e+00   0.0000000e+00
   1.2200000e+00   1.4664500e+00   0.0000000e+00
   1.2250000e+00   1.4664330e+00   0.0000000e+00
   1.2300000e+00   1.4664160e+00   0.0000000e+00
   1.2350000e+00   1.4664000e+00   0.0000000e+00
   1.2400000e+00   1.4663840e+00   0.0000000e+00
   1.2450000e+00   1.4663680e+00   0.0000000e+00
   1.2500000e+00   1.4663520e+00   0.0000000e+00
   1.2550000e+00   1.4663360e+00   0.0000000e+00
   1.2600000e+00   1.4663210e+00   0.0000000e+00
   1.2650000e+00   1.4663060e+00   0.0000000e+00
   1.2700000e+00   1.4662900e+00   0.0000000e+00
   1.2750000e+00   1.4662760e+00   0.0000000e+00
   1.2800000e+00   1.4662610e+00   0.0000000e+00
   1.2850000e+00   1.4662460e+00   0.0000000e+00
   1.2900000e+00   1.4662320e+00   0.0000000e+00
   1.2950000e+00   1.4662180e+00   0.0000000e+00
   1.3000000e+00   1.4662040e+00   0.0000000e+00
   1.3050000e+00   1.4661900e+00   0.0000000e+00
   1.3100000e+00   1.4661760e+00   0.0000000e+00
   1.3150000e+00   1.4661620e+00   0.0000000e+00
   1.3200000e+00   1.4661490e+00   0.0000000e+00
   1.3250000e+00   1.4661360e+00   0.0000000e+00
   1.3300000e+00   1.4661230e+00   0.0000000e+00
   1.3350000e+00   1.4661100e+00   0.0000000e+00
   1.3400000e+00   1.4660970e+00   0.0000000e+00
   1.3450000e+00   1.4660840e+00   0.0000000e+00
   1.3500000e+00   1.4660710e+00   0.0000000e+00
   1.3550000e+00   1.4660590e+00   0.0000000e+00
   1.3600000e+00   1.4660470e+00   0.0000000e+00
   1.3650000e+00   1.4660350e+00   0.0000000e+00
   1.3700000e+00   1.4660230e+00   0.0000000e+00
   1.3750000e+00   1.4660110e+00   0.0000000e+00
   1.3800000e+00   1.4659990e+00   0.0000000e+00
   1.3850000e+00   1.4659870e+00   0.0000000e+00
   1.3900000e+00   1.4659760e+00   0.0000000e+00
   1.3950000e+00   1.4659650e+00   0.0000000e+00
   1.4000000e+00   1.4659530e+00   0.0000000e+00
   1.4050000e+00   1.4659420e+00   0.0000000e+00
   1.4100000e+00   1.4659310e+00   0.0000000e+00
   1.4150000e+00   1.4659200e+00   0.0000000e+00
   1.4200000e+00   1.4659100e+00   0.0000000e+00
   1.4250000e+00   1.4658990e+00   0.0000000e+00
   1.4300000e+00   1.4658880e+00   0.0000000e+00
   1.4350000e+00   1.4658780e+00   0.0000000e+00
   1.4400000e+00   1.4658680e+00   0.0000000e+00
   1.4450000e+00   1.4658570e+00   0.0000000e+00
   1.4500000e+00   1.4658470e+00   0.0000000e+00
   1.4550000e+00   1.4658370e+00   0.0000000e+00
   1.4600000e+00   1.4658270e+00   0.0000000e+00
   1.4650000e+00   1.4658180e+00   0.0000000e+00
   1.4700000e+00   1.4658080e+00   0.0000000e+00
   1.4750000e+00   1.4657980e+00   0.0000000e+00
   1.4800000e+00   1.4657890e+00   0.0000000e+00
   1.4850000e+00   1.4657790e+00   0.0000000e+00
   1.4900000e+00   1.4657700e+00   0.0000000e+00
   1.4950000e+00   1.4657610e+00   0.0000000e+00
   1.5000000e+00   1.4657520e+00   0.0000000e+00
   1.5050000e+00   1.4657430e+00   0.0000000e+00
   1.5100000e+00   1.4657340e+00   0.0000000e+00
   1.5150000e+00   1.4657250e+00   0.0000000e+00
   1.5200000e+00   1.4657160e+00   0.0000000e+00
   1.5250000e+00   1.4657070e+00   0.0000000e+00
   1.5300000e+00   1.4656990e+00   0.0000000e+00
   1.5350000e+00   1.4656900e+00   0.0000000e+00
   1.5400000e+00   1.4656820e+00   0.0000000e+00
   1.5450000e+00   1.4656730e+00   0.0000000e+00
   1.5500000e+00   1.4656650e+00   0.0000000e+00
   1.5550000e+00   1.4656570e+00   0.0000000e+00
   1.5600000e+00   1.4656490e+00   0.0000000e+00
   1.5650000e+00   1.4656410e+00   0.0000000e+00
   1.5700000e+00   1.4656330e+00   0.0000000e+00
   1.5750000e+00   1.4656250e+00   0.0000000e+00
   1.5800000e+00   1.4656170e+00   0.0000000e+00
   1.5850000e+00   1.4656090e+00   0.0000000e+00
   1.5900000e+00   1.4656020e+00   0.0000000e+00
   1.5950000e+00   1.4655940e+00   0.0000000e+00
   1.6000000e+00   1.4655870e+00   0.0000000e+00
   1.6050000e+00   1.4655790e+00   0.0000000e+00
   1.6100000e+00   1.4655720e+00   0.0000000e+00
   1.6150000e+00   1.4655640e+00   0.0000000e+00
   1.6200000e+00   1.4655570e+00   0.0000000e+00
   1.6250000e+00   1.4655500e+00   0.0000000e+00
   1.6300000e+00   1.4655430e+00   0.0000000e+00
   1.6350000e+00   1.4655360e+00   0.0000000e+00
   1.6400000e+00   1.4655290e+00   0.0000000e+00
   1.6450000e+00   1.4655220e+00   0.0000000e+00
   1.6500000e+00   1.4655150e+00   0.0000000e+00
   1.6550000e+00   1.4655080e+00   0.0000000e+00
   1.6600000e+00   1.4655020e+00   0.0000000e+00
   1.6650000e+00   1.4654950e+00   0.0000000e+00
   1.6700000e+00   1.4654880e+00   0.0000000e+00
   1.6750000e+00   1.4654820e+00   0.0000000e+00
   1.6800000e+00   1.4654750e+00   0.0000000e+00
   1.6850000e+00   1.4654690e+00   0.0000000e+00
   1.6900000e+00   1.4654620e+00   0.0000000e+00
   1.6950000e+00   1.4654560e+00   0.0000000e+00
   1.7000000e+00   1.4654500e+00   0.0000000e+00
   1.7050000e+00   1.4654440e+00   0.0000000e+00
   1.7100000e+00   1.4654380e+00   0.0000000e+00
   1.7150000e+00   1.4654310e+00   0.0000000e+00
   1.7200000e+00   1.4654250e+00   0.0000000e+00
   1.7250000e+00   1.4654190e+00   0.0000000e+00
   1.7300000e+00   1.4654130e+00   0.0000000e+00
   1.7350000e+00   1.4654080e+00   0.0000000e+00
   1.7400000e+00   1.4654020e+00   0.0000000e+00
   1.7450000e+00   1.4653960e+00   0.0000000e+00
   1.7500000e+00   1.4653900e+00   0.0000000e+00
   1.7550000e+00   1.4653850e+00   0.0000000e+00
   1.7600000e+00   1.4653790e+00   0.0000000e+00
   1.7650000e+00   1.4653730e+00   0.0000000e+00
   1.7700000e+00   1.4653680e+00   0.0000000e+00
   1.7750000e+00   1.4653620e+00   0.0000000e+00
   1.7800000e+00   1.4653570e+00   0.0000000e+00
   1.7850000e+00   1.4653510e+00   0.0000000e+00
   1.7900000e+00   1.4653460e+00   0.0000000e+00
   1.7950000e+00   1.4653410e+00   0.0000000e+00
   1.8000000e+00   1.4653350e+00   0.0000000e+00
   1.8050000e+00   1.4653300e+00   0.0000000e+00
   1.8100000e+00   1.4653250e+00   0.0000000e+00
   1.8150000e+00   1.4653200e+00   0.0000000e+00
   1.8200000e+00   1.4653150e+00   0.0000000e+00
   1.8250000e+00   1.4653100e+00   0.0000000e+00
   1.8300000e+00   1.4653050e+00   0.0000000e+00
   1.8350000e+00   1.4653000e+00   0.0000000e+00
   1.8400000e+00   1.4652950e+00   0.0000000e+00
   1.8450000e+00   1.4652900e+00   0.0000000e+00
   1.8500000e+00   1.4652850e+00   0.0000000e+00
   1.8550000e+00   1.4652800e+00   0.0000000e+00
   1.8600000e+00   1.4652750e+00   0.0000000e+00
   1.8650000e+00   1.4652710e+00   0.0000000e+00
   1.8700000e+00   1.4652660e+00   0.0000000e+00
   1.8750000e+00   1.4652610e+00   0.0000000e+00
   1.8800000e+00   1.4652570e+00   0.0000000e+00
   1.8850000e+00   1.4652520e+00   0.0000000e+00
   1.8900000e+00   1.4652480e+00   0.0000000e+00
   1.8950000e+00   1.4652430e+00   0.0000000e+00
   1.9000000e+00   1.4652390e+00   0.0000000e+00
   1.9050000e+00   1.4652340e+00   0.0000000e+00
   1.9100000e+00   1.4652300e+00   0.0000000e+00
   1.9150000e+00   1.4652250e+00   0.0000000e+00
   1.9200000e+00   1.4652210e+00   0.0000000e+00
   1.9250000e+00   1.4652170e+00   0.0000000e+00
   1.9300000e+00   1.4652120e+00   0.0000000e+00
   1.9350000e+00   1.4652080e+00   0.0000000e+00
   1.9400000e+00   1.4652040e+00   0.0000000e+00
   1.9450000e+00   1.4652000e+00   0.0000000e+00
   1.9500000e+00   1.4651960e+00   0.0000000e+00
   1.9550000e+00   1.4651920e+00   0.0000000e+00
   1.9600000e+00   1.4651870e+00   0.0000000e+00
   1.9650000e+00   1.4651830e+00   0.0000000e+00
   1.9700000e+00   1.4651790e+00   0.0000000e+00
   1.9750000e+00   1.4651750e+00   0.0000000e+00
   1.9800000e+00   1.4651710e+00   0.0000000e+00
   1.9850000e+00   1.4651670e+00   0.0000000e+00
   1.9900000e+00   1.4651640e+00   0.0000000e+00
   1.9950000e+00   1.4651600e+00   0.0000000e+00
   2.0000000e+00   1.4651560e+00   0.0000000e+00
   2.0050000e+00   1.4651520e+00   0.0000000e+00
   2.0100000e+00   1.4651480e+00   0.0000000e+00
   2.0150000e+00   1.4651450e+00   0.0000000e+00
   2.0200000e+00   1.4651410e+00   0.0000000e+00
   2.0250000e+00   1.4651370e+00   0.0000000e+00
   2.0300000e+00   1.4651330e+00   0.0000000e+00
   2.0350000e+00   1.4651300e+00   0.0000000e+00
   2.0400000e+00   1.4651260e+00   0.0000000e+00
   2.0450000e+00   1.4651230e+00   0.0000000e+00
   2.0500000e+00   1.4651190e+00   0.0000000e+00
   2.0550000e+00   1.4651150e+00   0.0000000e+00
   2.0600000e+00   1.4651120e+00   0.0000000e+00
   2.0650000e+00   1.4651080e+00   0.0000000e+00
   2.0700000e+00   1.4651050e+00   0.0000000e+00
   2.0750000e+00   1.4651020e+00   0.0000000e+00
   2.0800000e+00   1.4650980e+00   0.0000000e+00
   2.0850000e+00   1.4650950e+00   0.0000000e+00
   2.0900000e+00   1.4650910e+00   0.0000000e+00
   2.0950000e+00   1.4650880e+00   0.0000000e+00
   2.1000000e+00   1.4650850e+00   0.0000000e+00
   2.1050000e+00   1.4650810e+00   0.0000000e+00
   2.1100000e+00   1.4650780e+00   0.0000000e+00
   2.1150000e+00   1.4650750e+00   0.0000000e+00
   2.1200000e+00   1.4650720e+00   0.0000000e+00
   2.1250000e+00   1.4650690e+00   0.0000000e+00
   2.1300000e+00   1.4650650e+00   0.0000000e+00
   2.1350000e+00   1.4650620e+00   0.0000000e+00
   2.1400000e+00   1.4650590e+00   0.0000000e+00
   2.1450000e+00   1.4650560e+00   0.0000000e+00
   2.1500000e+00   1.4650530e+00   0.0000000e+00
   2.1550000e+00   1.4650500e+00   0.0000000e+00
   2.1600000e+00   1.4650470e+00   0.0000000e+00
   2.1650000e+00   1.4650440e+00   0.0000000e+00
   2.1700000e+00   1.4650410e+00   0.0000000e+00
   2.1750000e+00   1.4650380e+00   0.0000000e+00
   2.1800000e+00   1.4650350e+00   0.0000000e+00
   2.1850000e+00   1.4650320e+00   0.0000000e+00
   2.1900000e+00   1.4650290e+00   0.0000000e+00
   2.1950000e+00   1.4650260e+00   0.0000000e+00
   2.2000000e+00   1.4650230e+00   0.0000000e+00
   2.2050000e+00   1.4650200e+00   0.0000000e+00
   2.2100000e+00   1.4650170e+00   0.0000000e+00
   2.2150000e+00   1.4650150e+00   0.0000000e+00
   2.2200000e+00   1.4650120e+00   0.0000000e+00
   2.2250000e+00   1.4650090e+00   0.0000000e+00
   2.2300000e+00   1.4650060e+00   0.0000000e+00
   2.2350000e+00   1.4650030e+00   0.0000000e+00
   2.2400000e+00   1.4650010e+00   0.0000000e+00
   2.2450000e+00   1.4649980e+00   0.0000000e+00
   2.2500000e+00   1.4649950e+00   0.0000000e+00
   2.2550000e+00   1.4649930e+00   0.0000000e+00
   2.2600000e+00   1.4649900e+00   0.0000000e+00
   2.2650000e+00   1.4649870e+00   0.0000000e+00
   2.2700000e+00   1.4649850e+00   0.0000000e+00
   2.2750000e+00   1.4649820e+00   0.0000000e+00
   2.2800000e+00   1.4649800e+00   0.0000000e+00
   2.2850000e+00   1.4649770e+00   0.0000000e+00
   2.2900000e+00   1.4649740e+00   0.0000000e+00
   2.2950000e+00   1.4649720e+00   0.0000000e+00
   2.3000000e+00   1.4649690e+00   0.0000000e+00
   2.3050000e+00   1.4649670e+00   0.0000000e+00
   2.3100000e+00   1.4649640e+00   0.0000000e+00
   2.3150000e+00   1.4649620e+00   0.0000000e+00
   2.3200000e+00   1.4649590e+00   0.0000000e+00
   2.3250000e+00   1.4649570e+00   0.0000000e+00
   2.3300000e+00   1.4649550e+00   0.0000000e+00
   2.3350000e+00   1.4649520e+00   0.0000000e+00
   2.3400000e+00   1.4649500e+00   0.0000000e+00
   2.3450000e+00   1.4649470e+00   0.0000000e+00
   2.3500000e+00   1.4649450e+00   0.0000000e+00
   2.3550000e+00   1.4649430e+00   0.0000000e+00
   2.3600000e+00   1.4649400e+00   0.0000000e+00
   2.3650000e+00   1.4649380e+00   0.0000000e+00
   2.3700000e+00   1.4649360e+00   0.0000000e+00
   2.3750000e+00   1.4649330e+00   0.0000000e+00
   2.3800000e+00   1.4649310e+00   0.0000000e+00
   2.3850000e+00   1.4649290e+00   0.0000000e+00
   2.3900000e+00   1.4649270e+00   0.0000000e+00
   2.3950000e+00   1.4649240e+00   0.0000000e+00
   2.4000000e+00   1.4649220e+00   0.0000000e+00
   2.4050000e+00   1.4649200e+00   0.0000000e+00
   2.4100000e+00   1.4649180e+00   0.0000000e+00
   2.4150000e+00   1.4649160e+00   0.0000000e+00
   2.4200000e+00   1.4649130e+00   0.0000000e+00
   2.4250000e+00   1.4649110e+00   0.0000000e+00
   2.4300000e+00   1.4649090e+00   0.0000000e+00
   2.4350000e+00   1.4649070e+00   0.0000000e+00
   2.4400000e+00   1.4649050e+00   0.0000000e+00
   2.4450000e+00   1.4649030e+00   0.0000000e+00
   2.4500000e+00   1.4649010e+00   0.0000000e+00
   2.4550000e+00   1.4648990e+00   0.0000000e+00
   2.4600000e+00   1.4648970e+00   0.0000000e+00
   2.4650000e+00   1.4648950e+00   0.0000000e+00
   2.4700000e+00   1.4648920e+00   0.0000000e+00
   2.4750000e+00   1.4648900e+00   0.0000000e+00
   2.4800000e+00   1.4648880e+00   0.0000000e+00
   2.4850000e+00   1.4648860e+00   0.0000000e+00
   2.4900000e+00   1.4648840e+00   0.0000000e+00
   2.4950000e+00   1.4648820e+00   0.0000000e+00
   2.5000000e+00   1.4648810e+00   8.0000000e-05
   2.5025000e+00   1.4302500e+00   8.0000000e-05
   2.5050100e+00   1.4302100e+00   8.0000000e-05
   2.5075200e+00   1.4301700e+00   8.0000000e-05
   2.5100400e+00   1.4301200e+00   8.0000000e-05
   2.5125600e+00   1.4300800e+00   8.0000000e-05
   2.5150900e+00   1.4300300e+00   8.0000000e-05
   2.5176200e+00   1.4299900e+00   8.0000000e-05
   2.5201600e+00   1.4299500e+00   8.0000000e-05
   2.5227000e+00   1.4299000e+00   8.0000000e-05
   2.5252500e+00   1.4298600e+00   8.0000000e-05
   2.5278100e+00   1.4298100e+00   8.0000000e-05
   2.5303600e+00   1.4297700e+00   8.0000000e-05
   2.5329300e+00   1.4297200e+00   8.0000000e-05
   2.5355000e+00   1.4296800e+00   8.0000000e-05
   2.5380700e+00   1.4296300e+00   8.0000000e-05
   2.5406500e+00   1.4295800e+00   8.0000000e-05
   2.5432300e+00   1.4295400e+00   8.0000000e-05
   2.5458200e+00   1.4294900e+00   8.0000000e-05
   2.5484200e+00   1.4294500e+00   8.0000000e-05
   2.5510200e+00   1.4294000e+00   8.0000000e-05
   2.5536300e+00   1.4293500e+00   8.0000000e-05
   2.5562400e+00   1.4293100e+00   8.0000000e-05
   2.5588500e+00   1.4292600e+00   8.0000000e-05
   2.5614800e+00   1.4292100e+00   8.0000000e-05
   2.5641000e+00   1.4291700e+00   8.0000000e-05
   2.5667400e+00   1.4291200e+00   8.0000000e-05
   2.5693700e+00   1.4290700e+00   8.0000000e-05
   2.5720200e+00   1.4290200e+00   8.0000000e-05
   2.5746700e+00   1.4289800e+00   8.0000000e-05
   2.5773200e+00   1.4289300e+00   8.0000000e-05
   2.5799800e+00   1.4288800e+00   8.0000000e-05
   2.5826400e+00   1.4288300e+00   9.0000000e-05
   2.5853200e+00   1.4287800e+00   9.0000000e-05
   2.5879900e+00   1.4287300e+00   9.0000000e-05
   2.5906700e+00   1.4286900e+00   9.0000000e-05
   2.5933600e+00   1.4286400e+00   9.0000000e-05
   2.5960500e+00   1.4285900e+00   9.0000000e-05
   2.5987500e+00   1.4285400e+00   9.0000000e-05
   2.6014600e+00   1.4284900e+00   9.0000000e-05
   2.6041700e+00   1.4284400e+00   9.0000000e-05
   2.6068800e+00   1.4283900e+00   9.0000000e-05
   2.6096000e+00   1.4283400e+00   9.0000000e-05
   2.6123300e+00   1.4282900e+00   9.0000000e-05
   2.6150600e+00   1.4282400e+00   9.0000000e-05
   2.6178000e+00   1.4281900e+00   9.0000000e-05
   2.6205500e+00   1.4281400e+00   9.0000000e-05
   2.6232900e+00   1.4280900e+00   9.0000000e-05
   2.6260500e+00   1.4280400e+00   9.0000000e-05
   2.6288100e+00   1.4279900e+00   9.0000000e-05
   2.6315800e+00   1.4279300e+00   9.0000000e-05
   2.6343500e+00   1.4278800e+00   9.0000000e-05
   2.6371300e+00   1.4278300e+00   9.0000000e-05
   2.6399200e+00   1.4277800e+00   9.0000000e-05
   2.6427100e+00   1.4277300e+00   9.0000000e-05
   2.6455000e+00   1.4276700e+00   9.0000000e-05
   2.6483100e+00   1.4276200e+00   9.0000000e-05
   2.6511100e+00   1.4275700e+00   9.0000000e-05
   2.6539300e+00   1.4275200e+00   9.0000000e-05
   2.6567500e+00   1.4274600e+00   9.0000000e-05
   2.6595700e+00   1.4274100e+00   9.0000000e-05
   2.6624100e+00   1.4273600e+00   9.0000000e-05
   2.6652500e+00   1.4273000e+00   9.0000000e-05
   2.6680900e+00   1.4272500e+00   9.0000000e-05
   2.6709400e+00   1.4272000e+00   9.0000000e-05
   2.6738000e+00   1.4271400e+00   9.0000000e-05
   2.6766600e+00   1.4270900e+00   1.0000000e-04
   2.6795300e+00   1.4270300e+00   1.0000000e-04
   2.6824000e+00   1.4269800e+00   1.0000000e-04
   2.6852800e+00   1.4269200e+00   1.0000000e-04
   2.6881700e+00   1.4268700e+00   1.0000000e-04
   2.6910700e+00   1.4268100e+00   1.0000000e-04
   2.6939700e+00   1.4267600e+00   1.0000000e-04
   2.6968700e+00   1.4267000e+00   1.0000000e-04
   2.6997800e+00   1.4266500e+00   1.0000000e-04
   2.7027000e+00   1.4265900e+00   1.0000000e-04
   2.7056300e+00   1.4265300e+00   1.0000000e-04
   2.7085600e+00   1.4264800e+00   1.0000000e-04
   2.7115000e+00   1.4264200e+00   1.0000000e-04
   2.7144400e+00   1.4263600e+00   1.0000000e-04
   2.7173900e+00   1.4263100e+00   1.0000000e-04
   2.7203500e+00   1.4262500e+00   1.0000000e-04
   2.7233100e+00   1.4261900e+00   1.0000000e-04
   2.7262800e+00   1.4261400e+00   1.0000000e-04
   2.7292600e+00   1.4260800e+00   1.0000000e-04
   2.7322400e+00   1.4260200e+00   1.0000000e-04
   2.7352300e+00   1.4259600e+00   1.0000000e-04
   2.7382300e+00   1.4259000e+00   1.0000000e-04
   2.7412300e+00   1.4258400e+00   1.0000000e-04
   2.7442400e+00   1.4257800e+00   1.0000000e-04
   2.7472500e+00   1.4257300e+00   1.0000000e-04
   2.7502800e+00   1.4256700e+00   1.0000000e-04
   2.7533000e+00   1.4256100e+00   1.0000000e-04
   2.7563400e+00   1.4255500e+00   1.0000000e-04
   2.7593800e+00   1.4254900e+00   1.0000000e-04
   2.7624300e+00   1.4254300e+00   1.0000000e-04
   2.7654900e+00   1.4253700e+00   1.1000000e-04
   2.7685500e+00   1.4253000e+00   1.1000000e-04
   2.7716200e+00   1.4252400e+00   1.1000000e-04
   2.7746900e+00   1.4251800e+00   1.1000000e-04
   2.7777800e+00   1.4251200e+00   1.1000000e-04
   2.7808700e+00   1.4250600e+00   1.1000000e-04
   2.7839600e+00   1.4250000e+00   1.1000000e-04
   2.7870700e+00   1.4249400e+00   1.1000000e-04
   2.7901800e+00   1.4248700e+00   1.1000000e-04
   2.7933000e+00   1.4248100e+00   1.1000000e-04
   2.7964200e+00   1.4247500e+00   1.1000000e-04
   2.7995500e+00   1.4246800e+00   1.1000000e-04
   2.8026900e+00   1.4246200e+00   1.1000000e-04
   2.8058400e+00   1.4245600e+00   1.1000000e-04
   2.8089900e+00   1.4244900e+00   1.1000000e-04
   2.8121500e+00   1.4244300e+00   1.1000000e-04
   2.8153200e+00   1.4243700e+00   1.1000000e-04
   2.8184900e+00   1.4243000e+00   1.1000000e-04
   2.8216700e+00   1.4242400e+00   1.1000000e-04
   2.8248600e+00   1.4241700e+00   1.1000000e-04
   2.8280500e+00   1.4241100e+00   1.1000000e-04
   2.8312600e+00   1.4240400e+00   1.1000000e-04
   2.8344700e+00   1.4239800e+00   1.1000000e-04
   2.8376800e+00   1.4239100e+00   1.1000000e-04
   2.8409100e+00   1.4238400e+00   1.1000000e-04
   2.8441400e+00   1.4237800e+00   1.2000000e-04
   2.8473800e+00   1.4237100e+00   1.2000000e-04
   2.8506300e+00   1.4236400e+00   1.2000000e-04
   2.8538800e+00   1.4235800e+00   1.2000000e-04
   2.8571400e+00   1.4235100e+00   1.2000000e-04
   2.8604100e+00   1.4234400e+00   1.2000000e-04
   2.8636900e+00   1.4233700e+00   1.2000000e-04
   2.8669700e+00   1.4233000e+00   1.2000000e-04
   2.8702600e+00   1.4232400e+00   1.2000000e-04
   2.8735600e+00   1.4231700e+00   1.2000000e-04
   2.8768700e+00   1.4231000e+00   1.2000000e-04
   2.8801800e+00   1.4230300e+00   1.2000000e-04
   2.8835100e+00   1.4229600e+00   1.2000000e-04
   2.8868400e+00   1.4228900e+00   1.2000000e-04
   2.8901700e+00   1.4228200e+00   1.2000000e-04
   2.8935200e+00   1.4227500e+00   1.2000000e-04
   2.8968700e+00   1.4226800e+00   1.2000000e-04
   2.9002300e+00   1.4226100e+00   1.2000000e-04
   2.9036000e+00   1.4225400e+00   1.2000000e-04
   2.9069800e+00   1.4224600e+00   1.2000000e-04
   2.9103600e+00   1.4223900e+00   1.2000000e-04
   2.9137500e+00   1.4223200e+00   1.2000000e-04
   2.9171500e+00   1.4222500e+00   1.2000000e-04
   2.9205600e+00   1.4221800e+00   1.3000000e-04
   2.9239800e+00   1.4221000e+00   1.3000000e-04
   2.9274000e+00   1.4220300e+00   1.3000000e-04
   2.9308300e+00   1.4219600e+00   1.3000000e-04
   2.9342700e+00   1.4218800e+00   1.3000000e-04
   2.9377200e+00   1.4218100e+00   1.3000000e-04
   2.9411800e+00   1.4217300e+00   1.3000000e-04
   2.9446400e+00   1.4216600e+00   1.3000000e-04
   2.9481100e+00   1.4215800e+00   1.3000000e-04
   2.9515900e+00   1.4215100e+00   1.3000000e-04
   2.9550800e+00   1.4214300e+00   1.3000000e-04
   2.9585800e+00   1.4213600e+00   1.3000000e-04
   2.9620900e+00   1.4212800e+00   1.3000000e-04
   2.9656000e+00   1.4212000e+00   1.3000000e-04
   2.9691200e+00   1.4211300e+00   1.3000000e-04
   2.9726500e+00   1.4210500e+00   1.3000000e-04
   2.9761900e+00   1.4209700e+00   1.3000000e-04
   2.9797400e+00   1.4208900e+00   1.3000000e-04
   2.9832900e+00   1.4208200e+00   1.3000000e-04
   2.9868600e+00   1.4207400e+00   1.3000000e-04
   2.9904300e+00   1.4206600e+00   1.3000000e-04
   2.9940100e+00   1.4205800e+00   1.4000000e-04
   2.9976000e+00   1.4205000e+00   1.4000000e-04
   3.0012000e+00   1.4204200e+00   1.4000000e-04
   3.0048100e+00   1.4203400e+00   1.4000000e-04
   3.0084200e+00   1.4202600e+00   1.4000000e-04
   3.0120500e+00   1.4201800e+00   1.4000000e-04
   3.0156800e+00   1.4201000e+00   1.4000000e-04
   3.0193200e+00   1.4200200e+00   1.4000000e-04
   3.0229700e+00   1.4199400e+00   1.4000000e-04
   3.0266300e+00   1.4198500e+00   1.4000000e-04
   3.0303000e+00   1.4197700e+00   1.4000000e-04
   3.0339800e+00   1.4196900e+00   1.4000000e-04
   3.0376700e+00   1.4196100e+00   1.4000000e-04
   3.0413600e+00   1.4195200e+00   1.4000000e-04
   3.0450700e+00   1.4194400e+00   1.4000000e-04
   3.0487800e+00   1.4193500e+00   1.4000000e-04
   3.0525000e+00   1.4192700e+00   1.4000000e-04
   3.0562300e+00   1.4191800e+00   1.4000000e-04
   3.0599800e+00   1.4191000e+00   1.4000000e-04
   3.0637300e+00   1.4190100e+00   1.5000000e-04
   3.0674800e+00   1.4189300e+00   1.5000000e-04
   3.0712500e+00   1.4188400e+00   1.5000000e-04
   3.0750300e+00   1.4187500e+00   1.5000000e-04
   3.0788200e+00   1.4186700e+00   1.5000000e-04
   3.0826100e+00   1.4185800e+00   1.5000000e-04
   3.0864200e+00   1.4184900e+00   1.5000000e-04
   3.0902300e+00   1.4184000e+00   1.5000000e-04
   3.0940600e+00   1.4183200e+00   1.5000000e-04
   3.0978900e+00   1.4182300e+00   1.5000000e-04
   3.1017400e+00   1.4181400e+00   1.5000000e-04
   3.1055900e+00   1.4180500e+00   1.5000000e-04
   3.1094500e+00   1.4179600e+00   1.5000000e-04
   3.1133300e+00   1.4178700e+00   1.5000000e-04
   3.1172100e+00   1.4177800e+00   1.5000000e-04
   3.1211000e+00   1.4176900e+00   1.5000000e-04
   3.1250000e+00   1.4175900e+00   1.5000000e-04
   3.1289100e+00   1.4175000e+00   1.6000000e-04
   3.1328300e+00   1.4174100e+00   1.6000000e-04
   3.1367600e+00   1.4173200e+00   1.6000000e-04
   3.1407000e+00   1.4172200e+00   1.6000000e-04
   3.1446500e+00   1.4171300e+00   1.6000000e-04
   3.1486100e+00   1.4170400e+00   1.6000000e-04
   3.1525900e+00   1.4169400e+00   1.6000000e-04
   3.1565700e+00   1.4168500e+00   1.6000000e-04
   3.1605600e+00   1.4167500e+00   1.6000000e-04
   3.1645600e+00   1.4166600e+00   1.6000000e-04
   3.1685700e+00   1.4165600e+00   1.6000000e-04
   3.1725900e+00   1.4164600e+00   1.6000000e-04
   3.1766200e+00   1.4163700e+00   1.6000000e-04
   3.1806600e+00   1.4162700e+00   1.6000000e-04
   3.1847100e+00   1.4161700e+00   1.6000000e-04
   3.1887800e+00   1.4160700e+00   1.7000000e-04
   3.1928500e+00   1.4159800e+00   1.7000000e-04
   3.1969300e+00   1.4158800e+00   1.7000000e-04
   3.2010200e+00   1.4157800e+00   1.7000000e-04
   3.2051300e+00   1.4156800e+00   1.7000000e-04
   3.2092400e+00   1.4155800e+00   1.7000000e-04
   3.2133700e+00   1.4154800e+00   1.7000000e-04
   3.2175000e+00   1.4153700e+00   1.7000000e-04
   3.2216500e+00   1.4152700e+00   1.7000000e-04
   3.2258100e+00   1.4151700e+00   1.7000000e-04
   3.2299700e+00   1.4150700e+00   1.7000000e-04
   3.2341500e+00   1.4149600e+00   1.7000000e-04
   3.2383400e+00   1.4148600e+00   1.7000000e-04
   3.2425400e+00   1.4147600e+00   1.7000000e-04
   3.2467500e+00   1.4146500e+00   1.8000000e-04
   3.2509800e+00   1.4145500e+00   1.8000000e-04
   3.2552100e+00   1.4144400e+00   1.8000000e-04
   3.2594500e+00   1.4143400e+00   1.8000000e-04
   3.2637100e+00   1.4142300e+00   1.8000000e-04
   3.2679700e+00   1.4141200e+00   1.8000000e-04
   3.2722500e+00   1.4140100e+00   1.8000000e-04
   3.2765400e+00   1.4139100e+00   1.8000000e-04
   3.2808400e+00   1.4138000e+00   1.8000000e-04
   3.2851500e+00   1.4136900e+00   1.8000000e-04
   3.2894700e+00   1.4135800e+00   1.8000000e-04
   3.2938100e+00   1.4134700e+00   1.8000000e-04
   3.2981500e+00   1.4133600e+00   1.8000000e-04
   3.3025100e+00   1.4132500e+00   1.8000000e-04
   3.3068800e+00   1.4131400e+00   1.9000000e-04
   3.3112600e+00   1.4130200e+00   1.9000000e-04
   3.3156500e+00   1.4129100e+00   1.9000000e-04
   3.3200500e+00   1.4128000e+00   1.9000000e-04
   3.3244700e+00   1.4126900e+00   1.9000000e-04
   3.3288900e+00   1.4125700e+00   1.9000000e-04
   3.3333300e+00   1.4124600e+00   1.9000000e-04
   3.3377800e+00   1.4123400e+00   1.9000000e-04
   3.3422500e+00   1.4122300e+00   1.9000000e-04
   3.3467200e+00   1.4121100e+00   1.9000000e-04
   3.3512100e+00   1.4119900e+00   1.9000000e-04
   3.3557000e+00   1.4118700e+00   1.9000000e-04
   3.3602200e+00   1.4117600e+00   2.0000000e-04
   3.3647400e+00   1.4116400e+00   2.0000000e-04
   3.3692700e+00   1.4115200e+00   2.0000000e-04
   3.3738200e+00   1.4114000e+00   2.0000000e-04
   3.3783800e+00   1.4112800e+00   2.0000000e-04
   3.3829500e+00   1.4111600e+00   2.0000000e-04
   3.3875300e+00   1.4110400e+00   2.0000000e-04
   3.3921300e+00   1.4109200e+00   2.0000000e-04
   3.3967400e+00   1.4107900e+00   2.0000000e-04
   3.4013600e+00   1.4106700e+00   2.0000000e-04
   3.4059900e+00   1.4105500e+00   2.0000000e-04
   3.4106400e+00   1.4104200e+00   2.1000000e-04
   3.4153000e+00   1.4103000e+00   2.1000000e-04
   3.4199700e+00   1.4101700e+00   2.1000000e-04
   3.4246600e+00   1.4100400e+00   2.1000000e-04
   3.4293600e+00   1.4099200e+00   2.1000000e-04
   3.4340700e+00   1.4097900e+00   2.1000000e-04
   3.4387900e+00   1.4096600e+00   2.1000000e-04
   3.4435300e+00   1.4095300e+00   2.1000000e-04
   3.4482800e+00   1.4094000e+00   2.1000000e-04
   3.4530400e+00   1.4092700e+00   2.1000000e-04
   3.4578100e+00   1.4091400e+00   2.1000000e-04
   3.4626000e+00   1.4090100e+00   2.2000000e-04
   3.4674100e+00   1.4088800e+00   2.2000000e-04
   3.4722200e+00   1.4087500e+00   2.2000000e-04
   3.4770500e+00   1.4086100e+00   2.2000000e-04
   3.4818900e+00   1.4084800e+00   2.2000000e-04
   3.4867500e+00   1.4083500e+00   2.2000000e-04
   3.4916200e+00   1.4082100e+00   2.2000000e-04
   3.4965000e+00   1.4080700e+00   2.2000000e-04
   3.5014000e+00   1.4079400e+00   2.2000000e-04
   3.5063100e+00   1.4078000e+00   2.2000000e-04
   3.5112400e+00   1.4076600e+00   2.3000000e-04
   3.5161700e+00   1.4075200e+00   2.3000000e-04
   3.5211300e+00   1.4073800e+00   2.3000000e-04
   3.5260900e+00   1.4072400e+00   2.3000000e-04
   3.5310700e+00   1.4071000e+00   2.3000000e-04
   3.5360700e+00   1.4069600e+00   2.3000000e-04
   3.5410800e+00   1.4068200e+00   2.3000000e-04
   3.5461000e+00   1.4066800e+00   2.3000000e-04
   3.5511400e+00   1.4065300e+00   2.3000000e-04
   3.5561900e+00   1.4063900e+00   2.3000000e-04
   3.5612500e+00   1.4062400e+00   2.4000000e-04
   3.5663300e+00   1.4061000e+00   2.4000000e-04
   3.5714300e+00   1.4059500e+00   2.4000000e-04
   3.5765400e+00   1.4058000e+00   2.4000000e-04
   3.5816600e+00   1.4056600e+00   2.4000000e-04
   3.5868000e+00   1.4055100e+00   2.4000000e-04
   3.5919500e+00   1.4053600e+00   2.4000000e-04
   3.5971200e+00   1.4052100e+00   2.4000000e-04
   3.6023100e+00   1.4050500e+00   2.4000000e-04
   3.6075000e+00   1.4049000e+00   2.5000000e-04
   3.6127200e+00   1.4047500e+00   2.5000000e-04
   3.6179500e+00   1.4046000e+00   2.5000000e-04
   3.6231900e+00   1.4044400e+00   2.5000000e-04
   3.6284500e+00   1.4042900e+00   2.5000000e-04
   3.6337200e+00   1.4041300e+00   2.5000000e-04
   3.6390100e+00   1.4039700e+00   2.5000000e-04
   3.6443100e+00   1.4038100e+00   2.5000000e-04
   3.6496400e+00   1.4036600e+00   2.6000000e-04
   3.6549700e+00   1.4035000e+00   2.6000000e-04
   3.6603200e+00   1.4033400e+00   2.6000000e-04
   3.6656900e+00   1.4031700e+00   2.6000000e-04
   3.6710700e+00   1.4030100e+00   2.6000000e-04
   3.6764700e+00   1.4028500e+00   2.6000000e-04
   3.6818900e+00   1.4026900e+00   2.6000000e-04
   3.6873200e+00   1.4025200e+00   2.6000000e-04
   3.6927600e+00   1.4023500e+00   2.7000000e-04
   3.6982200e+00   1.4021900e+00   2.7000000e-04
   3.7037000e+00   1.4020200e+00   2.7000000e-04
   3.7092000e+00   1.4018500e+00   2.7000000e-04
   3.7147100e+00   1.4016800e+00   2.7000000e-04
   3.7202400e+00   1.4015100e+00   2.7000000e-04
   3.7257800e+00   1.4013400e+00   2.7000000e-04
   3.7313400e+00   1.4011700e+00   2.7000000e-04
   3.7369200e+00   1.4010000e+00   2.8000000e-04
   3.7425100e+00   1.4008200e+00   2.8000000e-04
   3.7481300e+00   1.4006500e+00   2.8000000e-04
   3.7537500e+00   1.4004700e+00   2.8000000e-04
   3.7594000e+00   1.4002900e+00   2.8000000e-04
   3.7650600e+00   1.4001200e+00   2.8000000e-04
   3.7707400e+00   1.3999400e+00   2.8000000e-04
   3.7764400e+00   1.3997600e+00   2.9000000e-04
   3.7821500e+00   1.3995800e+00   2.9000000e-04
   3.7878800e+00   1.3993900e+00   2.9000000e-04
   3.7936300e+00   1.3992100e+00   2.9000000e-04
   3.7993900e+00   1.3990300e+00   2.9000000e-04
   3.8051800e+00   1.3988400e+00   2.9000000e-04
   3.8109800e+00   1.3986500e+00   2.9000000e-04
   3.8167900e+00   1.3984700e+00   3.0000000e-04
   3.8226300e+00   1.3982800e+00   3.0000000e-04
   3.8284800e+00   1.3980900e+00   3.0000000e-04
   3.8343600e+00   1.3979000e+00   3.0000000e-04
   3.8402500e+00   1.3977100e+00   3.0000000e-04
   3.8461500e+00   1.3975100e+00   3.0000000e-04
   3.8520800e+00   1.3973200e+00   3.1000000e-04
   3.8580200e+00   1.3971300e+00   3.1000000e-04
   3.8639900e+00   1.3969300e+00   3.1000000e-04
   3.8699700e+00   1.3967300e+00   3.1000000e-04
   3.8759700e+00   1.3965300e+00   3.1000000e-04
   3.8819900e+00   1.3963300e+00   3.1000000e-04
   3.8880200e+00   1.3961300e+00   3.1000000e-04
   3.8940800e+00   1.3959300e+00   3.2000000e-04
   3.9001600e+00   1.3957300e+00   3.2000000e-04
   3.9062500e+00   1.3955200e+00   3.2000000e-04
   3.9123600e+00   1.3953200e+00   3.2000000e-04
   3.9185000e+00   1.3951100e+00   3.2000000e-04
   3.9246500e+00   1.3949000e+00   3.2000000e-04
   3.9308200e+00   1.3946900e+00   3.3000000e-04
   3.9370100e+00   1.3944800e+00   3.3000000e-04
   3.9432200e+00   1.3942700e+00   3.3000000e-04
   3.9494500e+00   1.3940600e+00   3.3000000e-04
   3.9557000e+00   1.3938400e+00   3.3000000e-04
   3.9619700e+00   1.3936300e+00   3.4000000e-04
   3.9682500e+00   1.3934100e+00   3.4000000e-04
   3.9745600e+00   1.3931900e+00   3.4000000e-04
   3.9808900e+00   1.3929700e+00   3.4000000e-04
   3.9872400e+00   1.3927500e+00   3.4000000e-04
   3.9936100e+00   1.3925300e+00   3.4000000e-04
   4.0000000e+00   1.3923100e+00   3.5000000e-04
   4.0064100e+00   1.3920800e+00   3.5000000e-04
   4.0128400e+00   1.3918600e+00   3.5000000e-04
   4.0192900e+00   1.3916300e+00   3.5000000e-04
   4.0257600e+00   1.3914000e+00   3.5000000e-04
   4.0322600e+00   1.3911700e+00   3.6000000e-04
   4.0387700e+00   1.3909400e+00   3.6000000e-04
   4.0453100e+00   1.3907000e+00   3.6000000e-04
   4.0518600e+00   1.3904700e+00   3.6000000e-04
   4.0584400e+00   1.3902300e+00   3.6000000e-04
   4.0650400e+00   1.3899900e+00   3.7000000e-04
   4.0716600e+00   1.3897500e+00   3.7000000e-04
   4.0783000e+00   1.3895100e+00   3.7000000e-04
   4.0849700e+00   1.3892700e+00   3.7000000e-04
   4.0916500e+00   1.3890300e+00   3.7000000e-04
   4.0983600e+00   1.3887800e+00   3.8000000e-04
   4.1050900e+00   1.3885300e+00   3.8000000e-04
   4.1118400e+00   1.3882800e+00   3.8000000e-04
   4.1186200e+00   1.3880300e+00   3.8000000e-04
   4.1254100e+00   1.3877800e+00   3.8000000e-04
   4.1322300e+00   1.3875300e+00   3.9000000e-04
   4.1390700e+00   1.3872700e+00   3.9000000e-04
   4.1459400e+00   1.3870200e+00   3.9000000e-04
   4.1528200e+00   1.3867600e+00   3.9000000e-04
   4.1597300e+00   1.3865000e+00   3.9000000e-04
   4.1666700e+00   1.3862300e+00   4.0000000e-04
   4.1736200e+00   1.3859700e+00   4.0000000e-04
   4.1806000e+00   1.3857100e+00   4.0000000e-04
   4.1876000e+00   1.3854400e+00   4.0000000e-04
   4.1946300e+00   1.3851700e+00   4.1000000e-04
   4.2016800e+00   1.3849000e+00   4.1000000e-04
   4.2087500e+00   1.3846300e+00   4.1000000e-04
   4.2158500e+00   1.3843500e+00   4.1000000e-04
   4.2229700e+00   1.3840800e+00   4.2000000e-04
   4.2301200e+00   1.3838000e+00   4.2000000e-04
   4.2372900e+00   1.3835200e+00   4.2000000e-04
   4.2444800e+00   1.3832400e+00   4.2000000e-04
   4.2517000e+00   1.3829500e+00   4.3000000e-04
   4.2589400e+00   1.3826700e+00   4.3000000e-04
   4.2662100e+00   1.3823800e+00   4.3000000e-04
   4.2735000e+00   1.3820900e+00   4.3000000e-04
   4.2808200e+00   1.3818000e+00   4.4000000e-04
   4.2881600e+00   1.3815000e+00   4.4000000e-04
   4.2955300e+00   1.3812100e+00   4.4000000e-04
   4.3029300e+00   1.3809100e+00   4.4000000e-04
   4.3103400e+00   1.3806100e+00   4.5000000e-04
   4.3177900e+00   1.3803100e+00   4.5000000e-04
   4.3252600e+00   1.3800000e+00   4.5000000e-04
   4.3327600e+00   1.3797000e+00   4.5000000e-04
   4.3402800e+00   1.3793900e+00   4.6000000e-04
   4.3478300e+00   1.3790800e+00   4.6000000e-04
   4.3554000e+00   1.3787700e+00   4.6000000e-04
   4.3630000e+00   1.3784500e+00   4.7000000e-04
   4.3706300e+00   1.3781300e+00   4.7000000e-04
   4.3782800e+00   1.3778200e+00   4.7000000e-04
   4.3859600e+00   1.3774900e+00   4.7000000e-04
   4.3936700e+00   1.3771700e+00   4.8000000e-04
   4.4014100e+00   1.3768400e+00   4.8000000e-04
   4.4091700e+00   1.3765100e+00   4.8000000e-04
   4.4169600e+00   1.3761800e+00   4.9000000e-04
   4.4247800e+00   1.3758500e+00   4.9000000e-04
   4.4326200e+00   1.3755100e+00   4.9000000e-04
   4.4405000e+00   1.3751800e+00   4.9000000e-04
   4.4484000e+00   1.3748400e+00   5.0000000e-04
   4.4563300e+00   1.3744900e+00   5.0000000e-04
   4.4642900e+00   1.3741500e+00   5.0000000e-04
   4.4722700e+00   1.3738000e+00   5.1000000e-04
   4.4802900e+00   1.3734500e+00   5.1000000e-04
   4.4883300e+00   1.3730900e+00   5.1000000e-04
   4.4964000e+00   1.3727400e+00   5.2000000e-04
   4.5045000e+00   1.3723800e+00   5.2000000e-04
   4.5126400e+00   1.3720200e+00   5.2000000e-04
   4.5208000e+00   1.3716500e+00   5.3000000e-04
   4.5289900e+00   1.3712900e+00   5.3000000e-04
   4.5372100e+00   1.3709200e+00   5.3000000e-04
   4.5454500e+00   1.3705400e+00   5.4000000e-04
   4.5537300e+00   1.3701700e+00   5.4000000e-04
   4.5620400e+00   1.3697900e+00   5.4000000e-04
   4.5703800e+00   1.3694100e+00   5.5000000e-04
   4.5787500e+00   1.3690200e+00   5.5000000e-04
   4.5871600e+00   1.3686400e+00   5.5000000e-04
   4.5955900e+00   1.3682500e+00   5.6000000e-04
   4.6040500e+00   1.3678500e+00   5.6000000e-04
   4.6125500e+00   1.3674600e+00   5.7000000e-04
   4.6210700e+00   1.3670600e+00   5.7000000e-04
   4.6296300e+00   1.3666500e+00   5.7000000e-04
   4.6382200e+00   1.3662500e+00   5.8000000e-04
   4.6468400e+00   1.3658400e+00   5.8000000e-04
   4.6554900e+00   1.3654300e+00   5.8000000e-04
   4.6641800e+00   1.3650100e+00   5.9000000e-04
   4.6729000e+00   1.3645900e+00   5.9000000e-04
   4.6816500e+00   1.3641700e+00   6.0000000e-04
   4.6904300e+00   1.3637400e+00   6.0000000e-04
   4.6992500e+00   1.3633100e+00   6.0000000e-04
   4.7081000e+00   1.3628800e+00   6.1000000e-04
   4.7169800e+00   1.3624500e+00   6.1000000e-04
   4.7259000e+00   1.3620100e+00   6.2000000e-04
   4.7348500e+00   1.3615600e+00   6.2000000e-04
   4.7438300e+00   1.3611200e+00   6.2000000e-04
   4.7528500e+00   1.3606600e+00   6.3000000e-04
   4.7619000e+00   1.3602100e+00   6.3000000e-04
   4.7709900e+00   1.3597500e+00   6.4000000e-04
   4.7801100e+00   1.3592900e+00   6.4000000e-04
   4.7892700e+00   1.3588200e+00   6.5000000e-04
   4.7984600e+00   1.3583500e+00   6.5000000e-04
   4.8076900e+00   1.3578800e+00   6.6000000e-04
   4.8169600e+00   1.3574000e+00   6.6000000e-04
   4.8262500e+00   1.3569200e+00   6.7000000e-04
   4.8355900e+00   1.3564300e+00   6.7000000e-04
   4.8449600e+00   1.3559400e+00   6.7000000e-04
   4.8543700e+00   1.3554500e+00   6.8000000e-04
   4.8638100e+00   1.3549500e+00   6.8000000e-04
   4.8732900e+00   1.3544500e+00   6.9000000e-04
   4.8828100e+00   1.3539400e+00   6.9000000e-04
   4.8923700e+00   1.3534300e+00   7.0000000e-04
   4.9019600e+00   1.3529100e+00   7.0000000e-04
   4.9115900e+00   1.3523900e+00   7.1000000e-04
   4.9212600e+00   1.3518600e+00   7.1000000e-04
   4.9309700e+00   1.3513300e+00   7.2000000e-04
   4.9407100e+00   1.3508000e+00   7.3000000e-04
   4.9505000e+00   1.3502600e+00   7.3000000e-04
   4.9603200e+00   1.3497100e+00   7.4000000e-04
   4.9701800e+00   1.3491600e+00   7.4000000e-04
   4.9800800e+00   1.3486100e+00   7.5000000e-04
   4.9900200e+00   1.3480500e+00   7.5000000e-04
   5.0000000e+00   1.3474800e+00   7.6000000e-04
   5.0100200e+00   1.3469100e+00   7.6000000e-04
   5.0200800e+00   1.3463300e+00   7.7000000e-04
   5.0301800e+00   1.3457500e+00   7.8000000e-04
   5.0403200e+00   1.3451700e+00   7.8000000e-04
   5.0505100e+00   1.3445700e+00   7.9000000e-04
   5.0607300e+00   1.3439800e+00   7.9000000e-04
   5.0709900e+00   1.3433700e+00   8.0000000e-04
   5.0813000e+00   1.3427600e+00   8.1000000e-04
   5.0916500e+00   1.3421500e+00   8.1000000e-04
   5.1020400e+00   1.3415300e+00   8.2000000e-04
   5.1124700e+00   1.3409000e+00   8.2000000e-04
   5.1229500e+00   1.3402700e+00   8.3000000e-04
   5.1334700e+00   1.3396300e+00   8.4000000e-04
   5.1440300e+00   1.3389900e+00   8.4000000e-04
   5.1546400e+00   1.3383300e+00   8.5000000e-04
   5.1652900e+00   1.3376800e+00   8.6000000e-04
   5.1759800e+00   1.3370100e+00   8.6000000e-04
   5.1867200e+00   1.3363400e+00   8.7000000e-04
   5.1975100e+00   1.3356600e+00   8.8000000e-04
   5.2083300e+00   1.3349800e+00   8.9000000e-04
   5.2192100e+00   1.3342900e+00   8.9000000e-04
   5.2301300e+00   1.3335900e+00   9.0000000e-04
   5.2410900e+00   1.3328800e+00   9.1000000e-04
   5.2521000e+00   1.3321700e+00   9.1000000e-04
   5.2631600e+00   1.3314500e+00   9.2000000e-04
   5.2742600e+00   1.3307200e+00   9.3000000e-04
   5.2854100e+00   1.3299900e+00   9.4000000e-04
   5.2966100e+00   1.3292400e+00   9.5000000e-04
   5.3078600e+00   1.3284900e+00   9.5000000e-04
   5.3191500e+00   1.3277400e+00   9.6000000e-04
   5.3304900e+00   1.3269700e+00   9.7000000e-04
   5.3418800e+00   1.3261900e+00   9.8000000e-04
   5.3533200e+00   1.3254100e+00   9.9000000e-04
   5.3648100e+00   1.3246200e+00   9.9000000e-04
   5.3763400e+00   1.3238200e+00   1.0000000e-03
   5.3879300e+00   1.3230100e+00   1.0100000e-03
   5.3995700e+00   1.3221900e+00   1.0200000e-03
   5.4112600e+00   1.3213700e+00   1.0300000e-03
   5.4229900e+00   1.3205300e+00   1.0400000e-03
   5.4347800e+00   1.3196900e+00   1.0500000e-03
   5.4466200e+00   1.3188300e+00   1.0600000e-03
   5.4585200e+00   1.3179700e+00   1.0700000e-03
   5.4704600e+00   1.3171000e+00   1.0800000e-03
   5.4824600e+00   1.3162100e+00   1.0900000e-03
   5.4945100e+00   1.3153200e+00   1.1000000e-03
   5.5066100e+00   1.3144200e+00   1.1100000e-03
   5.5187600e+00   1.3135000e+00   1.1200000e-03
   5.5309700e+00   1.3125800e+00   1.1300000e-03
   5.5432400e+00   1.3116400e+00   1.1400000e-03
   5.5555600e+00   1.3106900e+00   1.1500000e-03
   5.5679300e+00   1.3097400e+00   1.1600000e-03
   5.5803600e+00   1.3087700e+00   1.1700000e-03
   5.5928400e+00   1.3077900e+00   1.1800000e-03
   5.6053800e+00   1.3067900e+00   1.1900000e-03
   5.6179800e+00   1.3057900e+00   1.2000000e-03
   5.6306300e+00   1.3047700e+00   1.2100000e-03
   5.6433400e+00   1.3037400e+00   1.2200000e-03
   5.6561100e+00   1.3027000e+00   1.2400000e-03
   5.6689300e+00   1.3016500e+00   1.2500000e-03
   5.6818200e+00   1.3005800e+00   1.2600000e-03
   5.6947600e+00   1.2995000e+00   1.2700000e-03
   5.7077600e+00   1.2984000e+00   1.2900000e-03
   5.7208200e+00   1.2973000e+00   1.3000000e-03
   5.7339400e+00   1.2961700e+00   1.3100000e-03
   5.7471300e+00   1.2950400e+00   1.3200000e-03
   5.7603700e+00   1.2938800e+00   1.3400000e-03
   5.7736700e+00   1.2927200e+00   1.3500000e-03
   5.7870400e+00   1.2915400e+00   1.3700000e-03
   5.8004600e+00   1.2903400e+00   1.3800000e-03
   5.8139500e+00   1.2891200e+00   1.3900000e-03
   5.8275100e+00   1.2878900e+00   1.4100000e-03
   5.8411200e+00   1.2866500e+00   1.4200000e-03
   5.8548000e+00   1.2853800e+00   1.4400000e-03
   5.8685400e+00   1.2841000e+00   1.4500000e-03
   5.8823500e+00   1.2828100e+00   1.4700000e-03
   5.8962300e+00   1.2814900e+00   1.4900000e-03
   5.9101700e+00   1.2801600e+00   1.5000000e-03
   5.9241700e+00   1.2788000e+00   1.5200000e-03
   5.9382400e+00   1.2774300e+00   1.5300000e-03
   5.9523800e+00   1.2760400e+00   1.5500000e-03
   5.9665900e+00   1.2746300e+00   1.5700000e-03
   5.9808600e+00   1.2731900e+00   1.5900000e-03
   5.9952000e+00   1.2717400e+00   1.6000000e-03
   6.0096200e+00   1.2702700e+00   1.6200000e-03
   6.0241000e+00   1.2687700e+00   1.6400000e-03
   6.0386500e+00   1.2672500e+00   1.6600000e-03
   6.0532700e+00   1.2657100e+00   1.6800000e-03
   6.0679600e+00   1.2641500e+00   1.7000000e-03
   6.0827300e+00   1.2625600e+00   1.7200000e-03
   6.0975600e+00   1.2609500e+00   1.7400000e-03
   6.1124700e+00   1.2593100e+00   1.7600000e-03
   6.1274500e+00   1.2576400e+00   1.7800000e-03
   6.1425100e+00   1.2559500e+00   1.8100000e-03
   6.1576400e+00   1.2542400e+00   1.8300000e-03
   6.1728400e+00   1.2524900e+00   1.8500000e-03
   6.1881200e+00   1.2507200e+00   1.8700000e-03
   6.2034700e+00   1.2489200e+00   1.9000000e-03
   6.2189100e+00   1.2470900e+00   1.9200000e-03
   6.2344100e+00   1.2452300e+00   1.9500000e-03
   6.2500000e+00   1.2433400e+00   1.9700000e-03
   6.2656600e+00   1.2414100e+00   2.0000000e-03
   6.2814100e+00   1.2394600e+00   2.0300000e-03
   6.2972300e+00   1.2374700e+00   2.0500000e-03
   6.3131300e+00   1.2354400e+00   2.0800000e-03
   6.3291100e+00   1.2333800e+00   2.1100000e-03
   6.3451800e+00   1.2312800e+00   2.1400000e-03
   6.3613200e+00   1.2291500e+00   2.1700000e-03
   6.3775500e+00   1.2269800e+00   2.2000000e-03
   6.3938600e+00   1.2247600e+00   2.2300000e-03
   6.4102600e+00   1.2225100e+00   2.2700000e-03
   6.4267400e+00   1.2202200e+00   2.3000000e-03
   6.4433000e+00   1.2178800e+00   2.3300000e-03
   6.4599500e+00   1.2154900e+00   2.3700000e-03
   6.4766800e+00   1.2130700e+00   2.4100000e-03
   6.4935100e+00   1.2105900e+00   2.4400000e-03
   6.5104200e+00   1.2080700e+00   2.4800000e-03
   6.5274200e+00   1.2054900e+00   2.5200000e-03
   6.5445000e+00   1.2028600e+00   2.5600000e-03
   6.5616800e+00   1.2001900e+00   2.6100000e-03
   6.5789500e+00   1.1974500e+00   2.6500000e-03
   6.5963100e+00   1.1946600e+00   2.6900000e-03
   6.6137600e+00   1.1918100e+00   2.7400000e-03
   6.6313000e+00   1.1889000e+00   2.7900000e-03
   6.6489400e+00   1.1859300e+00   2.8400000e-03
   6.6666700e+00   1.1828900e+00   2.8900000e-03
   6.6844900e+00   1.1797800e+00   2.9500000e-03
   6.7024100e+00   1.1766100e+00   3.0000000e-03
   6.7204300e+00   1.1733600e+00   3.0600000e-03
   6.7385400e+00   1.1700400e+00   3.1200000e-03
   6.7567600e+00   1.1666400e+00   3.1800000e-03
   6.7750700e+00   1.1631600e+00   3.2500000e-03
   6.7934800e+00   1.1596000e+00   3.3100000e-03
   6.8119900e+00   1.1559500e+00   3.3900000e-03
   6.8306000e+00   1.1522100e+00   3.4600000e-03
   6.8493200e+00   1.1483800e+00   3.5400000e-03
   6.8681300e+00   1.1444500e+00   3.6200000e-03
   6.8870500e+00   1.1404200e+00   3.7000000e-03
   6.9060800e+00   1.1362800e+00   3.7900000e-03
   6.9252100e+00   1.1320400e+00   3.8900000e-03
   6.9444400e+00   1.1276700e+00   3.9800000e-03
   6.9637900e+00   1.1231900e+00   4.0900000e-03
   6.9832400e+00   1.1185800e+00   4.2000000e-03
   7.0028000e+00   1.1138400e+00   4.3200000e-03
   7.0224700e+00   1.1089600e+00   4.4400000e-03
   7.0422500e+00   1.1039400e+00   4.5700000e-03
   7.0621500e+00   1.0987700e+00   4.7100000e-03
   7.0821500e+00   1.0934300e+00   4.8600000e-03
   7.1022700e+00   1.0879300e+00   5.0200000e-03
   7.1225100e+00   1.0822500e+00   5.2000000e-03
   7.1428600e+00   1.0763900e+00   5.3800000e-03
   7.1633200e+00   1.0703200e+00   5.5800000e-03
   7.1839100e+00   1.0640600e+00   5.8000000e-03
   7.2046100e+00   1.0575700e+00   6.0300000e-03
   7.2254300e+00   1.0508500e+00   6.2900000e-03
   7.2463800e+00   1.0438800e+00   6.5700000e-03
   7.2674400e+00   1.0366500e+00   6.8800000e-03
   7.2886300e+00   1.0291300e+00   7.2200000e-03
   7.3099400e+00   1.0213200e+00   7.5900000e-03
   7.3313800e+00   1.0131900e+00   8.0000000e-03
   7.3529400e+00   1.0047200e+00   8.4600000e-03
   7.3746300e+00   9.9589000e-01   8.9800000e-03
   7.3964500e+00   9.8666000e-01   9.5600000e-03
   7.4184000e+00   9.7700000e-01   1.0220000e-02
   7.4404800e+00   9.6689000e-01   1.0960000e-02
   7.4626900e+00   9.5629000e-01   1.1810000e-02
   7.4850300e+00   9.4515000e-01   1.2780000e-02
   7.5075100e+00   9.3343000e-01   1.3900000e-02
   7.5301200e+00   9.2108000e-01   1.5200000e-02
   7.5528700e+00   9.0804000e-01   1.6720000e-02
   7.5757600e+00   8.9424000e-01   1.8490000e-02
   7.5987800e+00   8.7963000e-01   2.0580000e-02
   7.6219500e+00   8.6413000e-01   2.3070000e-02
   7.6452600e+00   8.4764000e-01   2.6030000e-02
   7.6687100e+00   8.3010000e-01   2.9590000e-02
   7.6923100e+00   8.1140000e-01   3.3880000e-02
   7.7160500e+00   7.9147000e-01   3.9080000e-02
   7.7399400e+00   7.7021000e-01   4.5430000e-02
   7.7639800e+00   7.4758000e-01   5.3190000e-02
   7.7881600e+00   7.2356000e-01   6.2720000e-02
   7.8125000e+00   6.9819000e-01   7.4430000e-02
   7.8369900e+00   6.7163000e-01   8.8810000e-02
   7.8616400e+00   6.4421000e-01   1.0639000e-01
   7.8864400e+00   6.1646000e-01   1.2770000e-01
   7.9113900e+00   5.8921000e-01   1.5315000e-01
   7.9365100e+00   5.6351000e-01   1.8289000e-01
   7.9617800e+00   5.4054000e-01   2.1658000e-01
   7.9872200e+00   5.2132000e-01   2.5340000e-01
   8.0128200e+00   5.0638000e-01   2.9212000e-01
   8.0385900e+00   4.9564000e-01   3.3153000e-01
   8.0645200e+00   4.8860000e-01   3.7072000e-01
   8.0906100e+00   4.8459000e-01   4.0924000e-01
   8.1168800e+00   4.8309000e-01   4.4699000e-01
   8.1433200e+00   4.8386000e-01   4.8403000e-01
   8.1699300e+00   4.8688000e-01   5.2033000e-01
   8.1967200e+00   4.9223000e-01   5.5563000e-01
   8.2236800e+00   4.9989000e-01   5.8946000e-01
   8.2508300e+00   5.0958000e-01   6.2120000e-01
   8.2781500e+00   5.2066000e-01   6.5024000e-01
   8.3056500e+00   5.3216000e-01   6.7628000e-01
   8.3333300e+00   5.4295000e-01   6.9945000e-01
   8.3612000e+00   5.5206000e-01   7.2038000e-01
   8.3892600e+00   5.5888000e-01   7.4006000e-01
   8.4175100e+00   5.6333000e-01   7.5958000e-01
   8.4459500e+00   5.6586000e-01   7.7980000e-01
   8.4745800e+00   5.6717000e-01   8.0107000e-01
   8.5034000e+00   5.6782000e-01   8.2306000e-01
   8.5324200e+00   5.6761000e-01   8.4504000e-01
   8.5616400e+00   5.6528000e-01   8.6671000e-01
   8.5910700e+00   5.5926000e-01   8.8913000e-01
   8.6206900e+00   5.4901000e-01   9.1466000e-01
   8.6505200e+00   5.3562000e-01   9.4547000e-01
   8.6805600e+00   5.2092000e-01   9.8260000e-01
   8.7108000e+00   5.0643000e-01   1.0261600e+00
   8.7412600e+00   4.9305000e-01   1.0760300e+00
   8.7719300e+00   4.8134000e-01   1.1324200e+00
   8.8028200e+00   4.7204000e-01   1.1959700e+00
   8.8339200e+00   4.6639000e-01   1.2675400e+00
   8.8652500e+00   4.6637000e-01   1.3478400e+00
   8.8968000e+00   4.7462000e-01   1.4370300e+00
   8.9285700e+00   4.9418000e-01   1.5343200e+00
   8.9605700e+00   5.2817000e-01   1.6378000e+00
   8.9928100e+00   5.7931000e-01   1.7442400e+00
   9.0252700e+00   6.4924000e-01   1.8490700e+00
   9.0579700e+00   7.3752000e-01   1.9468400e+00
   9.0909100e+00   8.4093000e-01   2.0326700e+00
   9.1240900e+00   9.5412000e-01   2.1044800e+00
   9.1575100e+00   1.0725000e+00   2.1641900e+00
   9.1911800e+00   1.1955700e+00   2.2157700e+00
   9.2250900e+00   1.3273300e+00   2.2605700e+00
   9.2592600e+00   1.4718800e+00   2.2938700e+00
   9.2936800e+00   1.6271400e+00   2.3073600e+00
   9.3283600e+00   1.7842600e+00   2.2970300e+00
   9.3633000e+00   1.9354400e+00   2.2670600e+00
   9.3985000e+00   2.0808400e+00   2.2235000e+00
   9.4339600e+00   2.2239400e+00   2.1643100e+00
   9.4697000e+00   2.3572500e+00   2.0846000e+00
   9.5057000e+00   2.4737600e+00   1.9947500e+00
   9.5419800e+00   2.5828000e+00   1.8994400e+00
   9.5785400e+00   2.6848800e+00   1.7896500e+00
   9.6153800e+00   2.7689800e+00   1.6650300e+00
   9.6525100e+00   2.8303100e+00   1.5360300e+00
   9.6899200e+00   2.8741300e+00   1.4108900e+00
   9.7276300e+00   2.9074400e+00   1.2896500e+00
   9.7656300e+00   2.9318200e+00   1.1682000e+00
   9.8039200e+00   2.9437900e+00   1.0449400e+00
   9.8425200e+00   2.9398300e+00   9.2326000e-01
   9.8814200e+00   2.9203500e+00   8.0887000e-01
   9.9206300e+00   2.8895100e+00   7.0568000e-01
   9.9601600e+00   2.8522500e+00   6.1411000e-01
   1.0000000e+01   2.8118000e+00   5.3217000e-01
   1.0040160e+01   2.7690400e+00   4.5759000e-01
   1.0080650e+01   2.7235400e+00   3.8927000e-01
   1.0121460e+01   2.6749000e+00   3.2737000e-01
   1.0162600e+01   2.6234800e+00   2.7266000e-01
   1.0204080e+01   2.5704000e+00   2.2569000e-01
   1.0245900e+01   2.5170700e+00   1.8645000e-01
   1.0288070e+01   2.4647900e+00   1.5438000e-01
   1.0330580e+01   2.4145400e+00   1.2857000e-01
   1.0373440e+01   2.3668700e+00   1.0802000e-01
   1.0416670e+01   2.3220600e+00   9.1750000e-02
   1.0460250e+01   2.2801300e+00   7.8930000e-02
   1.0504200e+01   2.2409800e+00   6.8860000e-02
   1.0548520e+01   2.2044200e+00   6.1000000e-02
   1.0593220e+01   2.1702300e+00   5.4920000e-02
   1.0638300e+01   2.1381800e+00   5.0290000e-02
   1.0683760e+01   2.1080500e+00   4.6860000e-02
   1.0729610e+01   2.0796400e+00   4.4460000e-02
   1.0775860e+01   2.0527500e+00   4.2960000e-02
   1.0822510e+01   2.0272400e+00   4.2280000e-02
   1.0869570e+01   2.0029600e+00   4.2360000e-02
   1.0917030e+01   1.9798000e+00   4.3170000e-02
   1.0964910e+01   1.9576900e+00   4.4710000e-02
   1.1013220e+01   1.9365600e+00   4.6960000e-02
   1.1061950e+01   1.9164000e+00   4.9950000e-02
   1.1111110e+01   1.8971900e+00   5.3660000e-02
   1.1160710e+01   1.8789600e+00   5.8090000e-02
   1.1210760e+01   1.8617400e+00   6.3200000e-02
   1.1261260e+01   1.8455600e+00   6.8940000e-02
   1.1312220e+01   1.8304500e+00   7.5250000e-02
   1.1363640e+01   1.8164000e+00   8.2040000e-02
   1.1415530e+01   1.8034100e+00   8.9240000e-02
   1.1467890e+01   1.7914300e+00   9.6780000e-02
   1.1520740e+01   1.7804400e+00   1.0464000e-01
   1.1574070e+01   1.7703900e+00   1.1281000e-01
   1.1627910e+01   1.7613200e+00   1.2133000e-01
   1.1682240e+01   1.7532700e+00   1.3019000e-01
   1.1737090e+01   1.7463600e+00   1.3940000e-01
   1.1792450e+01   1.7407400e+00   1.4885000e-01
   1.1848340e+01   1.7365200e+00   1.5839000e-01
   1.1904760e+01   1.7337800e+00   1.6778000e-01
   1.1961720e+01   1.7324800e+00   1.7672000e-01
   1.2019230e+01   1.7324700e+00   1.8498000e-01
   1.2077290e+01   1.7335200e+00   1.9237000e-01
   1.2135920e+01   1.7353700e+00   1.9887000e-01
   1.2195120e+01   1.7378300e+00   2.0453000e-01
   1.2254900e+01   1.7408200e+00   2.0949000e-01
   1.2315270e+01   1.7443900e+00   2.1381000e-01
   1.2376240e+01   1.7486600e+00   2.1746000e-01
   1.2437810e+01   1.7536700e+00   2.2019000e-01
   1.2500000e+01   1.7593000e+00   2.2171000e-01
   1.2562810e+01   1.7651700e+00   2.2183000e-01
   1.2626260e+01   1.7708500e+00   2.2064000e-01
   1.2690360e+01   1.7761000e+00   2.1842000e-01
   1.2755100e+01   1.7809100e+00   2.1548000e-01
   1.2820510e+01   1.7854300e+00   2.1195000e-01
   1.2886600e+01   1.7897500e+00   2.0780000e-01
   1.2953370e+01   1.7939000e+00   2.0292000e-01
   1.3020830e+01   1.7977400e+00   1.9719000e-01
   1.3089010e+01   1.8010700e+00   1.9056000e-01
   1.3157890e+01   1.8036400e+00   1.8315000e-01
   1.3227510e+01   1.8052800e+00   1.7513000e-01
   1.3297870e+01   1.8059100e+00   1.6676000e-01
   1.3368980e+01   1.8055500e+00   1.5829000e-01
   1.3440860e+01   1.8043300e+00   1.4989000e-01
   1.3513510e+01   1.8023900e+00   1.4169000e-01
   1.3586960e+01   1.7998700e+00   1.3369000e-01
   1.3661200e+01   1.7968500e+00   1.2588000e-01
   1.3736260e+01   1.7933900e+00   1.1821000e-01
   1.3812150e+01   1.7894800e+00   1.1065000e-01
   1.3888890e+01   1.7850700e+00   1.0319000e-01
   1.3966480e+01   1.7801300e+00   9.5860000e-02
   1.4044940e+01   1.7746200e+00   8.8730000e-02
   1.4124290e+01   1.7685400e+00   8.1890000e-02
   1.4204550e+01   1.7619200e+00   7.5440000e-02
   1.4285710e+01   1.7548300e+00   6.9460000e-02
   1.4284000e+01   1.7571000e+00   4.4400000e-02
   1.4411000e+01   1.7308000e+00   4.2900000e-02
   1.4541000e+01   1.7053000e+00   4.3400000e-02
   1.4672000e+01   1.6809000e+00   4.5400000e-02
   1.4807000e+01   1.6574000e+00   4.8700000e-02
   1.4943000e+01   1.6347000e+00   5.3100000e-02
   1.5082000e+01   1.6128000e+00   5.8500000e-02
   1.5224000e+01   1.5915000e+00   6.4600000e-02
   1.5368000e+01   1.5706000e+00   7.1500000e-02
   1.5516000e+01   1.5502000e+00   7.9100000e-02
   1.5666000e+01   1.5301000e+00   8.7400000e-02
   1.5819000e+01   1.5102000e+00   9.6300000e-02
   1.5975000e+01   1.4904000e+00   1.0600000e-01
   1.6134000e+01   1.4706000e+00   1.1600000e-01
   1.6296000e+01   1.4508000e+00   1.2700000e-01
   1.6462000e+01   1.4309000e+00   1.3900000e-01
   1.6631000e+01   1.4108000e+00   1.5100000e-01
   1.6803000e+01   1.3903000e+00   1.6500000e-01
   1.6980000e+01   1.3692000e+00   1.7800000e-01
   1.7159000e+01   1.3474000e+00   1.9300000e-01
   1.7343000e+01   1.3245000e+00   2.0900000e-01
   1.7531000e+01   1.3002000e+00   2.2500000e-01
   1.7723000e+01   1.2740000e+00   2.4300000e-01
   1.7919000e+01   1.2454000e+00   2.6200000e-01
   1.8119000e+01   1.2133000e+00   2.8200000e-01
   1.8324000e+01   1.1767000e+00   3.0500000e-01
   1.8534000e+01   1.1338000e+00   3.3000000e-01
   1.8748000e+01   1.0825000e+00   3.6000000e-01
   1.8968000e+01   1.0193000e+00   3.9800000e-01
   1.9193000e+01   9.3929000e-01   4.4800000e-01
   1.9423000e+01   8.3655000e-01   5.2100000e-01
   1.9658000e+01   7.0859000e-01   6.4200000e-01
   1.9900000e+01   5.7308000e-01   8.4300000e-01
   2.0148000e+01   4.7742000e-01   1.1500000e+00
   2.0401000e+01   4.7899000e-01   1.5500000e+00
   2.0662000e+01   6.4964000e-01   2.0000000e+00
   2.0928000e+01   1.0459000e+00   2.3600000e+00
   2.1202000e+01   1.6270000e+00   2.4700000e+00
   2.1484000e+01   2.2223000e+00   2.2600000e+00
   2.1772000e+01   2.6253000e+00   1.8700000e+00
   2.2069000e+01   2.7727000e+00   1.5100000e+00
   2.2374000e+01   2.7970000e+00   1.2900000e+00
   2.2687000e+01   2.8434000e+00   1.1600000e+00
   2.3010000e+01   2.9235000e+00   1.0200000e+00
   2.3341000e+01   2.9849000e+00   8.4700000e-01
   2.3682000e+01   2.9960000e+00   6.6900000e-01
   2.4034000e+01   2.9553000e+00   5.0900000e-01
   2.4396000e+01   2.8778000e+00   3.8200000e-01
   2.4769000e+01   2.7833000e+00   2.9300000e-01
   2.5153000e+01   2.6892000e+00   2.3700000e-01
   2.5550000e+01   2.6066000e+00   2.0500000e-01
   2.5960000e+01   2.5393000e+00   1.8900000e-01
   2.6383000e+01   2.4867000e+00   1.8000000e-01
   2.6819000e+01   2.4458000e+00   1.7500000e-01
   2.7271000e+01   2.4135000e+00   1.7000000e-01
   2.7738000e+01   2.3873000e+00   1.6500000e-01
   2.8221000e+01   2.3655000e+00   1.6000000e-01
   2.8722000e+01   2.3469000e+00   1.5500000e-01
   2.9240000e+01   2.3307000e+00   1.4900000e-01
   2.9778000e+01   2.3162000e+00   1.4300000e-01
   3.0335000e+01   2.3031000e+00   1.3600000e-01
   3.0914000e+01   2.2912000e+00   1.3000000e-01
   3.1516000e+01   2.2801000e+00   1.2300000e-01
   3.2141000e+01   2.2696000e+00   1.1700000e-01
   3.2792000e+01   2.2597000e+00   1.1000000e-01
   3.3469000e+01   2.2502000e+00   1.0300000e-01
   3.4176000e+01   2.2411000e+00   9.7000000e-02
   3.4912000e+01   2.2323000e+00   9.0800000e-02
   3.5681000e+01   2.2237000e+00   8.4600000e-02
   3.6485000e+01   2.2153000e+00   7.8700000e-02
   3.7326000e+01   2.2071000e+00   7.3000000e-02
   3.8206000e+01   2.1990000e+00   6.7500000e-02
   3.9129000e+01   2.1911000e+00   6.2200000e-02
   4.0098000e+01   2.1834000e+00   5.7200000e-02
   4.1116000e+01   2.1757000e+00   5.2400000e-02
   4.2187000e+01   2.1683000e+00   4.7900000e-02
   4.3315000e+01   2.1610000e+00   4.3700000e-02
   4.4505000e+01   2.1538000e+00   3.9700000e-02
   4.5762000e+01   2.1468000e+00   3.6000000e-02
   4.7093000e+01   2.1400000e+00   3.2500000e-02
   4.8503000e+01   2.1333000e+00   2.9300000e-02
   5.0000000e+01   2.1269000e+00   2.6400000e-02
