   2.4797000e-01   1.8885000e-01   1.4035000e+00
   2.5406000e-01   1.9618000e-01   1.4617000e+00
   2.6030000e-01   2.0410000e-01   1.5216000e+00
   2.6669000e-01   2.1269000e-01   1.5835000e+00
   2.7324000e-01   2.2214000e-01   1.6477000e+00
   2.7995000e-01   2.3275000e-01   1.7146000e+00
   2.8683000e-01   2.4492000e-01   1.7846000e+00
   2.9387000e-01   2.5928000e-01   1.8581000e+00
   3.0109000e-01   2.7664000e-01   1.9353000e+00
   3.0848000e-01   2.9798000e-01   2.0161000e+00
   3.1606000e-01   3.2441000e-01   2.1005000e+00
   3.2382000e-01   3.5707000e-01   2.1878000e+00
   3.3177000e-01   3.9701000e-01   2.2770000e+00
   3.3992000e-01   4.4504000e-01   2.3668000e+00
   3.4827000e-01   5.0164000e-01   2.4557000e+00
   3.5682000e-01   5.6684000e-01   2.5419000e+00
   3.6559000e-01   6.4024000e-01   2.6237000e+00
   3.7457000e-01   7.2099000e-01   2.6994000e+00
   3.8377000e-01   8.0782000e-01   2.7678000e+00
   3.9319000e-01   8.9920000e-01   2.8277000e+00
   4.0285000e-01   9.9337000e-01   2.8785000e+00
   4.1274000e-01   1.0885000e+00   2.9201000e+00
   4.2288000e-01   1.1828000e+00   2.9525000e+00
   4.3326000e-01   1.2745000e+00   2.9764000e+00
   4.4390000e-01   1.3622000e+00   2.9928000e+00
   4.5481000e-01   1.4448000e+00   3.0028000e+00
   4.6598000e-01   1.5213000e+00   3.0078000e+00
   4.7742000e-01   1.5911000e+00   3.0093000e+00
   4.8915000e-01   1.6542000e+00   3.0088000e+00
   5.0116000e-01   1.7105000e+00   3.0077000e+00
   5.1347000e-01   1.7606000e+00   3.0074000e+00
   5.2608000e-01   1.8050000e+00   3.0090000e+00
   5.3900000e-01   1.8445000e+00   3.0134000e+00
   5.5224000e-01   1.8802000e+00   3.0214000e+00
   5.6580000e-01   1.9129000e+00   3.0334000e+00
   5.7970000e-01   1.9438000e+00   3.0495000e+00
   5.9393000e-01   1.9737000e+00   3.0699000e+00
   6.0852000e-01   2.0035000e+00   3.0943000e+00
   6.2346000e-01   2.0339000e+00   3.1224000e+00
   6.3878000e-01   2.0656000e+00   3.1537000e+00
   6.5446000e-01   2.0989000e+00   3.1878000e+00
   6.7054000e-01   2.1343000e+00   3.2241000e+00
   6.8701000e-01   2.1718000e+00   3.2621000e+00
   7.0388000e-01   2.2115000e+00   3.3014000e+00
   7.2117000e-01   2.2535000e+00   3.3414000e+00
   7.3888000e-01   2.2976000e+00   3.3818000e+00
   7.5702000e-01   2.3437000e+00   3.4223000e+00
   7.7562000e-01   2.3915000e+00   3.4625000e+00
   7.9466000e-01   2.4410000e+00   3.5023000e+00
   8.1418000e-01   2.4919000e+00   3.5415000e+00
   8.3418000e-01   2.5439000e+00   3.5800000e+00
   8.5466000e-01   2.5969000e+00   3.6176000e+00
   8.7565000e-01   2.6507000e+00   3.6544000e+00
   8.9716000e-01   2.7050000e+00   3.6903000e+00
   9.1919000e-01   2.7597000e+00   3.7253000e+00
   9.4177000e-01   2.8146000e+00   3.7595000e+00
   9.6490000e-01   2.8696000e+00   3.7929000e+00
   9.8860000e-01   2.9245000e+00   3.8256000e+00
   1.0129000e+00   2.9792000e+00   3.8576000e+00
   1.0378000e+00   3.0336000e+00   3.8890000e+00
   1.0632000e+00   3.0876000e+00   3.9198000e+00
   1.0894000e+00   3.1412000e+00   3.9502000e+00
   1.1161000e+00   3.1942000e+00   3.9803000e+00
   1.1435000e+00   3.2465000e+00   4.0100000e+00
   1.1716000e+00   3.2982000e+00   4.0396000e+00
   1.2004000e+00   3.3491000e+00   4.0691000e+00
   1.2299000e+00   3.3993000e+00   4.0985000e+00
   1.2601000e+00   3.4486000e+00   4.1280000e+00
   1.2910000e+00   3.4970000e+00   4.1576000e+00
   1.3227000e+00   3.5445000e+00   4.1874000e+00
   1.3552000e+00   3.5911000e+00   4.2176000e+00
   1.3885000e+00   3.6367000e+00   4.2481000e+00
   1.4226000e+00   3.6813000e+00   4.2791000e+00
   1.4575000e+00   3.7248000e+00   4.3106000e+00
   1.4933000e+00   3.7673000e+00   4.3428000e+00
   1.5300000e+00   3.8088000e+00   4.3756000e+00
   1.5676000e+00   3.8491000e+00   4.4092000e+00
   1.6061000e+00   3.8883000e+00   4.4437000e+00
   1.6455000e+00   3.9263000e+00   4.4792000e+00
   1.6859000e+00   3.9632000e+00   4.5157000e+00
   1.7273000e+00   3.9988000e+00   4.5533000e+00
   1.7698000e+00   4.0333000e+00   4.5922000e+00
   1.8132000e+00   4.0665000e+00   4.6324000e+00
   1.8577000e+00   4.0985000e+00   4.6739000e+00
   1.9034000e+00   4.1291000e+00   4.7170000e+00
   1.9501000e+00   4.1585000e+00   4.7617000e+00
   1.9980000e+00   4.1866000e+00   4.8082000e+00
   2.0471000e+00   4.2133000e+00   4.8564000e+00
   2.0974000e+00   4.2387000e+00   4.9067000e+00
   2.1489000e+00   4.2628000e+00   4.9590000e+00
   2.2016000e+00   4.2855000e+00   5.0134000e+00
   2.2557000e+00   4.3069000e+00   5.0702000e+00
   2.3111000e+00   4.3269000e+00   5.1295000e+00
   2.3679000e+00   4.3456000e+00   5.1914000e+00
   2.4260000e+00   4.3629000e+00   5.2560000e+00
   2.4856000e+00   4.3789000e+00   5.3235000e+00
   2.5467000e+00   4.3937000e+00   5.3940000e+00
   2.6092000e+00   4.4071000e+00   5.4678000e+00
   2.6733000e+00   4.4194000e+00   5.5449000e+00
   2.7389000e+00   4.4305000e+00   5.6255000e+00
   2.8062000e+00   4.4404000e+00   5.7097000e+00
   2.8751000e+00   4.4493000e+00   5.7979000e+00
   2.9457000e+00   4.4572000e+00   5.8900000e+00
   3.0181000e+00   4.4642000e+00   5.9864000e+00
   3.0922000e+00   4.4704000e+00   6.0871000e+00
   3.1682000e+00   4.4759000e+00   6.1923000e+00
   3.2460000e+00   4.4807000e+00   6.3022000e+00
   3.3257000e+00   4.4851000e+00   6.4169000e+00
   3.4074000e+00   4.4892000e+00   6.5366000e+00
   3.4910000e+00   4.4930000e+00   6.6616000e+00
   3.5768000e+00   4.4968000e+00   6.7918000e+00
   3.6646000e+00   4.5007000e+00   6.9274000e+00
   3.7546000e+00   4.5049000e+00   7.0687000e+00
   3.8468000e+00   4.5095000e+00   7.2156000e+00
   3.9413000e+00   4.5148000e+00   7.3684000e+00
   4.0381000e+00   4.5209000e+00   7.5272000e+00
   4.1373000e+00   4.5280000e+00   7.6919000e+00
   4.2389000e+00   4.5363000e+00   7.8628000e+00
   4.3430000e+00   4.5460000e+00   8.0400000e+00
   4.4497000e+00   4.5573000e+00   8.2234000e+00
   4.5589000e+00   4.5705000e+00   8.4131000e+00
   4.6709000e+00   4.5856000e+00   8.6092000e+00
   4.7856000e+00   4.6030000e+00   8.8118000e+00
   4.9032000e+00   4.6228000e+00   9.0209000e+00
   5.0236000e+00   4.6452000e+00   9.2365000e+00
   5.1470000e+00   4.6704000e+00   9.4586000e+00
   5.2734000e+00   4.6987000e+00   9.6873000e+00
   5.4029000e+00   4.7301000e+00   9.9225000e+00
   5.5356000e+00   4.7650000e+00   1.0164000e+01
   5.6715000e+00   4.8035000e+00   1.0413000e+01
   5.8108000e+00   4.8457000e+00   1.0668000e+01
   5.9535000e+00   4.8919000e+00   1.0929000e+01
   6.0997000e+00   4.9423000e+00   1.1197000e+01
   6.2495000e+00   4.9970000e+00   1.1472000e+01
   6.4030000e+00   5.0562000e+00   1.1753000e+01
   6.5603000e+00   5.1202000e+00   1.2040000e+01
   6.7214000e+00   5.1889000e+00   1.2334000e+01
   6.8865000e+00   5.2628000e+00   1.2634000e+01
   7.0556000e+00   5.3418000e+00   1.2941000e+01
   7.2289000e+00   5.4262000e+00   1.3254000e+01
   7.4064000e+00   5.5162000e+00   1.3573000e+01
   7.5883000e+00   5.6119000e+00   1.3899000e+01
   7.7747000e+00   5.7135000e+00   1.4230000e+01
   7.9656000e+00   5.8212000e+00   1.4568000e+01
   8.1613000e+00   5.9351000e+00   1.4912000e+01
   8.3617000e+00   6.0553000e+00   1.5262000e+01
   8.5671000e+00   6.1822000e+00   1.5618000e+01
   8.7775000e+00   6.3157000e+00   1.5980000e+01
   8.9931000e+00   6.4562000e+00   1.6347000e+01
   9.2139000e+00   6.6036000e+00   1.6720000e+01
   9.4402000e+00   6.7583000e+00   1.7099000e+01
   9.6721000e+00   6.9203000e+00   1.7484000e+01
   9.9096000e+00   7.0897000e+00   1.7873000e+01
   1.0153000e+01   7.2669000e+00   1.8269000e+01
   1.0402000e+01   7.4518000e+00   1.8669000e+01
   1.0658000e+01   7.6446000e+00   1.9074000e+01
   1.0920000e+01   7.8454000e+00   1.9485000e+01
   1.1188000e+01   8.0544000e+00   1.9900000e+01
   1.1463000e+01   8.2718000e+00   2.0320000e+01
   1.1744000e+01   8.4975000e+00   2.0744000e+01
   1.2032000e+01   8.7317000e+00   2.1173000e+01
   1.2328000e+01   8.9746000e+00   2.1607000e+01
   1.2631000e+01   9.2261000e+00   2.2044000e+01
   1.2941000e+01   9.4864000e+00   2.2485000e+01
   1.3259000e+01   9.7556000e+00   2.2930000e+01
   1.3584000e+01   1.0034000e+01   2.3379000e+01
   1.3918000e+01   1.0321000e+01   2.3832000e+01
   1.4260000e+01   1.0617000e+01   2.4287000e+01
   1.4610000e+01   1.0922000e+01   2.4746000e+01
   1.4969000e+01   1.1236000e+01   2.5208000e+01
   1.5337000e+01   1.1560000e+01   2.5673000e+01
   1.5713000e+01   1.1892000e+01   2.6140000e+01
   1.6099000e+01   1.2234000e+01   2.6610000e+01
   1.6494000e+01   1.2585000e+01   2.7083000e+01
   1.6900000e+01   1.2944000e+01   2.7557000e+01
   1.7315000e+01   1.3313000e+01   2.8034000e+01
   1.7740000e+01   1.3691000e+01   2.8513000e+01
   1.8176000e+01   1.4078000e+01   2.8993000e+01
   1.8622000e+01   1.4473000e+01   2.9475000e+01
   1.9079000e+01   1.4878000e+01   2.9959000e+01
   1.9548000e+01   1.5291000e+01   3.0444000e+01
   2.0028000e+01   1.5713000e+01   3.0930000e+01
   2.0520000e+01   1.6143000e+01   3.1418000e+01
   2.1024000e+01   1.6582000e+01   3.1907000e+01
   2.1540000e+01   1.7029000e+01   3.2396000e+01
   2.2069000e+01   1.7484000e+01   3.2887000e+01
   2.2611000e+01   1.7948000e+01   3.3379000e+01
   2.3166000e+01   1.8419000e+01   3.3872000e+01
   2.3735000e+01   1.8898000e+01   3.4365000e+01
   2.4318000e+01   1.9385000e+01   3.4859000e+01
   2.4916000e+01   1.9880000e+01   3.5355000e+01
   2.5528000e+01   2.0382000e+01   3.5850000e+01
   2.6154000e+01   2.0892000e+01   3.6347000e+01
   2.6797000e+01   2.1408000e+01   3.6845000e+01
   2.7455000e+01   2.1932000e+01   3.7343000e+01
   2.8129000e+01   2.2463000e+01   3.7842000e+01
   2.8820000e+01   2.3000000e+01   3.8343000e+01
   2.9528000e+01   2.3545000e+01   3.8844000e+01
   3.0253000e+01   2.4096000e+01   3.9346000e+01
   3.0996000e+01   2.4653000e+01   3.9849000e+01
