   1.0330000e-05   9.9900000e-01   8.2400000e-12             NaN             NaN   1.0330000e-05   9.9900000e-01   8.2400000e-12
   1.2400000e-05   1.0010000e+00   9.8800000e-12             NaN             NaN   1.2400000e-05   1.0010000e+00   9.8800000e-12
   1.5500000e-05   1.0000000e+00   2.4700000e-11             NaN             NaN   1.5500000e-05   1.0000000e+00   2.4700000e-11
   2.0660000e-05   1.0010000e+00   8.0900000e-11             NaN             NaN   2.0660000e-05   1.0010000e+00   8.0900000e-11
   2.4800000e-05   1.0010000e+00   1.5000000e-10             NaN             NaN   2.4800000e-05   1.0010000e+00   1.5000000e-10
   3.1000000e-05   1.0020000e+00   3.7700000e-10             NaN             NaN   3.1000000e-05   1.0020000e+00   3.7700000e-10
   4.1330000e-05   1.0020000e+00   1.0600000e-09             NaN             NaN   4.1330000e-05   1.0020000e+00   1.0600000e-09
   6.1990000e-05   1.0010000e+00   4.6800000e-09             NaN             NaN   6.1990000e-05   1.0010000e+00   4.6800000e-09
   8.2660000e-05   1.0000000e+00   1.4600000e-08             NaN             NaN   8.2660000e-05   1.0000000e+00   1.4600000e-08
   1.1270000e-04   1.0020000e+00   5.1400000e-08             NaN             NaN   1.1270000e-04   1.0020000e+00   5.1400000e-08
   1.3780000e-04   1.0000000e+00   1.1200000e-07             NaN             NaN   1.3780000e-04   1.0000000e+00   1.1200000e-07
   1.7710000e-04   1.0030000e+00   2.9700000e-07             NaN             NaN   1.7710000e-04   1.0030000e+00   2.9700000e-07
   2.4800000e-04   1.0020000e+00   1.0500000e-06             NaN             NaN   2.4800000e-04   1.0020000e+00   1.0500000e-06
   4.1330000e-04   1.0010000e+00   7.5100000e-06             NaN             NaN   4.1330000e-04   1.0010000e+00   7.5100000e-06
   6.1990000e-04   1.0000000e+00   3.2400000e-05             NaN             NaN   6.1990000e-04   1.0000000e+00   3.2400000e-05
   7.2930000e-04   1.0000000e+00   6.1300000e-05             NaN             NaN   7.2930000e-04   1.0000000e+00   6.1300000e-05
   7.5140000e-04   1.0000000e+00   4.6200000e-05             NaN             NaN   7.5140000e-04   1.0000000e+00   4.6200000e-05
   7.7490000e-04   1.0000000e+00   2.3200000e-05             NaN             NaN   7.7490000e-04   1.0000000e+00   2.3200000e-05
   7.9990000e-04   1.0000000e+00   6.4300000e-06             NaN             NaN   7.9990000e-04   1.0000000e+00   6.4300000e-06
   8.2660000e-04   1.0000000e+00   7.1400000e-06             NaN             NaN   8.2660000e-04   1.0000000e+00   7.1400000e-06
   1.2400000e-03   1.0000000e+00   3.1000000e-05             NaN             NaN   1.2400000e-03   1.0000000e+00   3.1000000e-05
   1.5500000e-03   1.0000000e+00   7.5200000e-05             NaN             NaN   1.5500000e-03   1.0000000e+00   7.5200000e-05
   2.0660000e-03   9.9900000e-01   2.2700000e-04             NaN             NaN   2.0700000e-03   9.9900000e-01   2.2700000e-04
   2.4800000e-03   9.9900000e-01   4.6600000e-04             NaN             NaN   2.4800000e-03   9.9900000e-01   4.6600000e-04
   3.1000000e-03   9.9800000e-01   1.0100000e-03             NaN             NaN   3.1000000e-03   9.9800000e-01   1.0100000e-03
   3.5420000e-03   9.9600000e-01   1.5400000e-03             NaN             NaN   3.5400000e-03   9.9600000e-01   1.5400000e-03
   4.1330000e-03   9.9600000e-01   2.5700000e-03             NaN             NaN   4.1300000e-03   9.9600000e-01   2.5700000e-03
   4.4280000e-03   9.9600000e-01   3.3100000e-03             NaN             NaN   4.4300000e-03   9.9600000e-01   3.3100000e-03
   4.7690000e-03   9.9200000e-01   4.2600000e-03             NaN             NaN   4.7700000e-03   9.9200000e-01   4.2600000e-03
   5.1660000e-03   9.9300000e-01   5.4600000e-03             NaN             NaN   5.1700000e-03   9.9300000e-01   5.4600000e-03
   5.6360000e-03   9.9300000e-01   6.9600000e-03             NaN             NaN   5.6400000e-03   9.9300000e-01   6.9600000e-03
   6.1990000e-03   9.9100000e-01   8.7600000e-03             NaN             NaN   6.2000000e-03   9.9100000e-01   8.7600000e-03
   6.5250000e-03   9.8900000e-01   9.8700000e-03             NaN             NaN   6.5300000e-03   9.8900000e-01   9.8700000e-03
   6.8880000e-03   9.8900000e-01   1.1100000e-02             NaN             NaN   6.8900000e-03   9.8900000e-01   1.1100000e-02
   7.2930000e-03   9.8800000e-01   1.3700000e-02             NaN             NaN   7.2900000e-03   9.8800000e-01   1.3700000e-02
   7.7490000e-03   9.8800000e-01   1.6000000e-02             NaN             NaN   7.7500000e-03   9.8800000e-01   1.6000000e-02
   8.2660000e-03   9.8900000e-01   1.7300000e-02             NaN             NaN   8.2700000e-03   9.8900000e-01   1.7300000e-02
   8.5510000e-03   9.8800000e-01   1.8100000e-02             NaN             NaN   8.5500000e-03   9.8800000e-01   1.8100000e-02
   8.8560000e-03   9.8800000e-01   1.9100000e-02             NaN             NaN   8.8600000e-03   9.8800000e-01   1.9100000e-02
   8.9840000e-03   9.8800000e-01   1.9700000e-02             NaN             NaN   8.9800000e-03   9.8800000e-01   1.9700000e-02
   9.1160000e-03   9.8700000e-01   2.0400000e-02             NaN             NaN   9.1200000e-03   9.8700000e-01   2.0400000e-02
   9.2530000e-03   9.8700000e-01   2.1300000e-02             NaN             NaN   9.2500000e-03   9.8700000e-01   2.1300000e-02
   9.3930000e-03   9.8600000e-01   2.2600000e-02             NaN             NaN   9.3900000e-03   9.8600000e-01   2.2600000e-02
   9.5370000e-03   9.8600000e-01   2.4400000e-02             NaN             NaN   9.5400000e-03   9.8600000e-01   2.4400000e-02
   9.6860000e-03   9.8700000e-01   2.6100000e-02             NaN             NaN   9.6900000e-03   9.8700000e-01   2.6100000e-02
   9.8400000e-03   9.8800000e-01   2.7700000e-02             NaN             NaN   9.8400000e-03   9.8800000e-01   2.7700000e-02
   9.9990000e-03   9.8900000e-01   2.8800000e-02             NaN             NaN   1.0000000e-02   9.8900000e-01   2.8800000e-02
   1.0160000e-02   9.9100000e-01   2.9200000e-02             NaN             NaN   1.0160000e-02   9.9100000e-01   2.9200000e-02
   1.0330000e-02   9.9200000e-01   2.9400000e-02             NaN             NaN   1.0330000e-02   9.9200000e-01   2.9400000e-02
   1.0420000e-02   9.9200000e-01   2.9700000e-02             NaN             NaN   1.0420000e-02   9.9200000e-01   2.9700000e-02
   1.0510000e-02   9.9200000e-01   3.0000000e-02             NaN             NaN   1.0510000e-02   9.9200000e-01   3.0000000e-02
   1.0600000e-02   9.9300000e-01   3.0300000e-02             NaN             NaN   1.0600000e-02   9.9300000e-01   3.0300000e-02
   1.0690000e-02   9.9300000e-01   3.0100000e-02             NaN             NaN   1.0690000e-02   9.9300000e-01   3.0100000e-02
   1.0780000e-02   9.9400000e-01   3.0400000e-02             NaN             NaN   1.0780000e-02   9.9400000e-01   3.0400000e-02
   1.0880000e-02   9.9400000e-01   3.0600000e-02             NaN             NaN   1.0880000e-02   9.9400000e-01   3.0600000e-02
   1.0970000e-02   9.9500000e-01   3.0700000e-02             NaN             NaN   1.0970000e-02   9.9500000e-01   3.0700000e-02
   1.1070000e-02   9.9500000e-01   3.0900000e-02             NaN             NaN   1.1070000e-02   9.9500000e-01   3.0900000e-02
   1.1170000e-02   9.9500000e-01   3.0900000e-02             NaN             NaN   1.1170000e-02   9.9500000e-01   3.0900000e-02
   1.1270000e-02   9.9600000e-01   3.0700000e-02             NaN             NaN   1.1270000e-02   9.9600000e-01   3.0700000e-02
   1.1370000e-02   9.9700000e-01   3.0500000e-02             NaN             NaN   1.1370000e-02   9.9700000e-01   3.0500000e-02
   1.1480000e-02   9.9700000e-01   2.9900000e-02             NaN             NaN   1.1480000e-02   9.9700000e-01   2.9900000e-02
   1.1590000e-02   9.9700000e-01   2.9300000e-02             NaN             NaN   1.1590000e-02   9.9700000e-01   2.9300000e-02
   1.1700000e-02   9.9600000e-01   2.8600000e-02             NaN             NaN   1.1700000e-02   9.9600000e-01   2.8600000e-02
   1.1810000e-02   9.9600000e-01   2.8100000e-02             NaN             NaN   1.1810000e-02   9.9600000e-01   2.8100000e-02
   1.1920000e-02   9.9400000e-01   2.8100000e-02             NaN             NaN   1.1920000e-02   9.9400000e-01   2.8100000e-02
   1.2040000e-02   9.9200000e-01   2.8600000e-02             NaN             NaN   1.2040000e-02   9.9200000e-01   2.8600000e-02
   1.2160000e-02   9.9200000e-01   2.9900000e-02             NaN             NaN   1.2160000e-02   9.9200000e-01   2.9900000e-02
   1.2280000e-02   9.8900000e-01   3.2400000e-02             NaN             NaN   1.2280000e-02   9.8900000e-01   3.2400000e-02
   1.2400000e-02   9.8900000e-01   3.6300000e-02             NaN             NaN   1.2400000e-02   9.8900000e-01   3.6300000e-02
   1.2520000e-02   9.9100000e-01   3.9600000e-02             NaN             NaN   1.2520000e-02   9.9100000e-01   3.9600000e-02
   1.2650000e-02   9.9400000e-01   4.2700000e-02             NaN             NaN   1.2650000e-02   9.9400000e-01   4.2700000e-02
   1.2780000e-02   9.9800000e-01   4.4200000e-02             NaN             NaN   1.2780000e-02   9.9800000e-01   4.4200000e-02
   1.2920000e-02   1.0010000e+00   4.4200000e-02             NaN             NaN   1.2920000e-02   1.0010000e+00   4.4200000e-02
   1.3050000e-02   1.0050000e+00   4.3900000e-02             NaN             NaN   1.3050000e-02   1.0050000e+00   4.3900000e-02
   1.3190000e-02   1.0070000e+00   4.2600000e-02             NaN             NaN   1.3190000e-02   1.0070000e+00   4.2600000e-02
   1.3330000e-02   1.0090000e+00   4.1100000e-02             NaN             NaN   1.3330000e-02   1.0090000e+00   4.1100000e-02
   1.3480000e-02   1.0110000e+00   3.9800000e-02             NaN             NaN   1.3480000e-02   1.0110000e+00   3.9800000e-02
   1.3620000e-02   1.0120000e+00   3.8600000e-02             NaN             NaN   1.3620000e-02   1.0120000e+00   3.8600000e-02
   1.3780000e-02   1.0130000e+00   3.6600000e-02             NaN             NaN   1.3780000e-02   1.0130000e+00   3.6600000e-02
   1.3930000e-02   1.0140000e+00   3.5100000e-02             NaN             NaN   1.3930000e-02   1.0140000e+00   3.5100000e-02
   1.4090000e-02   1.0140000e+00   3.3500000e-02             NaN             NaN   1.4090000e-02   1.0140000e+00   3.3500000e-02
   1.4250000e-02   1.0140000e+00   3.2100000e-02             NaN             NaN   1.4250000e-02   1.0140000e+00   3.2100000e-02
   1.4420000e-02   1.0140000e+00   3.1500000e-02             NaN             NaN   1.4420000e-02   1.0140000e+00   3.1500000e-02
   1.4590000e-02   1.0140000e+00   3.1200000e-02             NaN             NaN   1.4590000e-02   1.0140000e+00   3.1200000e-02
   1.4760000e-02   1.0160000e+00   3.0600000e-02             NaN             NaN   1.4760000e-02   1.0160000e+00   3.0600000e-02
   1.4940000e-02   1.0170000e+00   2.8900000e-02             NaN             NaN   1.4940000e-02   1.0170000e+00   2.8900000e-02
   1.5120000e-02   1.0170000e+00   2.6900000e-02             NaN             NaN   1.5120000e-02   1.0170000e+00   2.6900000e-02
   1.5310000e-02   1.0160000e+00   2.5000000e-02             NaN             NaN   1.5310000e-02   1.0160000e+00   2.5000000e-02
   1.5500000e-02   1.0160000e+00   2.4300000e-02             NaN             NaN   1.5500000e-02   1.0160000e+00   2.4300000e-02
   1.5690000e-02   1.0150000e+00   2.3800000e-02             NaN             NaN   1.5690000e-02   1.0150000e+00   2.3800000e-02
   1.5900000e-02   1.0140000e+00   2.3800000e-02             NaN             NaN   1.5900000e-02   1.0140000e+00   2.3800000e-02
   1.6100000e-02   1.0150000e+00   2.4500000e-02             NaN             NaN   1.6100000e-02   1.0150000e+00   2.4500000e-02
   1.6310000e-02   1.0160000e+00   2.4000000e-02             NaN             NaN   1.6310000e-02   1.0160000e+00   2.4000000e-02
   1.6530000e-02   1.0180000e+00   2.4000000e-02             NaN             NaN   1.6530000e-02   1.0180000e+00   2.4000000e-02
   1.6750000e-02   1.0210000e+00   2.3600000e-02             NaN             NaN   1.6750000e-02   1.0210000e+00   2.3600000e-02
   1.6870000e-02   1.0250000e+00   2.4000000e-02             NaN             NaN   1.6870000e-02   1.0250000e+00   2.4000000e-02
   1.6910000e-02   1.0280000e+00   2.3800000e-02             NaN             NaN   1.6910000e-02   1.0280000e+00   2.3800000e-02
   1.6960000e-02   1.0300000e+00   1.9600000e-02             NaN             NaN   1.6960000e-02   1.0300000e+00   1.9600000e-02
   1.7010000e-02   1.0360000e+00   1.7400000e-02             NaN             NaN   1.7010000e-02   1.0360000e+00   1.7400000e-02
   1.7050000e-02   1.0310000e+00   6.0600000e-03             NaN             NaN   1.7050000e-02   1.0310000e+00   6.0600000e-03
   1.7100000e-02   1.0260000e+00   4.7900000e-03             NaN             NaN   1.7100000e-02   1.0260000e+00   4.7900000e-03
   1.7220000e-02   1.0210000e+00   4.6100000e-03             NaN             NaN   1.7220000e-02   1.0210000e+00   4.6100000e-03
   1.7460000e-02   1.0150000e+00   4.5000000e-03             NaN             NaN   1.7460000e-02   1.0150000e+00   4.5000000e-03
   1.7710000e-02   1.0120000e+00   4.4500000e-03             NaN             NaN   1.7710000e-02   1.0120000e+00   4.4500000e-03
   1.7970000e-02   1.0090000e+00   4.4000000e-03             NaN             NaN   1.7970000e-02   1.0090000e+00   4.4000000e-03
   1.8510000e-02   1.0050000e+00   4.3300000e-03             NaN             NaN   1.8510000e-02   1.0050000e+00   4.3300000e-03
   1.9070000e-02   1.0010000e+00   4.2700000e-03             NaN             NaN   1.9070000e-02   1.0010000e+00   4.2700000e-03
   2.0660000e-02   9.9200000e-01   4.5100000e-03             NaN             NaN   2.0660000e-02   9.9200000e-01   4.5100000e-03
   2.4800000e-02   9.7400000e-01   5.8400000e-03             NaN             NaN   2.4800000e-02   9.7400000e-01   5.8400000e-03
   3.1000000e-02   9.4400000e-01   8.6400000e-03             NaN             NaN   3.1000000e-02   9.4400000e-01   8.6400000e-03
   4.1330000e-02   8.8200000e-01   1.2500000e-02             NaN             NaN   4.1330000e-02   8.8200000e-01   1.2500000e-02
   6.1990000e-02   6.7300000e-01   2.6700000e-02             NaN             NaN   6.1990000e-02   6.7300000e-01   2.6700000e-02
   6.8880000e-02   5.6400000e-01   3.5500000e-02             NaN             NaN   6.8880000e-02   5.6400000e-01   3.5500000e-02
   7.7490000e-02   3.4600000e-01   6.4800000e-02             NaN             NaN   7.7490000e-02   3.4600000e-01   6.4800000e-02
   7.9990000e-02   2.5200000e-01   9.9700000e-02             NaN             NaN   7.9990000e-02   2.5200000e-01   9.9700000e-02
   8.2660000e-02   1.5200000e-01   1.8700000e-01             NaN             NaN   8.2660000e-02   1.5200000e-01   1.8700000e-01
   8.5510000e-02   1.0700000e-01   3.0100000e-01             NaN             NaN   8.5510000e-02   1.0700000e-01   3.0100000e-01
   8.8560000e-02   8.4000000e-02   4.0400000e-01             NaN             NaN   8.8560000e-02   8.4000000e-02   4.0400000e-01
   9.5370000e-02   6.5000000e-02   5.9300000e-01             NaN             NaN   9.5370000e-02   6.5000000e-02   5.9300000e-01
   1.0330000e-01   6.1000000e-02   7.6700000e-01             NaN             NaN   1.0330000e-01   6.1000000e-02   7.6700000e-01
   1.1270000e-01   6.1000000e-02   9.4600000e-01             NaN             NaN   1.1270000e-01   6.1000000e-02   9.4600000e-01
   1.3780000e-01   7.3000000e-02   1.3500000e+00             NaN             NaN   1.3780000e-01   7.3000000e-02   1.3500000e+00
   1.7710000e-01   9.8000000e-02   1.9300000e+00             NaN             NaN   1.7710000e-01   9.8000000e-02   1.9300000e+00
   2.4800000e-01   1.8300000e-01   2.8800000e+00             NaN             NaN   2.4800000e-01   1.8300000e-01   2.8800000e+00
   3.1000000e-01   2.9800000e-01   3.7000000e+00             NaN             NaN   3.1000000e-01   2.9800000e-01   3.7000000e+00
   4.1330000e-01   5.4800000e-01   5.0000000e+00             NaN             NaN   4.1330000e-01   5.4800000e-01   5.0000000e+00
   4.9590000e-01   7.7100000e-01   5.9100000e+00             NaN             NaN   4.9590000e-01   7.7100000e-01   5.9100000e+00
   6.1990000e-01   1.2920000e+00   7.2800000e+00             NaN             NaN   6.1990000e-01   1.2920000e+00   7.2800000e+00
   6.8880000e-01   1.7310000e+00   7.9600000e+00             NaN             NaN   6.8880000e-01   1.7310000e+00   7.9600000e+00
   7.2930000e-01   2.0820000e+00   8.3400000e+00             NaN             NaN   7.2930000e-01   2.0820000e+00   8.3400000e+00
   7.7490000e-01   2.5880000e+00   8.5500000e+00             NaN             NaN   7.7490000e-01   2.5880000e+00   8.5500000e+00
   8.2660000e-01   2.8290000e+00   7.7500000e+00             NaN             NaN   8.2660000e-01   2.8290000e+00   7.7500000e+00
   8.8560000e-01   1.9160000e+00   7.7500000e+00             NaN             NaN   8.8560000e-01   1.9160000e+00   7.7500000e+00
   9.5370000e-01   1.2500000e+00   8.6800000e+00             NaN             NaN   9.5370000e-01   1.2500000e+00   8.6800000e+00
   1.0330000e+00   9.9400000e-01   9.7300000e+00             NaN             NaN   1.0330000e+00   9.9400000e-01   9.7300000e+00
   1.1270000e+00   9.2600000e-01   1.0900000e+01             NaN             NaN   1.1270000e+00   9.2600000e-01   1.0900000e+01
   1.2400000e+00   9.4900000e-01   1.2200000e+01             NaN             NaN   1.2400000e+00   9.4900000e-01   1.2200000e+01
   1.3780000e+00   1.0150000e+00   1.3700000e+01             NaN             NaN   1.3780000e+00   1.0150000e+00   1.3700000e+01
   1.7710000e+00   1.2740000e+00   1.7800000e+01             NaN             NaN   1.7710000e+00   1.2740000e+00   1.7800000e+01
   2.4800000e+00   1.9460000e+00   2.5100000e+01             NaN             NaN   2.4800000e+00   1.9460000e+00   2.5100000e+01
   3.1000000e+00   2.6840000e+00   3.1300000e+01             NaN             NaN   3.1000000e+00   2.6840000e+00   3.1300000e+01
   4.1330000e+00   4.3110000e+00   4.1800000e+01             NaN             NaN   4.1330000e+00   4.3110000e+00   4.1800000e+01
   6.1990000e+00   8.7320000e+00   6.2000000e+01             NaN             NaN   6.1990000e+00   8.7320000e+00   6.2000000e+01
   1.2400000e+01   3.2400000e+01   1.1900000e+02             NaN             NaN   1.2400000e+01   3.2400000e+01   1.1900000e+02
   2.4800000e+01   9.5700000e+01   1.8500000e+02             NaN             NaN   2.4800000e+01   9.5700000e+01   1.8500000e+02
   1.2400000e+02   3.2300000e+02   3.8300000e+02             NaN             NaN   1.2400000e+02   3.2300000e+02   3.8300000e+02
   2.4800000e+02   4.8400000e+02   5.2800000e+02             NaN             NaN   2.4800000e+02   4.8400000e+02   5.2800000e+02
   1.2400000e+03   1.1200000e+03   1.1600000e+03             NaN             NaN   1.2400000e+03   1.1200000e+03   1.1600000e+03
   2.4800000e+03   1.1200000e+03   3.3200000e+03             NaN             NaN             NaN             NaN             NaN
