   8.2660000e-06   1.0000000e+00   2.5600000e-09
   1.4940000e-05   1.0020000e+00   1.9500000e-08
   1.5500000e-05   1.0000000e+00   5.2200000e-09
   2.4800000e-05   1.0000000e+00   3.0500000e-08
   4.1330000e-05   1.0000000e+00   1.8500000e-07
   6.1990000e-05   1.0000000e+00   8.8300000e-07
   8.2660000e-05   1.0000000e+00   2.2800000e-06
   8.8560000e-05   1.0010000e+00   1.9400000e-06
   9.5370000e-05   1.0010000e+00   2.5600000e-06
   1.2400000e-04   1.0000000e+00   2.5300000e-06
   2.4800000e-04   1.0010000e+00   2.8700000e-05
   4.2750000e-04   9.9900000e-01   1.6400000e-04
   4.3500000e-04   9.9900000e-01   1.4500000e-04
   4.9590000e-04   1.0000000e+00   2.1100000e-04
   6.1990000e-04   1.0000000e+00   1.2000000e-04
   1.2400000e-03   9.9800000e-01   9.6000000e-04
   1.5500000e-03   9.9700000e-01   1.6300000e-03
   2.0660000e-03   9.9600000e-01   3.4000000e-03
   2.4800000e-03   9.9500000e-01   4.7100000e-03
   3.5420000e-03   9.9200000e-01   7.3100000e-03
   4.1330000e-03   9.9100000e-01   8.9500000e-03
   4.4280000e-03   9.8900000e-01   9.7600000e-03
   4.7690000e-03   9.8800000e-01   1.0600000e-02
   5.1660000e-03   9.8700000e-01   1.1300000e-02
   5.6360000e-03   9.8600000e-01   1.1800000e-02
   6.1990000e-03   9.8300000e-01   1.1500000e-02
   6.5250000e-03   9.8100000e-01   1.1100000e-02
   6.8880000e-03   9.7900000e-01   1.0700000e-02
   7.2930000e-03   9.7500000e-01   1.0300000e-02
   7.7490000e-03   9.7000000e-01   1.0100000e-02
   8.2660000e-03   9.6300000e-01   1.0100000e-02
   8.8560000e-03   9.5500000e-01   1.0900000e-02
   9.1840000e-03   9.4900000e-01   1.1800000e-02
   9.5370000e-03   9.4400000e-01   1.3300000e-02
   9.9190000e-03   9.3700000e-01   1.5200000e-02
   1.0330000e-02   9.2900000e-01   1.7800000e-02
   1.0780000e-02   9.2000000e-01   2.2400000e-02
   1.1270000e-02   9.1100000e-01   2.8300000e-02
   1.1810000e-02   9.0000000e-01   3.5300000e-02
   1.2400000e-02   8.8900000e-01   4.5400000e-02
   1.3050000e-02   8.7700000e-01   5.7000000e-02
   1.3330000e-02   8.7200000e-01   6.3600000e-02
   1.3620000e-02   8.6800000e-01   7.1800000e-02
   1.3930000e-02   8.6500000e-01   8.0700000e-02
   1.4090000e-02   8.6600000e-01   8.3800000e-02
   1.4170000e-02   8.6500000e-01   8.4400000e-02
   1.4250000e-02   8.6300000e-01   8.7000000e-02
   1.4420000e-02   8.6200000e-01   9.1800000e-02
   1.4590000e-02   8.6400000e-01   9.5600000e-02
   1.4670000e-02   8.6500000e-01   9.6200000e-02
   1.4760000e-02   8.6500000e-01   9.3800000e-02
   1.4850000e-02   8.6100000e-01   9.4300000e-02
   1.4940000e-02   8.6000000e-01   9.6300000e-02
   1.5120000e-02   8.5700000e-01   1.0100000e-01
   1.5500000e-02   8.5300000e-01   1.0900000e-01
   1.5900000e-02   8.5000000e-01   1.1700000e-01
   1.6310000e-02   8.4700000e-01   1.2400000e-01
   1.6750000e-02   8.4200000e-01   1.3100000e-01
   1.7220000e-02   8.3500000e-01   1.4000000e-01
   1.7710000e-02   8.2800000e-01   1.5500000e-01
   1.8230000e-02   8.2700000e-01   1.7100000e-01
   1.8790000e-02   8.2800000e-01   1.8600000e-01
   1.9370000e-02   8.3000000e-01   1.9900000e-01
   2.0000000e-02   8.3300000e-01   2.1100000e-01
   2.0660000e-02   8.3800000e-01   2.1900000e-01
   2.1380000e-02   8.3600000e-01   2.2300000e-01
   2.2140000e-02   8.3000000e-01   2.3000000e-01
   2.2960000e-02   8.2000000e-01   2.4100000e-01
   2.3840000e-02   8.0800000e-01   2.5500000e-01
   2.4800000e-02   7.9500000e-01   2.7200000e-01
   2.5300000e-02   7.8700000e-01   2.8400000e-01
   2.5830000e-02   7.7800000e-01   2.9800000e-01
   2.6380000e-02   7.7100000e-01   3.1500000e-01
   2.6950000e-02   7.6700000e-01   3.3500000e-01
   2.7550000e-02   7.6700000e-01   3.5500000e-01
   2.8180000e-02   7.7000000e-01   3.7100000e-01
   2.8830000e-02   7.7000000e-01   3.8400000e-01
   2.9520000e-02   7.6600000e-01   3.9800000e-01
   3.0240000e-02   7.6000000e-01   4.1500000e-01
   3.1000000e-02   7.5400000e-01   4.3800000e-01
   3.1790000e-02   7.5100000e-01   4.6100000e-01
   3.2630000e-02   7.4900000e-01   4.8400000e-01
   3.3510000e-02   7.4500000e-01   5.1100000e-01
   3.4440000e-02   7.4100000e-01   5.4000000e-01
   3.5420000e-02   7.3700000e-01   5.7300000e-01
   3.6470000e-02   7.3000000e-01   6.1700000e-01
   3.7570000e-02   7.3000000e-01   6.7200000e-01
   3.8750000e-02   7.5700000e-01   7.4700000e-01
   3.9990000e-02   8.1800000e-01   7.8800000e-01
   4.0650000e-02   8.4400000e-01   7.9900000e-01
   4.1330000e-02   8.6800000e-01   8.0400000e-01
   4.2030000e-02   8.8700000e-01   8.0300000e-01
   4.2750000e-02   8.9600000e-01   8.0200000e-01
   4.4280000e-02   8.9200000e-01   8.1400000e-01
   4.5920000e-02   8.8500000e-01   8.5500000e-01
   4.7690000e-02   8.8600000e-01   9.1700000e-01
   4.9590000e-02   9.0500000e-01   1.0000000e+00
   5.1660000e-02   9.5300000e-01   1.1200000e+00
   5.2760000e-02   1.0050000e+00   1.1800000e+00
   5.3910000e-02   1.0800000e+00   1.2400000e+00
   5.5100000e-02   1.1830000e+00   1.2800000e+00
   5.6360000e-02   1.2920000e+00   1.2900000e+00
   5.7670000e-02   1.4060000e+00   1.2700000e+00
   5.9040000e-02   1.4990000e+00   1.2100000e+00
   6.1990000e-02   1.5840000e+00   1.0700000e+00
   6.5250000e-02   1.6120000e+00   9.5000000e-01
   6.8880000e-02   1.5650000e+00   8.6500000e-01
   7.2930000e-02   1.5130000e+00   8.6500000e-01
   7.7490000e-02   1.5050000e+00   8.9800000e-01
   8.2660000e-02   1.5400000e+00   9.3400000e-01
   8.8560000e-02   1.5910000e+00   9.2200000e-01
   9.5370000e-02   1.5920000e+00   8.9900000e-01
   1.0330000e-01   1.5830000e+00   9.0800000e-01
   1.0780000e-01   1.5690000e+00   9.2000000e-01
   1.1270000e-01   1.5560000e+00   9.4500000e-01
   1.1810000e-01   1.5480000e+00   9.9000000e-01
   1.2400000e-01   1.5720000e+00   1.0500000e+00
   1.3050000e-01   1.5850000e+00   1.0700000e+00
   1.3780000e-01   1.6140000e+00   1.1400000e+00
   1.4590000e-01   1.6660000e+00   1.1700000e+00
   1.5500000e-01   1.7270000e+00   1.2200000e+00
   1.6530000e-01   1.7860000e+00   1.1500000e+00
   1.7710000e-01   1.7280000e+00   1.1300000e+00
   1.9070000e-01   1.6650000e+00   1.1900000e+00
   2.0660000e-01   1.6180000e+00   1.3000000e+00
   2.2540000e-01   1.6030000e+00   1.4500000e+00
   2.4800000e-01   1.6380000e+00   1.6500000e+00
   2.6100000e-01   1.7020000e+00   1.7700000e+00
   2.8180000e-01   1.8480000e+00   1.8700000e+00
   2.9520000e-01   1.9270000e+00   1.8900000e+00
   3.1000000e-01   1.9950000e+00   1.8800000e+00
   3.2630000e-01   2.0390000e+00   1.8600000e+00
   3.4440000e-01   2.0240000e+00   1.8100000e+00
   3.5940000e-01   1.9670000e+00   1.8400000e+00
   3.7570000e-01   1.9600000e+00   1.8800000e+00
   3.9360000e-01   1.9600000e+00   1.8900000e+00
   4.1330000e-01   1.9500000e+00   1.8600000e+00
   4.4280000e-01   1.8620000e+00   1.8100000e+00
   4.7690000e-01   1.5410000e+00   1.7100000e+00
   5.1660000e-01   8.7800000e-01   2.0100000e+00
   5.6360000e-01   6.1300000e-01   2.6400000e+00
   6.1990000e-01   4.8700000e-01   3.3100000e+00
   8.2660000e-01   4.1800000e-01   5.1300000e+00
   1.2400000e+00   3.7500000e-01   8.3600000e+00
   2.4800000e+00   1.2730000e+00   1.8100000e+01
   1.2400000e+01   2.6900000e+01   8.0700000e+01
   2.4800000e+01   6.5500000e+01   1.2400000e+02
   1.2400000e+02   2.2200000e+02   2.5600000e+02
   2.4800000e+02   3.4500000e+02   3.7900000e+02
