   2.5000000e-01   1.5189638e+00   0.0000000e+00
   2.5500000e-01   1.5166630e+00   0.0000000e+00
   2.6000000e-01   1.5143621e+00   0.0000000e+00
   2.6500000e-01   1.5123654e+00   0.0000000e+00
   2.7000000e-01   1.5104183e+00   0.0000000e+00
   2.7500000e-01   1.5085875e+00   0.0000000e+00
   2.8000000e-01   1.5069313e+00   0.0000000e+00
   2.8500000e-01   1.5052750e+00   0.0000000e+00
   2.9000000e-01   1.5038278e+00   0.0000000e+00
   2.9500000e-01   1.5024204e+00   0.0000000e+00
   3.0000000e-01   1.5010422e+00   0.0000000e+00
   3.0500000e-01   1.4998436e+00   0.0000000e+00
   3.1000000e-01   1.4986450e+00   0.0000000e+00
   3.1500000e-01   1.4975014e+00   0.0000000e+00
   3.2000000e-01   1.4964743e+00   0.0000000e+00
   3.2500000e-01   1.4954473e+00   0.0000000e+00
   3.3000000e-01   1.4944732e+00   0.0000000e+00
   3.3500000e-01   1.4935934e+00   0.0000000e+00
   3.4000000e-01   1.4927135e+00   0.0000000e+00
   3.4500000e-01   1.4918691e+00   0.0000000e+00
   3.5000000e-01   1.4911160e+00   0.0000000e+00
   3.5500000e-01   1.4903630e+00   0.0000000e+00
   3.6000000e-01   1.4896141e+00   0.0000000e+00
   3.6500000e-01   1.4889671e+00   0.0000000e+00
   3.7000000e-01   1.4883200e+00   0.0000000e+00
   3.7500000e-01   1.4876729e+00   0.0000000e+00
   3.8000000e-01   1.4870820e+00   0.0000000e+00
   3.8500000e-01   1.4865227e+00   0.0000000e+00
   3.9000000e-01   1.4859634e+00   0.0000000e+00
   3.9500000e-01   1.4854119e+00   0.0000000e+00
   4.0000000e-01   1.4849307e+00   0.0000000e+00
   4.0500000e-01   1.4844495e+00   0.0000000e+00
   4.1000000e-01   1.4839683e+00   0.0000000e+00
   4.1500000e-01   1.4835131e+00   0.0000000e+00
   4.2000000e-01   1.4831003e+00   0.0000000e+00
   4.2500000e-01   1.4826875e+00   0.0000000e+00
   4.3000000e-01   1.4822747e+00   0.0000000e+00
   4.3500000e-01   1.4818882e+00   0.0000000e+00
   4.4000000e-01   1.4815304e+00   0.0000000e+00
   4.4500000e-01   1.4811725e+00   0.0000000e+00
   4.5000000e-01   1.4808147e+00   0.0000000e+00
   4.5500000e-01   1.4804761e+00   0.0000000e+00
   4.6000000e-01   1.4801662e+00   0.0000000e+00
   4.6500000e-01   1.4798563e+00   0.0000000e+00
   4.7000000e-01   1.4795465e+00   0.0000000e+00
   4.7500000e-01   1.4792422e+00   0.0000000e+00
   4.8000000e-01   1.4789721e+00   0.0000000e+00
   4.8500000e-01   1.4787020e+00   0.0000000e+00
   4.9000000e-01   1.4784319e+00   0.0000000e+00
   4.9500000e-01   1.4781618e+00   0.0000000e+00
   5.0000000e-01   1.4779177e+00   0.0000000e+00
   5.0500000e-01   1.4776869e+00   0.0000000e+00
   5.1000000e-01   1.4774562e+00   0.0000000e+00
   5.1500000e-01   1.4772254e+00   0.0000000e+00
   5.2000000e-01   1.4769946e+00   0.0000000e+00
   5.2500000e-01   1.4767920e+00   0.0000000e+00
   5.3000000e-01   1.4765900e+00   0.0000000e+00
   5.3500000e-01   1.4763879e+00   0.0000000e+00
   5.4000000e-01   1.4761859e+00   0.0000000e+00
   5.4500000e-01   1.4759860e+00   0.0000000e+00
   5.5000000e-01   1.4758109e+00   0.0000000e+00
   5.5500000e-01   1.4756358e+00   0.0000000e+00
   5.6000000e-01   1.4754607e+00   0.0000000e+00
   5.6500000e-01   1.4752856e+00   0.0000000e+00
   5.7000000e-01   1.4751105e+00   0.0000000e+00
   5.7500000e-01   1.4749567e+00   0.0000000e+00
   5.8000000e-01   1.4748043e+00   0.0000000e+00
   5.8500000e-01   1.4746519e+00   0.0000000e+00
   5.9000000e-01   1.4744995e+00   0.0000000e+00
   5.9500000e-01   1.4743471e+00   0.0000000e+00
   6.0000000e-01   1.4742053e+00   0.0000000e+00
   6.0500000e-01   1.4740718e+00   0.0000000e+00
   6.1000000e-01   1.4739384e+00   0.0000000e+00
   6.1500000e-01   1.4738049e+00   0.0000000e+00
   6.2000000e-01   1.4736715e+00   0.0000000e+00
   6.2500000e-01   1.4735380e+00   0.0000000e+00
   6.3000000e-01   1.4734217e+00   0.0000000e+00
   6.3500000e-01   1.4733064e+00   0.0000000e+00
   6.4000000e-01   1.4731912e+00   0.0000000e+00
   6.4500000e-01   1.4730759e+00   0.0000000e+00
   6.5000000e-01   1.4729606e+00   0.0000000e+00
   6.5500000e-01   1.4728460e+00   0.0000000e+00
   6.6000000e-01   1.4727453e+00   0.0000000e+00
   6.6500000e-01   1.4726447e+00   0.0000000e+00
   6.7000000e-01   1.4725440e+00   0.0000000e+00
   6.7500000e-01   1.4724434e+00   0.0000000e+00
   6.8000000e-01   1.4723427e+00   0.0000000e+00
   6.8500000e-01   1.4722421e+00   0.0000000e+00
   6.9000000e-01   1.4721510e+00   0.0000000e+00
   6.9500000e-01   1.4720612e+00   0.0000000e+00
   7.0000000e-01   1.4719714e+00   0.0000000e+00
   7.0500000e-01   1.4718816e+00   0.0000000e+00
   7.1000000e-01   1.4717919e+00   0.0000000e+00
   7.1500000e-01   1.4717021e+00   0.0000000e+00
   7.2000000e-01   1.4716178e+00   0.0000000e+00
   7.2500000e-01   1.4715411e+00   0.0000000e+00
   7.3000000e-01   1.4714644e+00   0.0000000e+00
   7.3500000e-01   1.4713877e+00   0.0000000e+00
   7.4000000e-01   1.4713110e+00   0.0000000e+00
   7.4500000e-01   1.4712343e+00   0.0000000e+00
   7.5000000e-01   1.4711576e+00   0.0000000e+00
   7.5500000e-01   1.4710866e+00   0.0000000e+00
   7.6000000e-01   1.4710188e+00   0.0000000e+00
   7.6500000e-01   1.4709510e+00   0.0000000e+00
   7.7000000e-01   1.4708832e+00   0.0000000e+00
   7.7500000e-01   1.4708154e+00   0.0000000e+00
   7.8000000e-01   1.4707476e+00   0.0000000e+00
   7.8500000e-01   1.4706798e+00   0.0000000e+00
   7.9000000e-01   1.4706160e+00   0.0000000e+00
   7.9500000e-01   1.4705554e+00   0.0000000e+00
   8.0000000e-01   1.4704947e+00   0.0000000e+00
   8.0500000e-01   1.4704341e+00   0.0000000e+00
   8.1000000e-01   1.4703735e+00   0.0000000e+00
   8.1500000e-01   1.4703128e+00   0.0000000e+00
   8.2000000e-01   1.4702522e+00   0.0000000e+00
   8.2500000e-01   1.4701926e+00   0.0000000e+00
   8.3000000e-01   1.4701399e+00   0.0000000e+00
   8.3500000e-01   1.4700872e+00   0.0000000e+00
   8.4000000e-01   1.4700345e+00   0.0000000e+00
   8.4500000e-01   1.4699818e+00   0.0000000e+00
   8.5000000e-01   1.4699291e+00   0.0000000e+00
   8.5500000e-01   1.4698764e+00   0.0000000e+00
   8.6000000e-01   1.4698237e+00   0.0000000e+00
   8.6500000e-01   1.4697732e+00   0.0000000e+00
   8.7000000e-01   1.4697264e+00   0.0000000e+00
   8.7500000e-01   1.4696796e+00   0.0000000e+00
   8.8000000e-01   1.4696328e+00   0.0000000e+00
   8.8500000e-01   1.4695860e+00   0.0000000e+00
   8.9000000e-01   1.4695392e+00   0.0000000e+00
   8.9500000e-01   1.4694924e+00   0.0000000e+00
   9.0000000e-01   1.4694456e+00   0.0000000e+00
   9.0500000e-01   1.4693999e+00   0.0000000e+00
   9.1000000e-01   1.4693576e+00   0.0000000e+00
   9.1500000e-01   1.4693154e+00   0.0000000e+00
   9.2000000e-01   1.4692731e+00   0.0000000e+00
   9.2500000e-01   1.4692308e+00   0.0000000e+00
   9.3000000e-01   1.4691886e+00   0.0000000e+00
   9.3500000e-01   1.4691463e+00   0.0000000e+00
   9.4000000e-01   1.4691041e+00   0.0000000e+00
   9.4500000e-01   1.4690618e+00   0.0000000e+00
   9.5000000e-01   1.4690234e+00   0.0000000e+00
   9.5500000e-01   1.4689864e+00   0.0000000e+00
   9.6000000e-01   1.4689494e+00   0.0000000e+00
   9.6500000e-01   1.4689124e+00   0.0000000e+00
   9.7000000e-01   1.4688754e+00   0.0000000e+00
   9.7500000e-01   1.4688384e+00   0.0000000e+00
   9.8000000e-01   1.4688014e+00   0.0000000e+00
   9.8500000e-01   1.4687644e+00   0.0000000e+00
   9.9000000e-01   1.4687274e+00   0.0000000e+00
   9.9500000e-01   1.4686928e+00   0.0000000e+00
   1.0000000e+00   1.4686587e+00   0.0000000e+00
   1.0050000e+00   1.4686247e+00   0.0000000e+00
   1.0100000e+00   1.4685906e+00   0.0000000e+00
   1.0150000e+00   1.4685566e+00   0.0000000e+00
   1.0200000e+00   1.4685226e+00   0.0000000e+00
   1.0250000e+00   1.4684885e+00   0.0000000e+00
   1.0300000e+00   1.4684545e+00   0.0000000e+00
   1.0350000e+00   1.4684204e+00   0.0000000e+00
   1.0400000e+00   1.4683882e+00   0.0000000e+00
   1.0450000e+00   1.4683586e+00   0.0000000e+00
   1.0500000e+00   1.4683290e+00   0.0000000e+00
   1.0550000e+00   1.4682994e+00   0.0000000e+00
   1.0600000e+00   1.4682698e+00   0.0000000e+00
   1.0650000e+00   1.4682402e+00   0.0000000e+00
   1.0700000e+00   1.4682106e+00   0.0000000e+00
   1.0750000e+00   1.4681810e+00   0.0000000e+00
   1.0800000e+00   1.4681514e+00   0.0000000e+00
   1.0850000e+00   1.4681218e+00   0.0000000e+00
   1.0900000e+00   1.4680935e+00   0.0000000e+00
   1.0950000e+00   1.4680661e+00   0.0000000e+00
   1.1000000e+00   1.4680386e+00   0.0000000e+00
   1.1050000e+00   1.4680112e+00   0.0000000e+00
   1.1100000e+00   1.4679837e+00   0.0000000e+00
   1.1150000e+00   1.4679563e+00   0.0000000e+00
   1.1200000e+00   1.4679288e+00   0.0000000e+00
   1.1250000e+00   1.4679014e+00   0.0000000e+00
   1.1300000e+00   1.4678739e+00   0.0000000e+00
   1.1350000e+00   1.4678465e+00   0.0000000e+00
   1.1400000e+00   1.4678198e+00   0.0000000e+00
   1.1450000e+00   1.4677943e+00   0.0000000e+00
   1.1500000e+00   1.4677689e+00   0.0000000e+00
   1.1550000e+00   1.4677434e+00   0.0000000e+00
   1.1600000e+00   1.4677179e+00   0.0000000e+00
   1.1650000e+00   1.4676925e+00   0.0000000e+00
   1.1700000e+00   1.4676670e+00   0.0000000e+00
   1.1750000e+00   1.4676415e+00   0.0000000e+00
   1.1800000e+00   1.4676160e+00   0.0000000e+00
   1.1850000e+00   1.4675906e+00   0.0000000e+00
   1.1900000e+00   1.4675651e+00   0.0000000e+00
   1.1950000e+00   1.4675418e+00   0.0000000e+00
   1.2000000e+00   1.4675189e+00   0.0000000e+00
   1.2050000e+00   1.4674961e+00   0.0000000e+00
   1.2100000e+00   1.4674733e+00   0.0000000e+00
   1.2150000e+00   1.4674505e+00   0.0000000e+00
   1.2200000e+00   1.4674277e+00   0.0000000e+00
   1.2250000e+00   1.4674049e+00   0.0000000e+00
   1.2300000e+00   1.4673821e+00   0.0000000e+00
   1.2350000e+00   1.4673593e+00   0.0000000e+00
   1.2400000e+00   1.4673365e+00   0.0000000e+00
   1.2450000e+00   1.4673137e+00   0.0000000e+00
   1.2500000e+00   1.4672914e+00   0.0000000e+00
   1.2550000e+00   1.4672698e+00   0.0000000e+00
   1.2600000e+00   1.4672483e+00   0.0000000e+00
   1.2650000e+00   1.4672267e+00   0.0000000e+00
   1.2700000e+00   1.4672052e+00   0.0000000e+00
   1.2750000e+00   1.4671836e+00   0.0000000e+00
   1.2800000e+00   1.4671621e+00   0.0000000e+00
   1.2850000e+00   1.4671405e+00   0.0000000e+00
   1.2900000e+00   1.4671190e+00   0.0000000e+00
   1.2950000e+00   1.4670974e+00   0.0000000e+00
   1.3000000e+00   1.4670759e+00   0.0000000e+00
   1.3050000e+00   1.4670543e+00   0.0000000e+00
   1.3100000e+00   1.4670339e+00   0.0000000e+00
   1.3150000e+00   1.4670137e+00   0.0000000e+00
   1.3200000e+00   1.4669935e+00   0.0000000e+00
   1.3250000e+00   1.4669734e+00   0.0000000e+00
   1.3300000e+00   1.4669532e+00   0.0000000e+00
   1.3350000e+00   1.4669331e+00   0.0000000e+00
   1.3400000e+00   1.4669129e+00   0.0000000e+00
   1.3450000e+00   1.4668927e+00   0.0000000e+00
   1.3500000e+00   1.4668726e+00   0.0000000e+00
   1.3550000e+00   1.4668524e+00   0.0000000e+00
   1.3600000e+00   1.4668323e+00   0.0000000e+00
   1.3650000e+00   1.4668121e+00   0.0000000e+00
   1.3700000e+00   1.4667925e+00   0.0000000e+00
   1.3750000e+00   1.4667738e+00   0.0000000e+00
   1.3800000e+00   1.4667550e+00   0.0000000e+00
   1.3850000e+00   1.4667363e+00   0.0000000e+00
   1.3900000e+00   1.4667175e+00   0.0000000e+00
   1.3950000e+00   1.4666987e+00   0.0000000e+00
   1.4000000e+00   1.4666800e+00   0.0000000e+00
   1.4050000e+00   1.4666613e+00   0.0000000e+00
   1.4100000e+00   1.4666425e+00   0.0000000e+00
   1.4150000e+00   1.4666238e+00   0.0000000e+00
   1.4200000e+00   1.4666050e+00   0.0000000e+00
   1.4250000e+00   1.4665862e+00   0.0000000e+00
   1.4300000e+00   1.4665675e+00   0.0000000e+00
   1.4350000e+00   1.4665494e+00   0.0000000e+00
   1.4400000e+00   1.4665318e+00   0.0000000e+00
   1.4450000e+00   1.4665141e+00   0.0000000e+00
   1.4500000e+00   1.4664965e+00   0.0000000e+00
   1.4550000e+00   1.4664788e+00   0.0000000e+00
   1.4600000e+00   1.4664612e+00   0.0000000e+00
   1.4650000e+00   1.4664435e+00   0.0000000e+00
   1.4700000e+00   1.4664259e+00   0.0000000e+00
   1.4750000e+00   1.4664082e+00   0.0000000e+00
   1.4800000e+00   1.4663906e+00   0.0000000e+00
   1.4850000e+00   1.4663729e+00   0.0000000e+00
   1.4900000e+00   1.4663553e+00   0.0000000e+00
   1.4950000e+00   1.4663376e+00   0.0000000e+00
   1.5000000e+00   1.4663200e+00   0.0000000e+00
   1.5050000e+00   1.4663024e+00   0.0000000e+00
   1.5100000e+00   1.4662848e+00   0.0000000e+00
   1.5150000e+00   1.4662672e+00   0.0000000e+00
   1.5200000e+00   1.4662496e+00   0.0000000e+00
   1.5250000e+00   1.4662320e+00   0.0000000e+00
   1.5300000e+00   1.4662144e+00   0.0000000e+00
   1.5350000e+00   1.4661968e+00   0.0000000e+00
   1.5400000e+00   1.4661792e+00   0.0000000e+00
   1.5450000e+00   1.4661615e+00   0.0000000e+00
   1.5500000e+00   1.4661439e+00   0.0000000e+00
   1.5550000e+00   1.4661263e+00   0.0000000e+00
   1.5600000e+00   1.4661087e+00   0.0000000e+00
   1.5650000e+00   1.4660911e+00   0.0000000e+00
   1.5700000e+00   1.4660735e+00   0.0000000e+00
   1.5750000e+00   1.4660570e+00   0.0000000e+00
   1.5800000e+00   1.4660408e+00   0.0000000e+00
   1.5850000e+00   1.4660246e+00   0.0000000e+00
   1.5900000e+00   1.4660084e+00   0.0000000e+00
   1.5950000e+00   1.4659922e+00   0.0000000e+00
   1.6000000e+00   1.4659759e+00   0.0000000e+00
   1.6050000e+00   1.4659597e+00   0.0000000e+00
   1.6100000e+00   1.4659435e+00   0.0000000e+00
   1.6150000e+00   1.4659273e+00   0.0000000e+00
   1.6200000e+00   1.4659111e+00   0.0000000e+00
   1.6250000e+00   1.4658949e+00   0.0000000e+00
   1.6300000e+00   1.4658786e+00   0.0000000e+00
   1.6350000e+00   1.4658624e+00   0.0000000e+00
   1.6400000e+00   1.4658462e+00   0.0000000e+00
   1.6450000e+00   1.4658300e+00   0.0000000e+00
   1.6500000e+00   1.4658138e+00   0.0000000e+00
   1.6550000e+00   1.4657975e+00   0.0000000e+00
   1.6600000e+00   1.4657813e+00   0.0000000e+00
   1.6650000e+00   1.4657651e+00   0.0000000e+00
   1.6700000e+00   1.4657488e+00   0.0000000e+00
   1.6750000e+00   1.4657326e+00   0.0000000e+00
   1.6800000e+00   1.4657164e+00   0.0000000e+00
   1.6850000e+00   1.4657001e+00   0.0000000e+00
   1.6900000e+00   1.4656839e+00   0.0000000e+00
   1.6950000e+00   1.4656677e+00   0.0000000e+00
   1.7000000e+00   1.4656514e+00   0.0000000e+00
   1.7050000e+00   1.4656352e+00   0.0000000e+00
   1.7100000e+00   1.4656190e+00   0.0000000e+00
   1.7150000e+00   1.4656027e+00   0.0000000e+00
   1.7200000e+00   1.4655865e+00   0.0000000e+00
   1.7250000e+00   1.4655704e+00   0.0000000e+00
   1.7300000e+00   1.4655543e+00   0.0000000e+00
   1.7350000e+00   1.4655383e+00   0.0000000e+00
   1.7400000e+00   1.4655222e+00   0.0000000e+00
   1.7450000e+00   1.4655062e+00   0.0000000e+00
   1.7500000e+00   1.4654901e+00   0.0000000e+00
   1.7550000e+00   1.4654741e+00   0.0000000e+00
   1.7600000e+00   1.4654580e+00   0.0000000e+00
   1.7650000e+00   1.4654420e+00   0.0000000e+00
   1.7700000e+00   1.4654259e+00   0.0000000e+00
   1.7750000e+00   1.4654099e+00   0.0000000e+00
   1.7800000e+00   1.4653938e+00   0.0000000e+00
   1.7850000e+00   1.4653778e+00   0.0000000e+00
   1.7900000e+00   1.4653617e+00   0.0000000e+00
   1.7950000e+00   1.4653457e+00   0.0000000e+00
   1.8000000e+00   1.4653296e+00   0.0000000e+00
   1.8050000e+00   1.4653136e+00   0.0000000e+00
   1.8100000e+00   1.4652978e+00   0.0000000e+00
   1.8150000e+00   1.4652819e+00   0.0000000e+00
   1.8200000e+00   1.4652660e+00   0.0000000e+00
   1.8250000e+00   1.4652501e+00   0.0000000e+00
   1.8300000e+00   1.4652342e+00   0.0000000e+00
   1.8350000e+00   1.4652184e+00   0.0000000e+00
   1.8400000e+00   1.4652025e+00   0.0000000e+00
   1.8450000e+00   1.4651866e+00   0.0000000e+00
   1.8500000e+00   1.4651707e+00   0.0000000e+00
   1.8550000e+00   1.4651548e+00   0.0000000e+00
   1.8600000e+00   1.4651389e+00   0.0000000e+00
   1.8650000e+00   1.4651231e+00   0.0000000e+00
   1.8700000e+00   1.4651072e+00   0.0000000e+00
   1.8750000e+00   1.4650913e+00   0.0000000e+00
   1.8800000e+00   1.4650754e+00   0.0000000e+00
   1.8850000e+00   1.4650595e+00   0.0000000e+00
   1.8900000e+00   1.4650437e+00   0.0000000e+00
   1.8950000e+00   1.4650280e+00   0.0000000e+00
   1.9000000e+00   1.4650122e+00   0.0000000e+00
   1.9050000e+00   1.4649965e+00   0.0000000e+00
   1.9100000e+00   1.4649808e+00   0.0000000e+00
   1.9150000e+00   1.4649651e+00   0.0000000e+00
   1.9200000e+00   1.4649493e+00   0.0000000e+00
   1.9250000e+00   1.4649336e+00   0.0000000e+00
   1.9300000e+00   1.4649179e+00   0.0000000e+00
   1.9350000e+00   1.4649021e+00   0.0000000e+00
   1.9400000e+00   1.4648864e+00   0.0000000e+00
   1.9450000e+00   1.4648707e+00   0.0000000e+00
   1.9500000e+00   1.4648549e+00   0.0000000e+00
   1.9550000e+00   1.4648392e+00   0.0000000e+00
   1.9600000e+00   1.4648235e+00   0.0000000e+00
   1.9650000e+00   1.4648078e+00   0.0000000e+00
   1.9700000e+00   1.4647920e+00   0.0000000e+00
   1.9750000e+00   1.4647763e+00   0.0000000e+00
   1.9800000e+00   1.4647607e+00   0.0000000e+00
   1.9850000e+00   1.4647453e+00   0.0000000e+00
   1.9900000e+00   1.4647299e+00   0.0000000e+00
   1.9950000e+00   1.4647145e+00   0.0000000e+00
   2.0000000e+00   1.4646990e+00   0.0000000e+00
   2.0050000e+00   1.4646836e+00   0.0000000e+00
   2.0100000e+00   1.4646682e+00   0.0000000e+00
   2.0150000e+00   1.4646528e+00   0.0000000e+00
   2.0200000e+00   1.4646373e+00   0.0000000e+00
   2.0250000e+00   1.4646219e+00   0.0000000e+00
   2.0300000e+00   1.4646065e+00   0.0000000e+00
   2.0350000e+00   1.4645911e+00   0.0000000e+00
   2.0400000e+00   1.4645756e+00   0.0000000e+00
   2.0450000e+00   1.4645602e+00   0.0000000e+00
   2.0500000e+00   1.4645448e+00   0.0000000e+00
   2.0550000e+00   1.4645294e+00   0.0000000e+00
   2.0600000e+00   1.4645139e+00   0.0000000e+00
   2.0650000e+00   1.4644985e+00   0.0000000e+00
   2.0700000e+00   1.4644831e+00   0.0000000e+00
   2.0750000e+00   1.4644672e+00   0.0000000e+00
   2.0800000e+00   1.4644512e+00   0.0000000e+00
   2.0850000e+00   1.4644353e+00   0.0000000e+00
   2.0900000e+00   1.4644193e+00   0.0000000e+00
   2.0950000e+00   1.4644033e+00   0.0000000e+00
   2.1000000e+00   1.4643873e+00   0.0000000e+00
   2.1050000e+00   1.4643713e+00   0.0000000e+00
   2.1100000e+00   1.4643554e+00   0.0000000e+00
   2.1150000e+00   1.4643394e+00   0.0000000e+00
   2.1200000e+00   1.4643234e+00   0.0000000e+00
   2.1250000e+00   1.4643074e+00   0.0000000e+00
   2.1300000e+00   1.4642914e+00   0.0000000e+00
   2.1350000e+00   1.4642755e+00   0.0000000e+00
   2.1400000e+00   1.4642595e+00   0.0000000e+00
   2.1450000e+00   1.4642435e+00   0.0000000e+00
   2.1500000e+00   1.4642275e+00   0.0000000e+00
   2.1550000e+00   1.4642115e+00   0.0000000e+00
   2.1600000e+00   1.4641956e+00   0.0000000e+00
   2.1650000e+00   1.4641796e+00   0.0000000e+00
   2.1700000e+00   1.4641635e+00   0.0000000e+00
   2.1750000e+00   1.4641474e+00   0.0000000e+00
   2.1800000e+00   1.4641312e+00   0.0000000e+00
   2.1850000e+00   1.4641150e+00   0.0000000e+00
   2.1900000e+00   1.4640988e+00   0.0000000e+00
   2.1950000e+00   1.4640826e+00   0.0000000e+00
   2.2000000e+00   1.4640665e+00   0.0000000e+00
   2.2050000e+00   1.4640503e+00   0.0000000e+00
   2.2100000e+00   1.4640341e+00   0.0000000e+00
   2.2150000e+00   1.4640179e+00   0.0000000e+00
   2.2200000e+00   1.4640018e+00   0.0000000e+00
   2.2250000e+00   1.4639856e+00   0.0000000e+00
   2.2300000e+00   1.4639694e+00   0.0000000e+00
   2.2350000e+00   1.4639532e+00   0.0000000e+00
   2.2400000e+00   1.4639371e+00   0.0000000e+00
   2.2450000e+00   1.4639209e+00   0.0000000e+00
   2.2500000e+00   1.4639047e+00   0.0000000e+00
   2.2550000e+00   1.4638885e+00   0.0000000e+00
   2.2600000e+00   1.4638724e+00   0.0000000e+00
   2.2650000e+00   1.4638562e+00   0.0000000e+00
   2.2700000e+00   1.4638400e+00   0.0000000e+00
   2.2750000e+00   1.4638236e+00   0.0000000e+00
   2.2800000e+00   1.4638073e+00   0.0000000e+00
   2.2850000e+00   1.4637909e+00   0.0000000e+00
   2.2900000e+00   1.4637746e+00   0.0000000e+00
   2.2950000e+00   1.4637582e+00   0.0000000e+00
   2.3000000e+00   1.4637419e+00   0.0000000e+00
   2.3050000e+00   1.4637255e+00   0.0000000e+00
   2.3100000e+00   1.4637092e+00   0.0000000e+00
   2.3150000e+00   1.4636928e+00   0.0000000e+00
   2.3200000e+00   1.4636764e+00   0.0000000e+00
   2.3250000e+00   1.4636601e+00   0.0000000e+00
   2.3300000e+00   1.4636437e+00   0.0000000e+00
   2.3350000e+00   1.4636274e+00   0.0000000e+00
   2.3400000e+00   1.4636110e+00   0.0000000e+00
   2.3450000e+00   1.4635947e+00   0.0000000e+00
   2.3500000e+00   1.4635783e+00   0.0000000e+00
   2.3550000e+00   1.4635620e+00   0.0000000e+00
   2.3600000e+00   1.4635456e+00   0.0000000e+00
   2.3650000e+00   1.4635293e+00   0.0000000e+00
   2.3700000e+00   1.4635129e+00   0.0000000e+00
   2.3750000e+00   1.4634965e+00   0.0000000e+00
   2.3800000e+00   1.4634798e+00   0.0000000e+00
   2.3850000e+00   1.4634629e+00   0.0000000e+00
   2.3900000e+00   1.4634459e+00   0.0000000e+00
   2.3950000e+00   1.4634289e+00   0.0000000e+00
   2.4000000e+00   1.4634120e+00   0.0000000e+00
   2.4050000e+00   1.4633950e+00   0.0000000e+00
   2.4100000e+00   1.4633780e+00   0.0000000e+00
   2.4150000e+00   1.4633611e+00   0.0000000e+00
   2.4200000e+00   1.4633441e+00   0.0000000e+00
   2.4250000e+00   1.4633271e+00   0.0000000e+00
   2.4300000e+00   1.4633102e+00   0.0000000e+00
   2.4350000e+00   1.4632932e+00   0.0000000e+00
   2.4400000e+00   1.4632762e+00   0.0000000e+00
   2.4450000e+00   1.4632593e+00   0.0000000e+00
   2.4500000e+00   1.4632423e+00   0.0000000e+00
   2.4550000e+00   1.4632254e+00   0.0000000e+00
   2.4600000e+00   1.4632084e+00   0.0000000e+00
   2.4650000e+00   1.4631914e+00   0.0000000e+00
   2.4700000e+00   1.4631745e+00   0.0000000e+00
   2.4750000e+00   1.4631575e+00   0.0000000e+00
   2.4800000e+00   1.4631405e+00   0.0000000e+00
   2.4850000e+00   1.4631236e+00   0.0000000e+00
   2.4900000e+00   1.4631065e+00   0.0000000e+00
   2.4950000e+00   1.4630892e+00   0.0000000e+00
   2.5000000e+00   1.4630718e+00   0.0000000e+00
   2.5025000e+00   1.4630631e+00   0.0000000e+00
   2.5050100e+00   1.4630544e+00   0.0000000e+00
   2.5075200e+00   1.4630457e+00   0.0000000e+00
   2.5100400e+00   1.4630369e+00   0.0000000e+00
   2.5125600e+00   1.4630281e+00   0.0000000e+00
   2.5150900e+00   1.4630193e+00   0.0000000e+00
   2.5176200e+00   1.4630106e+00   0.0000000e+00
   2.5201600e+00   1.4630017e+00   0.0000000e+00
   2.5227000e+00   1.4629929e+00   0.0000000e+00
   2.5252500e+00   1.4629840e+00   0.0000000e+00
   2.5278100e+00   1.4629752e+00   0.0000000e+00
   2.5303600e+00   1.4629663e+00   0.0000000e+00
   2.5329300e+00   1.4629574e+00   0.0000000e+00
   2.5355000e+00   1.4629484e+00   0.0000000e+00
   2.5380700e+00   1.4629395e+00   0.0000000e+00
   2.5406500e+00   1.4629305e+00   0.0000000e+00
   2.5432300e+00   1.4629216e+00   0.0000000e+00
   2.5458200e+00   1.4629126e+00   0.0000000e+00
   2.5484200e+00   1.4629035e+00   0.0000000e+00
   2.5510200e+00   1.4628945e+00   0.0000000e+00
   2.5536300e+00   1.4628854e+00   0.0000000e+00
   2.5562400e+00   1.4628764e+00   0.0000000e+00
   2.5588500e+00   1.4628673e+00   0.0000000e+00
   2.5614800e+00   1.4628582e+00   0.0000000e+00
   2.5641000e+00   1.4628491e+00   0.0000000e+00
   2.5667400e+00   1.4628399e+00   0.0000000e+00
   2.5693700e+00   1.4628307e+00   0.0000000e+00
   2.5720200e+00   1.4628215e+00   0.0000000e+00
   2.5746700e+00   1.4628123e+00   0.0000000e+00
   2.5773200e+00   1.4628031e+00   0.0000000e+00
   2.5799800e+00   1.4627939e+00   0.0000000e+00
   2.5826400e+00   1.4627846e+00   0.0000000e+00
   2.5853200e+00   1.4627753e+00   0.0000000e+00
   2.5879900e+00   1.4627661e+00   0.0000000e+00
   2.5906700e+00   1.4627567e+00   0.0000000e+00
   2.5933600e+00   1.4627474e+00   0.0000000e+00
   2.5960500e+00   1.4627380e+00   0.0000000e+00
   2.5987500e+00   1.4627287e+00   0.0000000e+00
   2.6014600e+00   1.4627192e+00   0.0000000e+00
   2.6041700e+00   1.4627098e+00   0.0000000e+00
   2.6068800e+00   1.4627004e+00   0.0000000e+00
   2.6096000e+00   1.4626907e+00   0.0000000e+00
   2.6123300e+00   1.4626809e+00   0.0000000e+00
   2.6150600e+00   1.4626712e+00   0.0000000e+00
   2.6178000e+00   1.4626614e+00   0.0000000e+00
   2.6205500e+00   1.4626515e+00   0.0000000e+00
   2.6232900e+00   1.4626417e+00   0.0000000e+00
   2.6260500e+00   1.4626319e+00   0.0000000e+00
   2.6288100e+00   1.4626220e+00   0.0000000e+00
   2.6315800e+00   1.4626121e+00   0.0000000e+00
   2.6343500e+00   1.4626022e+00   0.0000000e+00
   2.6371300e+00   1.4625922e+00   0.0000000e+00
   2.6399200e+00   1.4625822e+00   0.0000000e+00
   2.6427100e+00   1.4625723e+00   0.0000000e+00
   2.6455000e+00   1.4625623e+00   0.0000000e+00
   2.6483100e+00   1.4625522e+00   0.0000000e+00
   2.6511100e+00   1.4625422e+00   0.0000000e+00
   2.6539300e+00   1.4625321e+00   0.0000000e+00
   2.6567500e+00   1.4625220e+00   0.0000000e+00
   2.6595700e+00   1.4625119e+00   0.0000000e+00
   2.6624100e+00   1.4625018e+00   0.0000000e+00
   2.6652500e+00   1.4624916e+00   0.0000000e+00
   2.6680900e+00   1.4624815e+00   0.0000000e+00
   2.6709400e+00   1.4624713e+00   0.0000000e+00
   2.6738000e+00   1.4624610e+00   0.0000000e+00
   2.6766600e+00   1.4624508e+00   0.0000000e+00
   2.6795300e+00   1.4624405e+00   0.0000000e+00
   2.6824000e+00   1.4624303e+00   0.0000000e+00
   2.6852800e+00   1.4624200e+00   0.0000000e+00
   2.6881700e+00   1.4624096e+00   0.0000000e+00
   2.6910700e+00   1.4623993e+00   0.0000000e+00
   2.6939700e+00   1.4623889e+00   0.0000000e+00
   2.6968700e+00   1.4623785e+00   0.0000000e+00
   2.6997800e+00   1.4623681e+00   0.0000000e+00
   2.7027000e+00   1.4623577e+00   0.0000000e+00
   2.7056300e+00   1.4623472e+00   0.0000000e+00
   2.7085600e+00   1.4623367e+00   0.0000000e+00
   2.7115000e+00   1.4623262e+00   0.0000000e+00
   2.7144400e+00   1.4623157e+00   0.0000000e+00
   2.7173900e+00   1.4623051e+00   0.0000000e+00
   2.7203500e+00   1.4622945e+00   0.0000000e+00
   2.7233100e+00   1.4622839e+00   0.0000000e+00
   2.7262800e+00   1.4622733e+00   0.0000000e+00
   2.7292600e+00   1.4622626e+00   0.0000000e+00
   2.7322400e+00   1.4622518e+00   0.0000000e+00
   2.7352300e+00   1.4622408e+00   0.0000000e+00
   2.7382300e+00   1.4622298e+00   0.0000000e+00
   2.7412300e+00   1.4622188e+00   0.0000000e+00
   2.7442400e+00   1.4622077e+00   0.0000000e+00
   2.7472500e+00   1.4621967e+00   0.0000000e+00
   2.7502800e+00   1.4621855e+00   0.0000000e+00
   2.7533000e+00   1.4621744e+00   0.0000000e+00
   2.7563400e+00   1.4621633e+00   0.0000000e+00
   2.7593800e+00   1.4621521e+00   0.0000000e+00
   2.7624300e+00   1.4621409e+00   0.0000000e+00
   2.7654900e+00   1.4621297e+00   0.0000000e+00
   2.7685500e+00   1.4621184e+00   0.0000000e+00
   2.7716200e+00   1.4621072e+00   0.0000000e+00
   2.7746900e+00   1.4620959e+00   0.0000000e+00
   2.7777800e+00   1.4620846e+00   0.0000000e+00
   2.7808700e+00   1.4620732e+00   0.0000000e+00
   2.7839600e+00   1.4620619e+00   0.0000000e+00
   2.7870700e+00   1.4620504e+00   0.0000000e+00
   2.7901800e+00   1.4620390e+00   0.0000000e+00
   2.7933000e+00   1.4620276e+00   0.0000000e+00
   2.7964200e+00   1.4620161e+00   0.0000000e+00
   2.7995500e+00   1.4620046e+00   0.0000000e+00
   2.8026900e+00   1.4619931e+00   0.0000000e+00
   2.8058400e+00   1.4619815e+00   0.0000000e+00
   2.8089900e+00   1.4619700e+00   0.0000000e+00
   2.8121500e+00   1.4619584e+00   0.0000000e+00
   2.8153200e+00   1.4619467e+00   0.0000000e+00
   2.8184900e+00   1.4619351e+00   0.0000000e+00
   2.8216700e+00   1.4619234e+00   0.0000000e+00
   2.8248600e+00   1.4619117e+00   0.0000000e+00
   2.8280500e+00   1.4619000e+00   0.0000000e+00
   2.8312600e+00   1.4618882e+00   0.0000000e+00
   2.8344700e+00   1.4618764e+00   0.0000000e+00
   2.8376800e+00   1.4618646e+00   0.0000000e+00
   2.8409100e+00   1.4618528e+00   0.0000000e+00
   2.8441400e+00   1.4618409e+00   0.0000000e+00
   2.8473800e+00   1.4618290e+00   0.0000000e+00
   2.8506300e+00   1.4618171e+00   0.0000000e+00
   2.8538800e+00   1.4618051e+00   0.0000000e+00
   2.8571400e+00   1.4617932e+00   0.0000000e+00
   2.8604100e+00   1.4617807e+00   0.0000000e+00
   2.8636900e+00   1.4617681e+00   0.0000000e+00
   2.8669700e+00   1.4617554e+00   0.0000000e+00
   2.8702600e+00   1.4617428e+00   0.0000000e+00
   2.8735600e+00   1.4617301e+00   0.0000000e+00
   2.8768700e+00   1.4617173e+00   0.0000000e+00
   2.8801800e+00   1.4617046e+00   0.0000000e+00
   2.8835100e+00   1.4616917e+00   0.0000000e+00
   2.8868400e+00   1.4616789e+00   0.0000000e+00
   2.8901700e+00   1.4616661e+00   0.0000000e+00
   2.8935200e+00   1.4616532e+00   0.0000000e+00
   2.8968700e+00   1.4616403e+00   0.0000000e+00
   2.9002300e+00   1.4616273e+00   0.0000000e+00
   2.9036000e+00   1.4616144e+00   0.0000000e+00
   2.9069800e+00   1.4616013e+00   0.0000000e+00
   2.9103600e+00   1.4615883e+00   0.0000000e+00
   2.9137500e+00   1.4615753e+00   0.0000000e+00
   2.9171500e+00   1.4615622e+00   0.0000000e+00
   2.9205600e+00   1.4615490e+00   0.0000000e+00
   2.9239800e+00   1.4615359e+00   0.0000000e+00
   2.9274000e+00   1.4615227e+00   0.0000000e+00
   2.9308300e+00   1.4615095e+00   0.0000000e+00
   2.9342700e+00   1.4614962e+00   0.0000000e+00
   2.9377200e+00   1.4614829e+00   0.0000000e+00
   2.9411800e+00   1.4614696e+00   0.0000000e+00
   2.9446400e+00   1.4614563e+00   0.0000000e+00
   2.9481100e+00   1.4614429e+00   0.0000000e+00
   2.9515900e+00   1.4614295e+00   0.0000000e+00
   2.9550800e+00   1.4614161e+00   0.0000000e+00
   2.9585800e+00   1.4614026e+00   0.0000000e+00
   2.9620900e+00   1.4613891e+00   0.0000000e+00
   2.9656000e+00   1.4613755e+00   0.0000000e+00
   2.9691200e+00   1.4613620e+00   0.0000000e+00
   2.9726500e+00   1.4613484e+00   0.0000000e+00
   2.9761900e+00   1.4613347e+00   0.0000000e+00
   2.9797400e+00   1.4613211e+00   0.0000000e+00
   2.9832900e+00   1.4613074e+00   0.0000000e+00
   2.9868600e+00   1.4612937e+00   0.0000000e+00
   2.9904300e+00   1.4612799e+00   0.0000000e+00
   2.9940100e+00   1.4612660e+00   0.0000000e+00
   2.9976000e+00   1.4612517e+00   0.0000000e+00
   3.0012000e+00   1.4612374e+00   0.0000000e+00
   3.0048100e+00   1.4612231e+00   0.0000000e+00
   3.0084200e+00   1.4612088e+00   0.0000000e+00
   3.0120500e+00   1.4611943e+00   0.0000000e+00
   3.0156800e+00   1.4611799e+00   0.0000000e+00
   3.0193200e+00   1.4611655e+00   0.0000000e+00
   3.0229700e+00   1.4611510e+00   0.0000000e+00
   3.0266300e+00   1.4611364e+00   0.0000000e+00
   3.0303000e+00   1.4611219e+00   0.0000000e+00
   3.0339800e+00   1.4611072e+00   0.0000000e+00
   3.0376700e+00   1.4610926e+00   0.0000000e+00
   3.0413600e+00   1.4610779e+00   0.0000000e+00
   3.0450700e+00   1.4610632e+00   0.0000000e+00
   3.0487800e+00   1.4610485e+00   0.0000000e+00
   3.0525000e+00   1.4610337e+00   0.0000000e+00
   3.0562300e+00   1.4610189e+00   0.0000000e+00
   3.0599800e+00   1.4610040e+00   0.0000000e+00
   3.0637300e+00   1.4609891e+00   0.0000000e+00
   3.0674800e+00   1.4609742e+00   0.0000000e+00
   3.0712500e+00   1.4609592e+00   0.0000000e+00
   3.0750300e+00   1.4609442e+00   0.0000000e+00
   3.0788200e+00   1.4609292e+00   0.0000000e+00
   3.0826100e+00   1.4609141e+00   0.0000000e+00
   3.0864200e+00   1.4608990e+00   0.0000000e+00
   3.0902300e+00   1.4608838e+00   0.0000000e+00
   3.0940600e+00   1.4608686e+00   0.0000000e+00
   3.0978900e+00   1.4608534e+00   0.0000000e+00
   3.1017400e+00   1.4608381e+00   0.0000000e+00
   3.1055900e+00   1.4608228e+00   0.0000000e+00
   3.1094500e+00   1.4608075e+00   0.0000000e+00
   3.1133300e+00   1.4607921e+00   0.0000000e+00
   3.1172100e+00   1.4607767e+00   0.0000000e+00
   3.1211000e+00   1.4607612e+00   0.0000000e+00
   3.1250000e+00   1.4607457e+00   0.0000000e+00
   3.1289100e+00   1.4607302e+00   0.0000000e+00
   3.1328300e+00   1.4607146e+00   0.0000000e+00
   3.1367600e+00   1.4606986e+00   0.0000000e+00
   3.1407000e+00   1.4606824e+00   0.0000000e+00
   3.1446500e+00   1.4606661e+00   0.0000000e+00
   3.1486100e+00   1.4606498e+00   0.0000000e+00
   3.1525900e+00   1.4606334e+00   0.0000000e+00
   3.1565700e+00   1.4606170e+00   0.0000000e+00
   3.1605600e+00   1.4606005e+00   0.0000000e+00
   3.1645600e+00   1.4605840e+00   0.0000000e+00
   3.1685700e+00   1.4605675e+00   0.0000000e+00
   3.1725900e+00   1.4605509e+00   0.0000000e+00
   3.1766200e+00   1.4605343e+00   0.0000000e+00
   3.1806600e+00   1.4605177e+00   0.0000000e+00
   3.1847100e+00   1.4605010e+00   0.0000000e+00
   3.1887800e+00   1.4604842e+00   0.0000000e+00
   3.1928500e+00   1.4604674e+00   0.0000000e+00
   3.1969300e+00   1.4604506e+00   0.0000000e+00
   3.2010200e+00   1.4604338e+00   0.0000000e+00
   3.2051300e+00   1.4604168e+00   0.0000000e+00
   3.2092400e+00   1.4603999e+00   0.0000000e+00
   3.2133700e+00   1.4603829e+00   0.0000000e+00
   3.2175000e+00   1.4603658e+00   0.0000000e+00
   3.2216500e+00   1.4603487e+00   0.0000000e+00
   3.2258100e+00   1.4603316e+00   0.0000000e+00
   3.2299700e+00   1.4603144e+00   0.0000000e+00
   3.2341500e+00   1.4602972e+00   0.0000000e+00
   3.2383400e+00   1.4602799e+00   0.0000000e+00
   3.2425400e+00   1.4602626e+00   0.0000000e+00
   3.2467500e+00   1.4602453e+00   0.0000000e+00
   3.2509800e+00   1.4602279e+00   0.0000000e+00
   3.2552100e+00   1.4602104e+00   0.0000000e+00
   3.2594500e+00   1.4601929e+00   0.0000000e+00
   3.2637100e+00   1.4601754e+00   0.0000000e+00
   3.2679700e+00   1.4601578e+00   0.0000000e+00
   3.2722500e+00   1.4601402e+00   0.0000000e+00
   3.2765400e+00   1.4601225e+00   0.0000000e+00
   3.2808400e+00   1.4601048e+00   0.0000000e+00
   3.2851500e+00   1.4600865e+00   0.0000000e+00
   3.2894700e+00   1.4600680e+00   0.0000000e+00
   3.2938100e+00   1.4600494e+00   0.0000000e+00
   3.2981500e+00   1.4600308e+00   0.0000000e+00
   3.3025100e+00   1.4600121e+00   0.0000000e+00
   3.3068800e+00   1.4599934e+00   0.0000000e+00
   3.3112600e+00   1.4599746e+00   0.0000000e+00
   3.3156500e+00   1.4599558e+00   0.0000000e+00
   3.3200500e+00   1.4599369e+00   0.0000000e+00
   3.3244700e+00   1.4599180e+00   0.0000000e+00
   3.3288900e+00   1.4598990e+00   0.0000000e+00
   3.3333300e+00   1.4598800e+00   0.0000000e+00
   3.3377800e+00   1.4598609e+00   0.0000000e+00
   3.3422500e+00   1.4598418e+00   0.0000000e+00
   3.3467200e+00   1.4598226e+00   0.0000000e+00
   3.3512100e+00   1.4598034e+00   0.0000000e+00
   3.3557000e+00   1.4597841e+00   0.0000000e+00
   3.3602200e+00   1.4597648e+00   0.0000000e+00
   3.3647400e+00   1.4597454e+00   0.0000000e+00
   3.3692700e+00   1.4597260e+00   0.0000000e+00
   3.3738200e+00   1.4597065e+00   0.0000000e+00
   3.3783800e+00   1.4596869e+00   0.0000000e+00
   3.3829500e+00   1.4596674e+00   0.0000000e+00
   3.3875300e+00   1.4596477e+00   0.0000000e+00
   3.3921300e+00   1.4596280e+00   0.0000000e+00
   3.3967400e+00   1.4596083e+00   0.0000000e+00
   3.4013600e+00   1.4595885e+00   0.0000000e+00
   3.4059900e+00   1.4595686e+00   0.0000000e+00
   3.4106400e+00   1.4595487e+00   0.0000000e+00
   3.4153000e+00   1.4595287e+00   0.0000000e+00
   3.4199700e+00   1.4595087e+00   0.0000000e+00
   3.4246600e+00   1.4594886e+00   0.0000000e+00
   3.4293600e+00   1.4594685e+00   0.0000000e+00
   3.4340700e+00   1.4594483e+00   0.0000000e+00
   3.4387900e+00   1.4594276e+00   0.0000000e+00
   3.4435300e+00   1.4594065e+00   0.0000000e+00
   3.4482800e+00   1.4593854e+00   0.0000000e+00
   3.4530400e+00   1.4593643e+00   0.0000000e+00
   3.4578100e+00   1.4593431e+00   0.0000000e+00
   3.4626000e+00   1.4593218e+00   0.0000000e+00
   3.4674100e+00   1.4593004e+00   0.0000000e+00
   3.4722200e+00   1.4592790e+00   0.0000000e+00
   3.4770500e+00   1.4592576e+00   0.0000000e+00
   3.4818900e+00   1.4592360e+00   0.0000000e+00
   3.4867500e+00   1.4592144e+00   0.0000000e+00
   3.4916200e+00   1.4591928e+00   0.0000000e+00
   3.4965000e+00   1.4591711e+00   0.0000000e+00
   3.5014000e+00   1.4591493e+00   0.0000000e+00
   3.5063100e+00   1.4591275e+00   0.0000000e+00
   3.5112400e+00   1.4591056e+00   0.0000000e+00
   3.5161700e+00   1.4590837e+00   0.0000000e+00
   3.5211300e+00   1.4590616e+00   0.0000000e+00
   3.5260900e+00   1.4590396e+00   0.0000000e+00
   3.5310700e+00   1.4590175e+00   0.0000000e+00
   3.5360700e+00   1.4589952e+00   0.0000000e+00
   3.5410800e+00   1.4589730e+00   0.0000000e+00
   3.5461000e+00   1.4589507e+00   0.0000000e+00
   3.5511400e+00   1.4589283e+00   0.0000000e+00
   3.5561900e+00   1.4589058e+00   0.0000000e+00
   3.5612500e+00   1.4588833e+00   0.0000000e+00
   3.5663300e+00   1.4588608e+00   0.0000000e+00
   3.5714300e+00   1.4588381e+00   0.0000000e+00
   3.5765400e+00   1.4588154e+00   0.0000000e+00
   3.5816600e+00   1.4587926e+00   0.0000000e+00
   3.5868000e+00   1.4587698e+00   0.0000000e+00
   3.5919500e+00   1.4587469e+00   0.0000000e+00
   3.5971200e+00   1.4587239e+00   0.0000000e+00
   3.6023100e+00   1.4586997e+00   0.0000000e+00
   3.6075000e+00   1.4586753e+00   0.0000000e+00
   3.6127200e+00   1.4586507e+00   0.0000000e+00
   3.6179500e+00   1.4586261e+00   0.0000000e+00
   3.6231900e+00   1.4586015e+00   0.0000000e+00
   3.6284500e+00   1.4585767e+00   0.0000000e+00
   3.6337200e+00   1.4585519e+00   0.0000000e+00
   3.6390100e+00   1.4585270e+00   0.0000000e+00
   3.6443100e+00   1.4585021e+00   0.0000000e+00
   3.6496400e+00   1.4584770e+00   0.0000000e+00
   3.6549700e+00   1.4584519e+00   0.0000000e+00
   3.6603200e+00   1.4584267e+00   0.0000000e+00
   3.6656900e+00   1.4584015e+00   0.0000000e+00
   3.6710700e+00   1.4583761e+00   0.0000000e+00
   3.6764700e+00   1.4583507e+00   0.0000000e+00
   3.6818900e+00   1.4583252e+00   0.0000000e+00
   3.6873200e+00   1.4582997e+00   0.0000000e+00
   3.6927600e+00   1.4582741e+00   0.0000000e+00
   3.6982200e+00   1.4582484e+00   0.0000000e+00
   3.7037000e+00   1.4582226e+00   0.0000000e+00
   3.7092000e+00   1.4581967e+00   0.0000000e+00
   3.7147100e+00   1.4581708e+00   0.0000000e+00
   3.7202400e+00   1.4581448e+00   0.0000000e+00
   3.7257800e+00   1.4581187e+00   0.0000000e+00
   3.7313400e+00   1.4580925e+00   0.0000000e+00
   3.7369200e+00   1.4580663e+00   0.0000000e+00
   3.7425100e+00   1.4580400e+00   0.0000000e+00
   3.7481300e+00   1.4580135e+00   0.0000000e+00
   3.7537500e+00   1.4579871e+00   0.0000000e+00
   3.7594000e+00   1.4579605e+00   0.0000000e+00
   3.7650600e+00   1.4579338e+00   0.0000000e+00
   3.7707400e+00   1.4579067e+00   0.0000000e+00
   3.7764400e+00   1.4578790e+00   0.0000000e+00
   3.7821500e+00   1.4578512e+00   0.0000000e+00
   3.7878800e+00   1.4578234e+00   0.0000000e+00
   3.7936300e+00   1.4577955e+00   0.0000000e+00
   3.7993900e+00   1.4577675e+00   0.0000000e+00
   3.8051800e+00   1.4577394e+00   0.0000000e+00
   3.8109800e+00   1.4577112e+00   0.0000000e+00
   3.8167900e+00   1.4576829e+00   0.0000000e+00
   3.8226300e+00   1.4576546e+00   0.0000000e+00
   3.8284800e+00   1.4576261e+00   0.0000000e+00
   3.8343600e+00   1.4575976e+00   0.0000000e+00
   3.8402500e+00   1.4575690e+00   0.0000000e+00
   3.8461500e+00   1.4575403e+00   0.0000000e+00
   3.8520800e+00   1.4575115e+00   0.0000000e+00
   3.8580200e+00   1.4574826e+00   0.0000000e+00
   3.8639900e+00   1.4574536e+00   0.0000000e+00
   3.8699700e+00   1.4574246e+00   0.0000000e+00
   3.8759700e+00   1.4573954e+00   0.0000000e+00
   3.8819900e+00   1.4573662e+00   0.0000000e+00
   3.8880200e+00   1.4573369e+00   0.0000000e+00
   3.8940800e+00   1.4573074e+00   0.0000000e+00
   3.9001600e+00   1.4572779e+00   0.0000000e+00
   3.9062500e+00   1.4572483e+00   0.0000000e+00
   3.9123600e+00   1.4572186e+00   0.0000000e+00
   3.9185000e+00   1.4571888e+00   0.0000000e+00
   3.9246500e+00   1.4571589e+00   0.0000000e+00
   3.9308200e+00   1.4571289e+00   0.0000000e+00
   3.9370100e+00   1.4570988e+00   0.0000000e+00
   3.9432200e+00   1.4570686e+00   0.0000000e+00
   3.9494500e+00   1.4570373e+00   0.0000000e+00
   3.9557000e+00   1.4570053e+00   0.0000000e+00
   3.9619700e+00   1.4569733e+00   0.0000000e+00
   3.9682500e+00   1.4569413e+00   0.0000000e+00
   3.9745600e+00   1.4569090e+00   0.0000000e+00
   3.9808900e+00   1.4568767e+00   0.0000000e+00
   3.9872400e+00   1.4568443e+00   0.0000000e+00
   3.9936100e+00   1.4568117e+00   0.0000000e+00
   4.0000000e+00   1.4567791e+00   0.0000000e+00
   4.0064100e+00   1.4567463e+00   0.0000000e+00
   4.0128400e+00   1.4567135e+00   0.0000000e+00
   4.0192900e+00   1.4566806e+00   0.0000000e+00
   4.0257600e+00   1.4566475e+00   0.0000000e+00
   4.0322600e+00   1.4566143e+00   0.0000000e+00
   4.0387700e+00   1.4565811e+00   0.0000000e+00
   4.0453100e+00   1.4565477e+00   0.0000000e+00
   4.0518600e+00   1.4565142e+00   0.0000000e+00
   4.0584400e+00   1.4564806e+00   0.0000000e+00
   4.0650400e+00   1.4564469e+00   0.0000000e+00
   4.0716600e+00   1.4564131e+00   0.0000000e+00
   4.0783000e+00   1.4563792e+00   0.0000000e+00
   4.0849700e+00   1.4563451e+00   0.0000000e+00
   4.0916500e+00   1.4563110e+00   0.0000000e+00
   4.0983600e+00   1.4562767e+00   0.0000000e+00
   4.1050900e+00   1.4562423e+00   0.0000000e+00
   4.1118400e+00   1.4562079e+00   0.0000000e+00
   4.1186200e+00   1.4561732e+00   0.0000000e+00
   4.1254100e+00   1.4561386e+00   0.0000000e+00
   4.1322300e+00   1.4561034e+00   0.0000000e+00
   4.1390700e+00   1.4560670e+00   0.0000000e+00
   4.1459400e+00   1.4560303e+00   0.0000000e+00
   4.1528200e+00   1.4559936e+00   0.0000000e+00
   4.1597300e+00   1.4559568e+00   0.0000000e+00
   4.1666700e+00   1.4559198e+00   0.0000000e+00
   4.1736200e+00   1.4558827e+00   0.0000000e+00
   4.1806000e+00   1.4558455e+00   0.0000000e+00
   4.1876000e+00   1.4558081e+00   0.0000000e+00
   4.1946300e+00   1.4557706e+00   0.0000000e+00
   4.2016800e+00   1.4557330e+00   0.0000000e+00
   4.2087500e+00   1.4556953e+00   0.0000000e+00
   4.2158500e+00   1.4556575e+00   0.0000000e+00
   4.2229700e+00   1.4556195e+00   0.0000000e+00
   4.2301200e+00   1.4555814e+00   0.0000000e+00
   4.2372900e+00   1.4555431e+00   0.0000000e+00
   4.2444800e+00   1.4555048e+00   0.0000000e+00
   4.2517000e+00   1.4554663e+00   0.0000000e+00
   4.2589400e+00   1.4554277e+00   0.0000000e+00
   4.2662100e+00   1.4553889e+00   0.0000000e+00
   4.2735000e+00   1.4553500e+00   0.0000000e+00
   4.2808200e+00   1.4553110e+00   0.0000000e+00
   4.2881600e+00   1.4552718e+00   0.0000000e+00
   4.2955300e+00   1.4552325e+00   0.0000000e+00
   4.3029300e+00   1.4551930e+00   0.0000000e+00
   4.3103400e+00   1.4551535e+00   0.0000000e+00
   4.3177900e+00   1.4551138e+00   0.0000000e+00
   4.3252600e+00   1.4550739e+00   0.0000000e+00
   4.3327600e+00   1.4550322e+00   0.0000000e+00
   4.3402800e+00   1.4549902e+00   0.0000000e+00
   4.3478300e+00   1.4549480e+00   0.0000000e+00
   4.3554000e+00   1.4549057e+00   0.0000000e+00
   4.3630000e+00   1.4548632e+00   0.0000000e+00
   4.3706300e+00   1.4548206e+00   0.0000000e+00
   4.3782800e+00   1.4547778e+00   0.0000000e+00
   4.3859600e+00   1.4547349e+00   0.0000000e+00
   4.3936700e+00   1.4546918e+00   0.0000000e+00
   4.4014100e+00   1.4546486e+00   0.0000000e+00
   4.4091700e+00   1.4546052e+00   0.0000000e+00
   4.4169600e+00   1.4545617e+00   0.0000000e+00
   4.4247800e+00   1.4545180e+00   0.0000000e+00
   4.4326200e+00   1.4544742e+00   0.0000000e+00
   4.4405000e+00   1.4544301e+00   0.0000000e+00
   4.4484000e+00   1.4543860e+00   0.0000000e+00
   4.4563300e+00   1.4543417e+00   0.0000000e+00
   4.4642900e+00   1.4542972e+00   0.0000000e+00
   4.4722700e+00   1.4542526e+00   0.0000000e+00
   4.4802900e+00   1.4542078e+00   0.0000000e+00
   4.4883300e+00   1.4541629e+00   0.0000000e+00
   4.4964000e+00   1.4541178e+00   0.0000000e+00
   4.5045000e+00   1.4540725e+00   0.0000000e+00
   4.5126400e+00   1.4540270e+00   0.0000000e+00
   4.5208000e+00   1.4539814e+00   0.0000000e+00
   4.5289900e+00   1.4539356e+00   0.0000000e+00
   4.5372100e+00   1.4538880e+00   0.0000000e+00
   4.5454500e+00   1.4538401e+00   0.0000000e+00
   4.5537300e+00   1.4537919e+00   0.0000000e+00
   4.5620400e+00   1.4537435e+00   0.0000000e+00
   4.5703800e+00   1.4536949e+00   0.0000000e+00
   4.5787500e+00   1.4536462e+00   0.0000000e+00
   4.5871600e+00   1.4535972e+00   0.0000000e+00
   4.5955900e+00   1.4535482e+00   0.0000000e+00
   4.6040500e+00   1.4534989e+00   0.0000000e+00
   4.6125500e+00   1.4534494e+00   0.0000000e+00
   4.6210700e+00   1.4533998e+00   0.0000000e+00
   4.6296300e+00   1.4533500e+00   0.0000000e+00
   4.6382200e+00   1.4533000e+00   0.0000000e+00
   4.6468400e+00   1.4532498e+00   0.0000000e+00
   4.6554900e+00   1.4531994e+00   0.0000000e+00
   4.6641800e+00   1.4531489e+00   0.0000000e+00
   4.6729000e+00   1.4530981e+00   0.0000000e+00
   4.6816500e+00   1.4530472e+00   0.0000000e+00
   4.6904300e+00   1.4529960e+00   0.0000000e+00
   4.6992500e+00   1.4529447e+00   0.0000000e+00
   4.7081000e+00   1.4528932e+00   0.0000000e+00
   4.7169800e+00   1.4528415e+00   0.0000000e+00
   4.7259000e+00   1.4527895e+00   0.0000000e+00
   4.7348500e+00   1.4527374e+00   0.0000000e+00
   4.7438300e+00   1.4526849e+00   0.0000000e+00
   4.7528500e+00   1.4526293e+00   0.0000000e+00
   4.7619000e+00   1.4525736e+00   0.0000000e+00
   4.7709900e+00   1.4525176e+00   0.0000000e+00
   4.7801100e+00   1.4524614e+00   0.0000000e+00
   4.7892700e+00   1.4524049e+00   0.0000000e+00
   4.7984600e+00   1.4523483e+00   0.0000000e+00
   4.8076900e+00   1.4522915e+00   0.0000000e+00
   4.8169600e+00   1.4522344e+00   0.0000000e+00
   4.8262500e+00   1.4521771e+00   0.0000000e+00
   4.8355900e+00   1.4521196e+00   0.0000000e+00
   4.8449600e+00   1.4520619e+00   0.0000000e+00
   4.8543700e+00   1.4520039e+00   0.0000000e+00
   4.8638100e+00   1.4519457e+00   0.0000000e+00
   4.8732900e+00   1.4518873e+00   0.0000000e+00
   4.8828100e+00   1.4518287e+00   0.0000000e+00
   4.8923700e+00   1.4517698e+00   0.0000000e+00
   4.9019600e+00   1.4517107e+00   0.0000000e+00
   4.9115900e+00   1.4516514e+00   0.0000000e+00
   4.9212600e+00   1.4515918e+00   0.0000000e+00
   4.9309700e+00   1.4515320e+00   0.0000000e+00
   4.9407100e+00   1.4514720e+00   0.0000000e+00
   4.9505000e+00   1.4514117e+00   0.0000000e+00
   4.9603200e+00   1.4513512e+00   0.0000000e+00
   4.9701800e+00   1.4512896e+00   0.0000000e+00
   4.9800800e+00   1.4512262e+00   0.0000000e+00
   4.9900200e+00   1.4511624e+00   0.0000000e+00
   5.0000000e+00   1.4510985e+00   0.0000000e+00
   5.0100200e+00   1.4510342e+00   0.0000000e+00
   5.0200800e+00   1.4509697e+00   0.0000000e+00
   5.0301800e+00   1.4509050e+00   0.0000000e+00
   5.0403200e+00   1.4508400e+00   0.0000000e+00
   5.0505100e+00   1.4507747e+00   0.0000000e+00
   5.0607300e+00   1.4507092e+00   0.0000000e+00
   5.0709900e+00   1.4506434e+00   0.0000000e+00
   5.0813000e+00   1.4505773e+00   0.0000000e+00
   5.0916500e+00   1.4505110e+00   0.0000000e+00
   5.1020400e+00   1.4504444e+00   0.0000000e+00
   5.1124700e+00   1.4503775e+00   0.0000000e+00
   5.1229500e+00   1.4503103e+00   0.0000000e+00
   5.1334700e+00   1.4502429e+00   0.0000000e+00
   5.1440300e+00   1.4501752e+00   0.0000000e+00
   5.1546400e+00   1.4501072e+00   0.0000000e+00
   5.1652900e+00   1.4500389e+00   0.0000000e+00
   5.1759800e+00   1.4499704e+00   0.0000000e+00
   5.1867200e+00   1.4499015e+00   0.0000000e+00
   5.1975100e+00   1.4498324e+00   0.0000000e+00
   5.2083300e+00   1.4497603e+00   0.0000000e+00
   5.2192100e+00   1.4496866e+00   0.0000000e+00
   5.2301300e+00   1.4496126e+00   0.0000000e+00
   5.2410900e+00   1.4495384e+00   0.0000000e+00
   5.2521000e+00   1.4494638e+00   0.0000000e+00
   5.2631600e+00   1.4493888e+00   0.0000000e+00
   5.2742600e+00   1.4493136e+00   0.0000000e+00
   5.2854100e+00   1.4492381e+00   0.0000000e+00
   5.2966100e+00   1.4491622e+00   0.0000000e+00
   5.3078600e+00   1.4490860e+00   0.0000000e+00
   5.3191500e+00   1.4490095e+00   0.0000000e+00
   5.3304900e+00   1.4489326e+00   0.0000000e+00
   5.3418800e+00   1.4488555e+00   0.0000000e+00
   5.3533200e+00   1.4487780e+00   0.0000000e+00
   5.3648100e+00   1.4487001e+00   0.0000000e+00
   5.3763400e+00   1.4486220e+00   0.0000000e+00
   5.3879300e+00   1.4485435e+00   0.0000000e+00
   5.3995700e+00   1.4484646e+00   0.0000000e+00
   5.4112600e+00   1.4483854e+00   0.0000000e+00
   5.4229900e+00   1.4483059e+00   0.0000000e+00
   5.4347800e+00   1.4482260e+00   0.0000000e+00
   5.4466200e+00   1.4481456e+00   0.0000000e+00
   5.4585200e+00   1.4480613e+00   0.0000000e+00
   5.4704600e+00   1.4479768e+00   0.0000000e+00
   5.4824600e+00   1.4478918e+00   0.0000000e+00
   5.4945100e+00   1.4478065e+00   0.0000000e+00
   5.5066100e+00   1.4477208e+00   0.0000000e+00
   5.5187600e+00   1.4476347e+00   0.0000000e+00
   5.5309700e+00   1.4475483e+00   0.0000000e+00
   5.5432400e+00   1.4474614e+00   0.0000000e+00
   5.5555600e+00   1.4473741e+00   0.0000000e+00
   5.5679300e+00   1.4472865e+00   0.0000000e+00
   5.5803600e+00   1.4471985e+00   0.0000000e+00
   5.5928400e+00   1.4471101e+00   0.0000000e+00
   5.6053800e+00   1.4470213e+00   0.0000000e+00
   5.6179800e+00   1.4469321e+00   0.0000000e+00
   5.6306300e+00   1.4468425e+00   0.0000000e+00
   5.6433400e+00   1.4467525e+00   0.0000000e+00
   5.6561100e+00   1.4466621e+00   0.0000000e+00
   5.6689300e+00   1.4465713e+00   0.0000000e+00
   5.6818200e+00   1.4464800e+00   0.0000000e+00
   5.6947600e+00   1.4463884e+00   0.0000000e+00
   5.7077600e+00   1.4462944e+00   0.0000000e+00
   5.7208200e+00   1.4461968e+00   0.0000000e+00
   5.7339400e+00   1.4460988e+00   0.0000000e+00
   5.7471300e+00   1.4460003e+00   0.0000000e+00
   5.7603700e+00   1.4459013e+00   0.0000000e+00
   5.7736700e+00   1.4458019e+00   0.0000000e+00
   5.7870400e+00   1.4457020e+00   0.0000000e+00
   5.8004600e+00   1.4456018e+00   0.0000000e+00
   5.8139500e+00   1.4455010e+00   0.0000000e+00
   5.8275100e+00   1.4453996e+00   0.0000000e+00
   5.8411200e+00   1.4452980e+00   0.0000000e+00
   5.8548000e+00   1.4451957e+00   0.0000000e+00
   5.8685400e+00   1.4450931e+00   0.0000000e+00
   5.8823500e+00   1.4449899e+00   0.0000000e+00
   5.8962300e+00   1.4448862e+00   0.0000000e+00
   5.9101700e+00   1.4447820e+00   0.0000000e+00
   5.9241700e+00   1.4446774e+00   0.0000000e+00
   5.9382400e+00   1.4445723e+00   0.0000000e+00
   5.9523800e+00   1.4444666e+00   0.0000000e+00
   5.9665900e+00   1.4443604e+00   0.0000000e+00
   5.9808600e+00   1.4442506e+00   0.0000000e+00
   5.9952000e+00   1.4441384e+00   0.0000000e+00
   6.0096200e+00   1.4440255e+00   0.0000000e+00
   6.0241000e+00   1.4439121e+00   0.0000000e+00
   6.0386500e+00   1.4437982e+00   0.0000000e+00
   6.0532700e+00   1.4436837e+00   0.0000000e+00
   6.0679600e+00   1.4435687e+00   0.0000000e+00
   6.0827300e+00   1.4434531e+00   0.0000000e+00
   6.0975600e+00   1.4433370e+00   0.0000000e+00
   6.1124700e+00   1.4432202e+00   0.0000000e+00
   6.1274500e+00   1.4431030e+00   0.0000000e+00
   6.1425100e+00   1.4429850e+00   0.0000000e+00
   6.1576400e+00   1.4428666e+00   0.0000000e+00
   6.1728400e+00   1.4427476e+00   0.0000000e+00
   6.1881200e+00   1.4426280e+00   0.0000000e+00
   6.2034700e+00   1.4425078e+00   0.0000000e+00
   6.2189100e+00   1.4423869e+00   0.0000000e+00
   6.2344100e+00   1.4422655e+00   0.0000000e+00
   6.2500000e+00   1.4421435e+00   0.0000000e+00
   6.2656600e+00   1.4420157e+00   0.0000000e+00
   6.2814100e+00   1.4418860e+00   0.0000000e+00
   6.2972300e+00   1.4417557e+00   0.0000000e+00
   6.3131300e+00   1.4416247e+00   0.0000000e+00
   6.3291100e+00   1.4414931e+00   0.0000000e+00
   6.3451800e+00   1.4413607e+00   0.0000000e+00
   6.3613200e+00   1.4412277e+00   0.0000000e+00
   6.3775500e+00   1.4410940e+00   0.0000000e+00
   6.3938600e+00   1.4409597e+00   0.0000000e+00
   6.4102600e+00   1.4408246e+00   0.0000000e+00
   6.4267400e+00   1.4406889e+00   0.0000000e+00
   6.4433000e+00   1.4405524e+00   0.0000000e+00
   6.4599500e+00   1.4404153e+00   0.0000000e+00
   6.4766800e+00   1.4402775e+00   0.0000000e+00
   6.4935100e+00   1.4401388e+00   0.0000000e+00
   6.5104200e+00   1.4399996e+00   0.0000000e+00
   6.5274200e+00   1.4398595e+00   0.0000000e+00
   6.5445000e+00   1.4397188e+00   0.0000000e+00
   6.5616800e+00   1.4395714e+00   0.0000000e+00
   6.5789500e+00   1.4394217e+00   0.0000000e+00
   6.5963100e+00   1.4392712e+00   0.0000000e+00
   6.6137600e+00   1.4391199e+00   0.0000000e+00
   6.6313000e+00   1.4389679e+00   0.0000000e+00
   6.6489400e+00   1.4388150e+00   0.0000000e+00
   6.6666700e+00   1.4386613e+00   0.0000000e+00
   6.6844900e+00   1.4385068e+00   0.0000000e+00
   6.7024100e+00   1.4383514e+00   0.0000000e+00
   6.7204300e+00   1.4381952e+00   0.0000000e+00
   6.7385400e+00   1.4380382e+00   0.0000000e+00
   6.7567600e+00   1.4378803e+00   0.0000000e+00
   6.7750700e+00   1.4377216e+00   0.0000000e+00
   6.7934800e+00   1.4375620e+00   0.0000000e+00
   6.8119900e+00   1.4374015e+00   0.0000000e+00
   6.8306000e+00   1.4372402e+00   0.0000000e+00
   6.8493200e+00   1.4370779e+00   0.0000000e+00
   6.8681300e+00   1.4369096e+00   0.0000000e+00
   6.8870500e+00   1.4367374e+00   0.0000000e+00
   6.9060800e+00   1.4365642e+00   0.0000000e+00
   6.9252100e+00   1.4363900e+00   0.0000000e+00
   6.9444400e+00   1.4362150e+00   0.0000000e+00
   6.9637900e+00   1.4360389e+00   0.0000000e+00
   6.9832400e+00   1.4358618e+00   0.0000000e+00
   7.0028000e+00   1.4356838e+00   0.0000000e+00
   7.0224700e+00   1.4355048e+00   0.0000000e+00
   7.0422500e+00   1.4353247e+00   0.0000000e+00
   7.0621500e+00   1.4351436e+00   0.0000000e+00
   7.0821500e+00   1.4349615e+00   0.0000000e+00
   7.1022700e+00   1.4347784e+00   0.0000000e+00
   7.1225100e+00   1.4345942e+00   0.0000000e+00
   7.1428600e+00   1.4344090e+00   0.0000000e+00
   7.1633200e+00   1.4342227e+00   0.0000000e+00
   7.1839100e+00   1.4340328e+00   0.0000000e+00
   7.2046100e+00   1.4338337e+00   0.0000000e+00
   7.2254300e+00   1.4336335e+00   0.0000000e+00
   7.2463800e+00   1.4334320e+00   0.0000000e+00
   7.2674400e+00   1.4332295e+00   0.0000000e+00
   7.2886300e+00   1.4330257e+00   0.0000000e+00
   7.3099400e+00   1.4328208e+00   0.0000000e+00
   7.3313800e+00   1.4326146e+00   0.0000000e+00
   7.3529400e+00   1.4324073e+00   0.0000000e+00
   7.3746300e+00   1.4321987e+00   0.0000000e+00
   7.3964500e+00   1.4319889e+00   0.0000000e+00
   7.4184000e+00   1.4317778e+00   0.0000000e+00
   7.4404800e+00   1.4315655e+00   0.0000000e+00
   7.4626900e+00   1.4313519e+00   0.0000000e+00
   7.4850300e+00   1.4311371e+00   0.0000000e+00
   7.5075100e+00   1.4309209e+00   0.0000000e+00
   7.5301200e+00   1.4306971e+00   0.0000000e+00
   7.5528700e+00   1.4304664e+00   0.0000000e+00
   7.5757600e+00   1.4302342e+00   0.0000000e+00
   7.5987800e+00   1.4300008e+00   0.0000000e+00
   7.6219500e+00   1.4297658e+00   0.0000000e+00
   7.6452600e+00   1.4295294e+00   0.0000000e+00
   7.6687100e+00   1.4292916e+00   0.0000000e+00
   7.6923100e+00   1.4290523e+00   0.0000000e+00
   7.7160500e+00   1.4288115e+00   0.0000000e+00
   7.7399400e+00   1.4285693e+00   0.0000000e+00
   7.7639800e+00   1.4283255e+00   0.0000000e+00
   7.7881600e+00   1.4280802e+00   0.0000000e+00
   7.8125000e+00   1.4278334e+00   0.0000000e+00
   7.8369900e+00   1.4275850e+00   0.0000000e+00
   7.8616400e+00   1.4273351e+00   0.0000000e+00
   7.8864400e+00   1.4270755e+00   0.0000000e+00
   7.9113900e+00   1.4268085e+00   0.0000000e+00
   7.9365100e+00   1.4265397e+00   0.0000000e+00
   7.9617800e+00   1.4262693e+00   0.0000000e+00
   7.9872200e+00   1.4259971e+00   0.0000000e+00
   8.0128200e+00   1.4257231e+00   0.0000000e+00
   8.0385900e+00   1.4254474e+00   0.0000000e+00
   8.0645200e+00   1.4251699e+00   0.0000000e+00
   8.0906100e+00   1.4248907e+00   0.0000000e+00
   8.1168800e+00   1.4246096e+00   0.0000000e+00
   8.1433200e+00   1.4243267e+00   0.0000000e+00
   8.1699300e+00   1.4240419e+00   0.0000000e+00
   8.1967200e+00   1.4237552e+00   0.0000000e+00
   8.2236800e+00   1.4234667e+00   0.0000000e+00
   8.2508300e+00   1.4231714e+00   0.0000000e+00
   8.2781500e+00   1.4228624e+00   0.0000000e+00
   8.3056500e+00   1.4225514e+00   0.0000000e+00
   8.3333300e+00   1.4222383e+00   0.0000000e+00
   8.3612000e+00   1.4219230e+00   0.0000000e+00
   8.3892600e+00   1.4216056e+00   0.0000000e+00
   8.4175100e+00   1.4212861e+00   0.0000000e+00
   8.4459500e+00   1.4209644e+00   0.0000000e+00
   8.4745800e+00   1.4206406e+00   0.0000000e+00
   8.5034000e+00   1.4203146e+00   0.0000000e+00
   8.5324200e+00   1.4199864e+00   0.0000000e+00
   8.5616400e+00   1.4196558e+00   0.0000000e+00
   8.5910700e+00   1.4193230e+00   0.0000000e+00
   8.6206900e+00   1.4189879e+00   0.0000000e+00
   8.6505200e+00   1.4186388e+00   0.0000000e+00
   8.6805600e+00   1.4182799e+00   0.0000000e+00
   8.7108000e+00   1.4179187e+00   0.0000000e+00
   8.7412600e+00   1.4175548e+00   0.0000000e+00
   8.7719300e+00   1.4171884e+00   0.0000000e+00
   8.8028200e+00   1.4168194e+00   0.0000000e+00
   8.8339200e+00   1.4164479e+00   0.0000000e+00
   8.8652500e+00   1.4160736e+00   0.0000000e+00
   8.8968000e+00   1.4156967e+00   0.0000000e+00
   8.9285700e+00   1.4153172e+00   0.0000000e+00
   8.9605700e+00   1.4149350e+00   0.0000000e+00
   8.9928100e+00   1.4145498e+00   0.0000000e+00
   9.0252700e+00   1.4141621e+00   0.0000000e+00
   9.0579700e+00   1.4137573e+00   0.0000000e+00
   9.0909100e+00   1.4133406e+00   0.0000000e+00
   9.1240900e+00   1.4129207e+00   0.0000000e+00
   9.1575100e+00   1.4124979e+00   0.0000000e+00
   9.1911800e+00   1.4120719e+00   0.0000000e+00
   9.2250900e+00   1.4116428e+00   0.0000000e+00
   9.2592600e+00   1.4112105e+00   0.0000000e+00
   9.2936800e+00   1.4107750e+00   0.0000000e+00
   9.3283600e+00   1.4103362e+00   0.0000000e+00
   9.3633000e+00   1.4098941e+00   0.0000000e+00
   9.3985000e+00   1.4094487e+00   0.0000000e+00
   9.4339600e+00   1.4090001e+00   0.0000000e+00
   9.4697000e+00   1.4085437e+00   0.0000000e+00
   9.5057000e+00   1.4080618e+00   0.0000000e+00
   9.5419800e+00   1.4075762e+00   0.0000000e+00
   9.5785400e+00   1.4070868e+00   0.0000000e+00
   9.6153800e+00   1.4065937e+00   0.0000000e+00
   9.6525100e+00   1.4060967e+00   0.0000000e+00
   9.6899200e+00   1.4055959e+00   0.0000000e+00
   9.7276300e+00   1.4050911e+00   0.0000000e+00
   9.7656300e+00   1.4045825e+00   0.0000000e+00
   9.8039200e+00   1.4040699e+00   0.0000000e+00
   9.8425200e+00   1.4035533e+00   0.0000000e+00
   9.8814200e+00   1.4030326e+00   0.0000000e+00
   9.9206300e+00   1.4038724e+00   4.7067278e-05
   9.9601600e+00   1.4084184e+00   2.2209733e-04
   1.0000000e+01   1.4130000e+00   3.9850000e-04
   1.0040160e+01   1.4121968e+00   4.0388144e-04
   1.0080650e+01   1.4120000e+00   4.0930710e-04
   1.0121460e+01   1.4115708e+00   4.1481856e-04
   1.0162600e+01   1.4110000e+00   4.2043880e-04
   1.0204080e+01   1.4109184e+00   4.2616304e-04
   1.0245900e+01   1.4100820e+00   4.3193420e-04
   1.0288070e+01   1.4092386e+00   4.3790594e-04
   1.0330580e+01   1.4090000e+00   4.4394236e-04
   1.0373440e+01   1.4085312e+00   4.5012224e-04
   1.0416670e+01   1.4076666e+00   4.5643382e-04
   1.0460250e+01   1.4070000e+00   4.6281700e-04
   1.0504200e+01   1.4069160e+00   4.6933000e-04
   1.0548520e+01   1.4060296e+00   4.7597800e-04
   1.0593220e+01   1.4060000e+00   4.8276944e-04
   1.0638300e+01   1.4052340e+00   4.8969820e-04
   1.0683760e+01   1.4043248e+00   4.9676656e-04
   1.0729610e+01   1.4040000e+00   5.0397838e-04
   1.0775860e+01   1.4034828e+00   5.1133760e-04
   1.0822510e+01   1.4025498e+00   5.1880160e-04
   1.0869570e+01   1.4020000e+00   5.2640948e-04
   1.0917030e+01   1.4016594e+00   5.3422698e-04
   1.0964910e+01   1.4007018e+00   5.4217506e-04
   1.1013220e+01   1.4000000e+00   5.5024740e-04
   1.1061950e+01   1.3997610e+00   5.5855540e-04
   1.1111110e+01   1.3987778e+00   5.6701092e-04
   1.1160710e+01   1.3977858e+00   5.7558496e-04
   1.1210760e+01   1.3970000e+00   5.8441528e-04
   1.1261260e+01   1.3967748e+00   5.9342680e-04
   1.1312220e+01   1.3957556e+00   6.0262404e-04
   1.1363640e+01   1.3950000e+00   6.1200976e-04
   1.1415530e+01   1.3946894e+00   6.2158858e-04
   1.1467890e+01   1.3936422e+00   6.3136332e-04
   1.1520740e+01   1.3930000e+00   6.4138208e-04
   1.1574070e+01   1.3925186e+00   6.5162144e-04
   1.1627910e+01   1.3914418e+00   6.6207036e-04
   1.1682240e+01   1.3903552e+00   6.7271904e-04
   1.1737090e+01   1.3900000e+00   6.8361800e-04
   1.1792450e+01   1.3891510e+00   6.9477490e-04
   1.1848340e+01   1.3880332e+00   7.0616136e-04
   1.1904760e+01   1.3870000e+00   7.1789960e-04
   1.1961720e+01   1.3867656e+00   7.2986120e-04
   1.2019230e+01   1.3856154e+00   7.4201522e-04
   1.2077290e+01   1.3844542e+00   7.5454922e-04
   1.2135920e+01   1.3840000e+00   7.6733056e-04
   1.2195120e+01   1.3830976e+00   7.8041664e-04
   1.2254900e+01   1.3819020e+00   7.9381720e-04
   1.2315270e+01   1.3806946e+00   8.0758156e-04
   1.2376240e+01   1.3800000e+00   8.2158768e-04
   1.2437810e+01   1.3792438e+00   8.3602316e-04
   1.2500000e+01   1.3780000e+00   8.5070000e-04
   1.2562810e+01   1.3767438e+00   8.6590002e-04
   1.2626260e+01   1.3760000e+00   8.8135996e-04
   1.2690360e+01   1.3751928e+00   8.9720928e-04
   1.2755100e+01   1.3738980e+00   9.1349540e-04
   1.2820510e+01   1.3725898e+00   9.3015056e-04
   1.2886600e+01   1.3720000e+00   9.4721600e-04
   1.2953370e+01   1.3709326e+00   9.6479642e-04
   1.3020830e+01   1.3695834e+00   9.8278244e-04
   1.3089010e+01   1.3682198e+00   9.9793388e-04
   1.3157890e+01   1.3668422e+00   1.0215780e-03
   1.3227510e+01   1.3660000e+00   1.0410040e-03
   1.3297870e+01   1.3650426e+00   1.0595740e-03
   1.3368980e+01   1.3636204e+00   1.0837960e-03
   1.3440860e+01   1.3621828e+00   1.0981720e-03
   1.3513510e+01   1.3607298e+00   1.1227020e-03
   1.3586960e+01   1.3592608e+00   1.1447840e-03
   1.3661200e+01   1.3580000e+00   1.1644800e-03
   1.3736260e+01   1.3572748e+00   1.1945040e-03
   1.3812150e+01   1.3557570e+00   1.2148600e-03
   1.3888890e+01   1.3542222e+00   1.2377780e-03
   1.3966480e+01   1.3526704e+00   1.2665920e-03
   1.4044940e+01   1.3511012e+00   1.2889880e-03
   1.4124290e+01   1.3495142e+00   1.3197160e-03
   1.4204550e+01   1.3479090e+00   1.3509100e-03
   1.4285710e+01   1.3462858e+00   1.3742840e-03
   1.4300000e+01   1.3460000e+00   1.3800000e-03
   1.4400000e+01   1.3440000e+00   1.4200000e-03
   1.4500000e+01   1.3420000e+00   1.4500000e-03
   1.4700000e+01   1.3380000e+00   1.5300000e-03
   1.4800000e+01   1.3360000e+00   1.5700000e-03
   1.4900000e+01   1.3340000e+00   1.6100000e-03
   1.5100000e+01   1.3300000e+00   1.6900000e-03
   1.5200000e+01   1.3280000e+00   1.7400000e-03
   1.5400000e+01   1.3240000e+00   1.8300000e-03
   1.5500000e+01   1.3210000e+00   1.8700000e-03
   1.5700000e+01   1.3170000e+00   1.9700000e-03
   1.5800000e+01   1.3150000e+00   2.0200000e-03
   1.6000000e+01   1.3100000e+00   2.1200000e-03
   1.6100000e+01   1.3080000e+00   2.1700000e-03
   1.6300000e+01   1.3030000e+00   2.2800000e-03
   1.6500000e+01   1.2980000e+00   2.3900000e-03
   1.6600000e+01   1.2960000e+00   2.4500000e-03
   1.6800000e+01   1.2910000e+00   2.5700000e-03
   1.7000000e+01   1.2850000e+00   2.7000000e-03
   1.7200000e+01   1.2800000e+00   2.8300000e-03
   1.7300000e+01   1.2780000e+00   2.9000000e-03
   1.7500000e+01   1.2720000e+00   3.0400000e-03
   1.7700000e+01   1.2670000e+00   3.1900000e-03
   1.7900000e+01   1.2610000e+00   3.3500000e-03
   1.8100000e+01   1.2550000e+00   3.5100000e-03
   1.8300000e+01   1.2490000e+00   3.6800000e-03
   1.8500000e+01   1.2430000e+00   3.8600000e-03
   1.8700000e+01   1.2370000e+00   4.0500000e-03
   1.9000000e+01   1.2280000e+00   4.3400000e-03
   1.9200000e+01   1.2210000e+00   4.5600000e-03
   1.9400000e+01   1.2150000e+00   4.7800000e-03
   1.9700000e+01   1.2050000e+00   5.1300000e-03
   1.9900000e+01   1.1980000e+00   5.3800000e-03
   2.0100000e+01   1.1900000e+00   5.6400000e-03
   2.0400000e+01   1.1790000e+00   6.0500000e-03
   2.0700000e+01   1.1680000e+00   6.5000000e-03
   2.0900000e+01   1.1600000e+00   6.8200000e-03
   2.1200000e+01   1.1480000e+00   7.3300000e-03
   2.1500000e+01   1.1350000e+00   7.8800000e-03
   2.1800000e+01   1.1220000e+00   8.4800000e-03
   2.2100000e+01   1.1090000e+00   9.1300000e-03
   2.2400000e+01   1.0950000e+00   9.8300000e-03
   2.2700000e+01   1.0800000e+00   1.0590000e-02
   2.3000000e+01   1.0650000e+00   1.1420000e-02
   2.3300000e+01   1.0490000e+00   1.2330000e-02
   2.3700000e+01   1.0280000e+00   1.3670000e-02
   2.4000000e+01   1.0100000e+00   1.4790000e-02
   2.4400000e+01   9.8600000e-01   1.6460000e-02
   2.4800000e+01   9.6030000e-01   1.8370000e-02
   2.5200000e+01   9.3300000e-01   2.0550000e-02
   2.5600000e+01   9.0390000e-01   2.3070000e-02
   2.6000000e+01   8.7280000e-01   2.6010000e-02
   2.6400000e+01   8.3950000e-01   2.9440000e-02
   2.6800000e+01   8.0360000e-01   3.3520000e-02
   2.7300000e+01   7.5460000e-01   3.9780000e-02
   2.7700000e+01   7.1140000e-01   4.6060000e-02
   2.8200000e+01   6.5130000e-01   5.6170000e-02
   2.8700000e+01   5.8270000e-01   7.0190000e-02
   2.9200000e+01   5.0290000e-01   9.1010000e-02
   2.9800000e+01   3.8740000e-01   1.3530000e-01
   3.0300000e+01   2.7910000e-01   2.1050000e-01
   3.0900000e+01   1.9020000e-01   3.5400000e-01
   3.1500000e+01   1.5660000e-01   4.9170000e-01
   3.2100000e+01   1.4410000e-01   6.0930000e-01
   3.2800000e+01   1.3930000e-01   7.2910000e-01
   3.3500000e+01   1.3870000e-01   8.3660000e-01
   3.4200000e+01   1.3930000e-01   9.3570000e-01
   3.4900000e+01   1.3920000e-01   1.0290000e+00
   3.5700000e+01   1.3670000e-01   1.1330000e+00
   3.6500000e+01   1.3140000e-01   1.2370000e+00
   3.7300000e+01   1.2380000e-01   1.3430000e+00
   3.8200000e+01   1.1420000e-01   1.4690000e+00
   3.9100000e+01   1.0530000e-01   1.6020000e+00
   4.0100000e+01   9.7830000e-02   1.7600000e+00
   4.1100000e+01   9.3500000e-02   1.9290000e+00
   4.2200000e+01   9.2640000e-02   2.1290000e+00
   4.3300000e+01   9.5970000e-02   2.3490000e+00
   4.4500000e+01   1.0480000e-01   2.6170000e+00
   4.5800000e+01   1.2210000e-01   2.9520000e+00
   4.7100000e+01   1.5080000e-01   3.3530000e+00
   4.8500000e+01   2.0410000e-01   3.9020000e+00
   5.0000000e+01   3.1600000e-01   4.7190000e+00
