   2.4797000e-01   1.6444000e+00   2.9702000e+00
   2.5494000e-01   1.7278000e+00   3.0024000e+00
   2.6212000e-01   1.8112000e+00   3.0308000e+00
   2.6949000e-01   1.8942000e+00   3.0554000e+00
   2.7707000e-01   1.9763000e+00   3.0766000e+00
   2.8487000e-01   2.0573000e+00   3.0944000e+00
   2.9288000e-01   2.1368000e+00   3.1091000e+00
   3.0112000e-01   2.2147000e+00   3.1210000e+00
   3.0960000e-01   2.2907000e+00   3.1302000e+00
   3.1831000e-01   2.3646000e+00   3.1372000e+00
   3.2726000e-01   2.4362000e+00   3.1420000e+00
   3.3647000e-01   2.5055000e+00   3.1450000e+00
   3.4594000e-01   2.5723000e+00   3.1464000e+00
   3.5567000e-01   2.6366000e+00   3.1466000e+00
   3.6568000e-01   2.6983000e+00   3.1456000e+00
   3.7596000e-01   2.7574000e+00   3.1439000e+00
   3.8654000e-01   2.8139000e+00   3.1415000e+00
   3.9742000e-01   2.8678000e+00   3.1388000e+00
   4.0860000e-01   2.9190000e+00   3.1358000e+00
   4.2009000e-01   2.9677000e+00   3.1328000e+00
   4.3191000e-01   3.0138000e+00   3.1300000e+00
   4.4406000e-01   3.0574000e+00   3.1275000e+00
   4.5656000e-01   3.0984000e+00   3.1255000e+00
   4.6940000e-01   3.1370000e+00   3.1241000e+00
   4.8261000e-01   3.1731000e+00   3.1235000e+00
   4.9619000e-01   3.2068000e+00   3.1238000e+00
   5.1015000e-01   3.2381000e+00   3.1250000e+00
   5.2450000e-01   3.2670000e+00   3.1275000e+00
   5.3926000e-01   3.2937000e+00   3.1312000e+00
   5.5443000e-01   3.3180000e+00   3.1362000e+00
   5.7003000e-01   3.3400000e+00   3.1427000e+00
   5.8606000e-01   3.3597000e+00   3.1508000e+00
   6.0255000e-01   3.3772000e+00   3.1606000e+00
   6.1950000e-01   3.3924000e+00   3.1723000e+00
   6.3693000e-01   3.4054000e+00   3.1858000e+00
   6.5485000e-01   3.4161000e+00   3.2013000e+00
   6.7328000e-01   3.4246000e+00   3.2191000e+00
   6.9222000e-01   3.4308000e+00   3.2390000e+00
   7.1170000e-01   3.4348000e+00   3.2614000e+00
   7.3172000e-01   3.4366000e+00   3.2863000e+00
   7.5231000e-01   3.4360000e+00   3.3139000e+00
   7.7347000e-01   3.4332000e+00   3.3443000e+00
   7.9523000e-01   3.4282000e+00   3.3777000e+00
   8.1761000e-01   3.4209000e+00   3.4142000e+00
   8.4061000e-01   3.4113000e+00   3.4540000e+00
   8.6426000e-01   3.3994000e+00   3.4973000e+00
   8.8857000e-01   3.3853000e+00   3.5442000e+00
   9.1357000e-01   3.3690000e+00   3.5951000e+00
   9.3928000e-01   3.3505000e+00   3.6499000e+00
   9.6570000e-01   3.3298000e+00   3.7091000e+00
   9.9287000e-01   3.3070000e+00   3.7728000e+00
   1.0208000e+00   3.2822000e+00   3.8412000e+00
   1.0495000e+00   3.2554000e+00   3.9145000e+00
   1.0791000e+00   3.2268000e+00   3.9931000e+00
   1.1094000e+00   3.1964000e+00   4.0770000e+00
   1.1406000e+00   3.1644000e+00   4.1666000e+00
   1.1727000e+00   3.1309000e+00   4.2620000e+00
   1.2057000e+00   3.0961000e+00   4.3635000e+00
   1.2396000e+00   3.0602000e+00   4.4712000e+00
   1.2745000e+00   3.0233000e+00   4.5854000e+00
   1.3104000e+00   2.9856000e+00   4.7062000e+00
   1.3472000e+00   2.9474000e+00   4.8338000e+00
   1.3851000e+00   2.9089000e+00   4.9683000e+00
   1.4241000e+00   2.8702000e+00   5.1099000e+00
   1.4642000e+00   2.8316000e+00   5.2586000e+00
   1.5054000e+00   2.7933000e+00   5.4145000e+00
   1.5477000e+00   2.7555000e+00   5.5777000e+00
   1.5913000e+00   2.7183000e+00   5.7482000e+00
   1.6360000e+00   2.6820000e+00   5.9262000e+00
   1.6821000e+00   2.6466000e+00   6.1116000e+00
   1.7294000e+00   2.6125000e+00   6.3045000e+00
   1.7780000e+00   2.5796000e+00   6.5049000e+00
   1.8281000e+00   2.5481000e+00   6.7128000e+00
   1.8795000e+00   2.5180000e+00   6.9283000e+00
   1.9324000e+00   2.4896000e+00   7.1515000e+00
   1.9867000e+00   2.4629000e+00   7.3823000e+00
   2.0426000e+00   2.4379000e+00   7.6208000e+00
   2.1001000e+00   2.4147000e+00   7.8671000e+00
   2.1592000e+00   2.3934000e+00   8.1213000e+00
   2.2199000e+00   2.3740000e+00   8.3835000e+00
   2.2824000e+00   2.3565000e+00   8.6537000e+00
   2.3466000e+00   2.3410000e+00   8.9320000e+00
   2.4126000e+00   2.3276000e+00   9.2186000e+00
   2.4805000e+00   2.3163000e+00   9.5136000e+00
   2.5503000e+00   2.3070000e+00   9.8172000e+00
   2.6221000e+00   2.3000000e+00   1.0129000e+01
   2.6958000e+00   2.2951000e+00   1.0451000e+01
   2.7717000e+00   2.2924000e+00   1.0781000e+01
   2.8497000e+00   2.2921000e+00   1.1120000e+01
   2.9298000e+00   2.2940000e+00   1.1469000e+01
   3.0123000e+00   2.2984000e+00   1.1827000e+01
   3.0970000e+00   2.3052000e+00   1.2195000e+01
   3.1841000e+00   2.3145000e+00   1.2573000e+01
   3.2737000e+00   2.3264000e+00   1.2962000e+01
   3.3658000e+00   2.3409000e+00   1.3361000e+01
   3.4605000e+00   2.3582000e+00   1.3770000e+01
   3.5579000e+00   2.3783000e+00   1.4191000e+01
   3.6580000e+00   2.4013000e+00   1.4623000e+01
   3.7609000e+00   2.4273000e+00   1.5067000e+01
   3.8667000e+00   2.4564000e+00   1.5522000e+01
   3.9755000e+00   2.4888000e+00   1.5990000e+01
   4.0873000e+00   2.5246000e+00   1.6470000e+01
   4.2023000e+00   2.5638000e+00   1.6963000e+01
   4.3206000e+00   2.6068000e+00   1.7468000e+01
   4.4421000e+00   2.6535000e+00   1.7988000e+01
   4.5671000e+00   2.7041000e+00   1.8521000e+01
   4.6956000e+00   2.7589000e+00   1.9068000e+01
   4.8277000e+00   2.8181000e+00   1.9629000e+01
   4.9635000e+00   2.8817000e+00   2.0205000e+01
   5.1032000e+00   2.9501000e+00   2.0796000e+01
   5.2468000e+00   3.0234000e+00   2.1403000e+01
   5.3944000e+00   3.1019000e+00   2.2026000e+01
   5.5461000e+00   3.1858000e+00   2.2665000e+01
   5.7022000e+00   3.2754000e+00   2.3320000e+01
   5.8626000e+00   3.3710000e+00   2.3992000e+01
   6.0275000e+00   3.4728000e+00   2.4682000e+01
   6.1971000e+00   3.5811000e+00   2.5390000e+01
   6.3715000e+00   3.6963000e+00   2.6116000e+01
   6.5507000e+00   3.8187000e+00   2.6860000e+01
   6.7350000e+00   3.9487000e+00   2.7624000e+01
   6.9245000e+00   4.0866000e+00   2.8406000e+01
   7.1193000e+00   4.2328000e+00   2.9209000e+01
   7.3196000e+00   4.3877000e+00   3.0032000e+01
   7.5256000e+00   4.5517000e+00   3.0876000e+01
   7.7373000e+00   4.7254000e+00   3.1740000e+01
   7.9550000e+00   4.9091000e+00   3.2627000e+01
   8.1788000e+00   5.1034000e+00   3.3535000e+01
   8.4089000e+00   5.3087000e+00   3.4465000e+01
   8.6455000e+00   5.5256000e+00   3.5418000e+01
   8.8887000e+00   5.7546000e+00   3.6395000e+01
   9.1388000e+00   5.9964000e+00   3.7394000e+01
   9.3959000e+00   6.2515000e+00   3.8418000e+01
   9.6603000e+00   6.5205000e+00   3.9466000e+01
   9.9321000e+00   6.8041000e+00   4.0539000e+01
   1.0212000e+01   7.1029000e+00   4.1636000e+01
   1.0499000e+01   7.4177000e+00   4.2759000e+01
   1.0794000e+01   7.7492000e+00   4.3908000e+01
   1.1098000e+01   8.0980000e+00   4.5083000e+01
   1.1410000e+01   8.4651000e+00   4.6283000e+01
   1.1731000e+01   8.8510000e+00   4.7511000e+01
   1.2061000e+01   9.2568000e+00   4.8765000e+01
   1.2401000e+01   9.6831000e+00   5.0046000e+01
   1.2749000e+01   1.0131000e+01   5.1355000e+01
   1.3108000e+01   1.0601000e+01   5.2690000e+01
   1.3477000e+01   1.1094000e+01   5.4053000e+01
   1.3856000e+01   1.1611000e+01   5.5444000e+01
   1.4246000e+01   1.2154000e+01   5.6862000e+01
   1.4647000e+01   1.2722000e+01   5.8308000e+01
   1.5059000e+01   1.3317000e+01   5.9782000e+01
   1.5482000e+01   1.3940000e+01   6.1283000e+01
   1.5918000e+01   1.4592000e+01   6.2812000e+01
   1.6366000e+01   1.5274000e+01   6.4368000e+01
   1.6826000e+01   1.5986000e+01   6.5952000e+01
   1.7300000e+01   1.6730000e+01   6.7562000e+01
   1.7786000e+01   1.7506000e+01   6.9199000e+01
   1.8287000e+01   1.8316000e+01   7.0863000e+01
   1.8801000e+01   1.9161000e+01   7.2552000e+01
   1.9330000e+01   2.0041000e+01   7.4267000e+01
   1.9874000e+01   2.0957000e+01   7.6007000e+01
   2.0433000e+01   2.1910000e+01   7.7772000e+01
   2.1008000e+01   2.2902000e+01   7.9561000e+01
   2.1599000e+01   2.3932000e+01   8.1373000e+01
   2.2207000e+01   2.5001000e+01   8.3208000e+01
   2.2832000e+01   2.6111000e+01   8.5066000e+01
   2.3474000e+01   2.7261000e+01   8.6944000e+01
   2.4134000e+01   2.8454000e+01   8.8844000e+01
   2.4813000e+01   2.9688000e+01   9.0763000e+01
   2.5512000e+01   3.0965000e+01   9.2701000e+01
   2.6229000e+01   3.2284000e+01   9.4658000e+01
   2.6967000e+01   3.3648000e+01   9.6631000e+01
   2.7726000e+01   3.5054000e+01   9.8622000e+01
   2.8506000e+01   3.6505000e+01   1.0063000e+02
   2.9308000e+01   3.8000000e+01   1.0265000e+02
   3.0133000e+01   3.9540000e+01   1.0468000e+02
   3.0980000e+01   4.1123000e+01   1.0673000e+02
   3.1852000e+01   4.2751000e+01   1.0879000e+02
   3.2748000e+01   4.4423000e+01   1.1086000e+02
   3.3670000e+01   4.6139000e+01   1.1294000e+02
   3.4617000e+01   4.7899000e+01   1.1503000e+02
   3.5591000e+01   4.9702000e+01   1.1713000e+02
   3.6592000e+01   5.1548000e+01   1.1924000e+02
   3.7622000e+01   5.3437000e+01   1.2136000e+02
   3.8680000e+01   5.5369000e+01   1.2348000e+02
   3.9768000e+01   5.7342000e+01   1.2561000e+02
   4.0887000e+01   5.9356000e+01   1.2775000e+02
   4.2038000e+01   6.1411000e+01   1.2989000e+02
   4.3220000e+01   6.3506000e+01   1.3204000e+02
   4.4436000e+01   6.5641000e+01   1.3419000e+02
   4.5686000e+01   6.7814000e+01   1.3635000e+02
   4.6972000e+01   7.0025000e+01   1.3851000e+02
   4.8293000e+01   7.2273000e+01   1.4068000e+02
   4.9652000e+01   7.4558000e+01   1.4285000e+02
   5.1049000e+01   7.6879000e+01   1.4503000e+02
   5.2485000e+01   7.9235000e+01   1.4721000e+02
   5.3962000e+01   8.1626000e+01   1.4939000e+02
   5.5480000e+01   8.4050000e+01   1.5159000e+02
   5.7041000e+01   8.6508000e+01   1.5378000e+02
   5.8646000e+01   8.8998000e+01   1.5599000e+02
   6.0296000e+01   9.1521000e+01   1.5820000e+02
   6.1992000e+01   9.4075000e+01   1.6042000e+02
