   4.1330000e-05   1.0000000e+00   3.2900000e-11             NaN   4.1330000e-05   1.0000000e+00   3.2900000e-11
   6.1990000e-05   1.0000000e+00   2.1700000e-10             NaN   6.1990000e-05   1.0000000e+00   2.1700000e-10
   8.2660000e-05   1.0000000e+00   7.2000000e-10             NaN   8.2660000e-05   1.0000000e+00   7.2000000e-10
   1.3780000e-04   1.0000000e+00   5.0000000e-09             NaN   1.3780000e-04   1.0000000e+00   5.0000000e-09
   1.7710000e-04   1.0000000e+00   1.3400000e-08             NaN   1.7710000e-04   1.0000000e+00   1.3400000e-08
   2.4800000e-04   1.0000000e+00   5.3800000e-08             NaN   2.4800000e-04   1.0000000e+00   5.3800000e-08
   4.1330000e-04   1.0000000e+00   4.4800000e-07             NaN   4.1330000e-04   1.0000000e+00   4.4800000e-07
   6.1990000e-04   1.0000000e+00   2.4100000e-06             NaN   6.1990000e-04   1.0000000e+00   2.4100000e-06
   8.2660000e-04   1.0000000e+00   8.6200000e-06             NaN   8.2660000e-04   1.0000000e+00   8.6200000e-06
   1.2400000e-03   1.0000000e+00   4.2200000e-05             NaN   1.2400000e-03   1.0000000e+00   4.2200000e-05
   1.5500000e-03   9.9900000e-01   9.8500000e-05             NaN   1.5500000e-03   9.9900000e-01   9.8500000e-05
   2.0660000e-03   9.9900000e-01   3.3200000e-04             NaN   2.0660000e-03   9.9900000e-01   3.3200000e-04
   2.4800000e-03   9.9900000e-01   5.6900000e-04             NaN   2.4800000e-03   9.9900000e-01   5.6900000e-04
   2.7550000e-03   9.9800000e-01   8.3900000e-04             NaN   2.7550000e-03   9.9800000e-01   8.3900000e-04
   3.5420000e-03   9.9800000e-01   2.1300000e-03             NaN   3.5420000e-03   9.9800000e-01   2.1300000e-03
   3.6470000e-03   9.9800000e-01   2.3600000e-03             NaN   3.6470000e-03   9.9800000e-01   2.3600000e-03
   3.7570000e-03   9.9800000e-01   2.7700000e-03             NaN   3.7570000e-03   9.9800000e-01   2.7700000e-03
   3.8750000e-03   9.9800000e-01   3.6800000e-03             NaN   3.8750000e-03   9.9800000e-01   3.6800000e-03
   3.9990000e-03   9.9900000e-01   4.9700000e-03             NaN   3.9990000e-03   9.9900000e-01   4.9700000e-03
   4.1330000e-03   1.0020000e+00   3.5400000e-03             NaN   4.1330000e-03   1.0020000e+00   3.5400000e-03
   4.2750000e-03   1.0010000e+00   7.9400000e-04             NaN   4.2750000e-03   1.0010000e+00   7.9400000e-04
   4.5920000e-03   9.9900000e-01   2.0600000e-04             NaN   4.5920000e-03   9.9900000e-01   2.0600000e-04
   4.9590000e-03   9.9800000e-01   2.7200000e-04             NaN   4.9590000e-03   9.9800000e-01   2.7200000e-04
   6.1990000e-03   9.9500000e-01   5.8500000e-04             NaN   6.1990000e-03   9.9500000e-01   5.8500000e-04
   6.8880000e-03   9.9400000e-01   8.4800000e-04             NaN   6.8880000e-03   9.9400000e-01   8.4800000e-04
   7.7490000e-03   9.9200000e-01   1.2100000e-03             NaN   7.7490000e-03   9.9200000e-01   1.2100000e-03
   8.8560000e-03   9.8900000e-01   1.9300000e-03             NaN   8.8560000e-03   9.8900000e-01   1.9300000e-03
   9.5370000e-03   9.8700000e-01   2.3500000e-03             NaN   9.5370000e-03   9.8700000e-01   2.3500000e-03
   1.0330000e-02   9.8500000e-01   2.8200000e-03             NaN   1.0330000e-02   9.8500000e-01   2.8200000e-03
   1.1270000e-02   9.8200000e-01   3.7700000e-03             NaN   1.1270000e-02   9.8200000e-01   3.7700000e-03
   1.2400000e-02   9.7800000e-01   5.1900000e-03             NaN   1.2400000e-02   9.7800000e-01   5.1900000e-03
   1.3050000e-02   9.7600000e-01   6.1300000e-03             NaN   1.3050000e-02   9.7600000e-01   6.1300000e-03
   1.3780000e-02   9.7300000e-01   7.2500000e-03             NaN   1.3780000e-02   9.7300000e-01   7.2500000e-03
   1.4590000e-02   9.7000000e-01   8.5800000e-03             NaN   1.4590000e-02   9.7000000e-01   8.5800000e-03
   1.5500000e-02   9.6600000e-01   1.0200000e-02             NaN   1.5500000e-02   9.6600000e-01   1.0200000e-02
   1.6530000e-02   9.6100000e-01   1.2100000e-02             NaN   1.6530000e-02   9.6100000e-01   1.2100000e-02
   1.7710000e-02   9.5500000e-01   1.5000000e-02             NaN   1.7710000e-02   9.5500000e-01   1.5000000e-02
   1.9070000e-02   9.4800000e-01   2.0000000e-02             NaN   1.9656426e-02   8.7990115e-01   3.0901074e-02
   2.0660000e-02   9.4000000e-01   2.7000000e-02             NaN   1.9997233e-02   8.7593982e-01   3.2472071e-02
   2.2540000e-02   9.3200000e-01   3.5000000e-02             NaN   2.0343948e-02   8.7194209e-01   3.4032844e-02
   2.4800000e-02   9.2200000e-01   4.5000000e-02             NaN   2.0696676e-02   8.6782514e-01   3.5537555e-02
   2.6950000e-02   9.1400000e-01   5.8000000e-02             NaN   2.1055519e-02   8.6346029e-01   3.7031508e-02
   2.8180000e-02   9.1100000e-01   6.3000000e-02             NaN   2.1420583e-02   8.5887729e-01   3.8550496e-02
   2.9520000e-02   9.0400000e-01   6.5000000e-02             NaN   2.1791977e-02   8.5408184e-01   4.0097988e-02
   3.1000000e-02   8.9300000e-01   7.3000000e-02             NaN   2.2169811e-02   8.4906417e-01   4.1669546e-02
   3.2630000e-02   8.8300000e-01   8.6000000e-02             NaN   2.2554195e-02   8.4380526e-01   4.3256391e-02
   3.4440000e-02   8.7900000e-01   1.0200000e-01             NaN   2.2945244e-02   8.3825570e-01   4.4863068e-02
   3.6470000e-02   8.7300000e-01   1.0900000e-01             NaN   2.3343073e-02   8.3232482e-01   4.6576698e-02
   3.8750000e-02   8.5700000e-01   1.1800000e-01             NaN   2.3747799e-02   8.2621060e-01   4.8363350e-02
   4.1330000e-02   8.3700000e-01   1.4000000e-01             NaN   2.4159543e-02   8.1991180e-01   5.0108736e-02
   4.4280000e-02   8.1600000e-01   1.6600000e-01             NaN   2.4578426e-02   8.1335694e-01   5.1691933e-02
   4.7690000e-02   7.9400000e-01   2.0700000e-01             NaN   2.5004571e-02   8.0650505e-01   5.2801861e-02
   5.1660000e-02   7.7200000e-01   2.5500000e-01             NaN   2.5438105e-02   7.9801048e-01   5.4009567e-02
   5.6360000e-02   7.3500000e-01   3.1400000e-01             NaN   2.5879156e-02   7.8878082e-01   5.5509431e-02
   6.1990000e-02   7.0700000e-01   4.5100000e-01             NaN   2.6327854e-02   7.7842818e-01   5.7423007e-02
   6.8880000e-02   7.3300000e-01   6.3100000e-01             NaN   2.6784331e-02   7.6697284e-01   6.0011047e-02
   7.7490000e-02   9.0800000e-01   9.0300000e-01             NaN   2.7248723e-02   7.5450416e-01   6.3501701e-02
   7.9990000e-02   1.0050000e+00   9.3800000e-01             NaN   2.7721166e-02   7.4116608e-01   6.8088906e-02
   8.2660000e-02   1.0990000e+00   9.5500000e-01             NaN   2.8201801e-02   7.2713967e-01   7.3925514e-02
   8.5510000e-02   1.1910000e+00   9.6000000e-01             NaN   2.8690769e-02   7.1262618e-01   8.1120570e-02
   8.8560000e-02   1.2840000e+00   9.5600000e-01             NaN   2.9188215e-02   6.9783254e-01   8.9741550e-02
   9.1840000e-02   1.3780000e+00   9.3400000e-01             NaN   2.9694286e-02   6.8296072e-01   9.9822078e-02
   9.5370000e-02   1.4630000e+00   8.9400000e-01             NaN   3.0209131e-02   6.6820361e-01   1.1138010e-01
   9.9190000e-02   1.5420000e+00   8.5100000e-01             NaN   3.0732903e-02   6.5380382e-01   1.2440056e-01
   1.0330000e-01   1.6080000e+00   7.8600000e-01             NaN   3.1265756e-02   6.4013415e-01   1.3867752e-01
   1.0780000e-01   1.6630000e+00   7.3000000e-01             NaN   3.1807847e-02   6.2722731e-01   1.5398667e-01
   1.1270000e-01   1.7230000e+00   6.6900000e-01             NaN   3.2359338e-02   6.1508146e-01   1.7016399e-01
   1.1810000e-01   1.7850000e+00   5.8200000e-01             NaN   3.2920390e-02   6.0368388e-01   1.8707479e-01
   1.2400000e-01   1.8110000e+00   4.4900000e-01             NaN   3.3491170e-02   5.9301082e-01   2.0459854e-01
   1.3050000e-01   1.7910000e+00   3.3400000e-01             NaN   3.4071846e-02   5.8302627e-01   2.2261625e-01
   1.3780000e-01   1.7360000e+00   2.2300000e-01             NaN   3.4662590e-02   5.7367220e-01   2.4097915e-01
   1.4590000e-01   1.6490000e+00   1.4400000e-01             NaN   3.5263577e-02   5.6469169e-01   2.5964987e-01
   1.5500000e-01   1.5310000e+00   8.6900000e-02             NaN   3.5874983e-02   5.5577670e-01   2.7885304e-01
   1.6530000e-01   1.3990000e+00   1.0100000e-01             NaN   3.6496990e-02   5.4706872e-01   2.9873202e-01
   1.7710000e-01   1.2800000e+00   1.5800000e-01             NaN   3.7129782e-02   5.3866753e-01   3.1933582e-01
   1.9070000e-01   1.1960000e+00   2.8000000e-01             NaN   3.7773545e-02   5.3064408e-01   3.4068204e-01
   2.0660000e-01   1.1580000e+00   4.1500000e-01             NaN   3.8428470e-02   5.2305079e-01   3.6277811e-01
   2.2540000e-01   1.1950000e+00   6.1000000e-01             NaN   3.9094750e-02   5.1592798e-01   3.8563137e-01
   2.4800000e-01   1.3440000e+00   7.5400000e-01             NaN   3.9772582e-02   5.0930890e-01   4.0925576e-01
   2.7550000e-01   1.5180000e+00   7.6400000e-01             NaN   4.0462167e-02   5.0322433e-01   4.3367769e-01
   3.1000000e-01   1.6380000e+00   7.2300000e-01             NaN   4.1163708e-02   4.9770795e-01   4.5894340e-01
   3.5420000e-01   1.7060000e+00   6.8100000e-01             NaN   4.1877412e-02   4.9280399e-01   4.8513117e-01
   4.1330000e-01   1.7520000e+00   6.7800000e-01             NaN   4.2603490e-02   4.8858143e-01   5.1237641e-01
   4.9590000e-01   1.8070000e+00   6.9600000e-01             NaN   4.3342158e-02   4.8517165e-01   5.4094202e-01
   6.1990000e-01   1.8790000e+00   7.3900000e-01             NaN   4.4093632e-02   4.8299223e-01   5.7131273e-01
   8.2660000e-01   1.9740000e+00   8.1600000e-01             NaN   4.4858136e-02   4.8406851e-01   6.0234859e-01
   1.2400000e+00   2.2040000e+00   1.0400000e+00             NaN   4.5635895e-02   4.8843198e-01   6.3271723e-01
   2.4800000e+00   2.6980000e+00   1.1800000e+00             NaN   4.6427138e-02   4.9545459e-01   6.6151645e-01
   3.1000000e+00   2.8310000e+00   1.2200000e+00             NaN   4.7232101e-02   5.0457960e-01   6.8793146e-01
   4.1330000e+00   2.9490000e+00   1.2900000e+00             NaN   4.8051020e-02   5.1512461e-01   7.1094584e-01
   6.1990000e+00   3.0000000e+00   1.5100000e+00             NaN   4.8884137e-02   5.2591365e-01   7.2881529e-01
   1.2400000e+01   2.8700000e+00   2.7900000e+00             NaN   4.9731700e-02   5.3259481e-01   7.4179505e-01
   1.5500000e+01   2.9320000e+00   3.5600000e+00             NaN   5.0593957e-02   5.2883572e-01   7.5688086e-01
   2.0660000e+01   3.1590000e+00   4.6500000e+00             NaN   5.1471165e-02   5.1787013e-01   7.7859600e-01
   3.1000000e+01   3.4720000e+00   6.8600000e+00             NaN   5.2363582e-02   5.0410298e-01   8.0849900e-01
   4.1330000e+01   4.0540000e+00   9.3100000e+00             NaN   5.3271471e-02   4.9122053e-01   8.4753314e-01
   4.9590000e+01   4.9970000e+00   1.1200000e+01             NaN   5.4195102e-02   4.8633251e-01   8.9136961e-01
   6.1990000e+01   7.1150000e+00   1.2400000e+01             NaN   5.5134747e-02   4.8942810e-01   9.3617103e-01
   8.2660000e+01   7.4890000e+00   1.3100000e+01             NaN   5.6090684e-02   4.9878509e-01   9.7937764e-01
   1.2400000e+02   5.3030000e+00   1.9200000e+01             NaN   5.7063195e-02   5.1131302e-01   1.0207612e+00
             NaN             NaN             NaN             NaN   5.8052567e-02   5.2558548e-01   1.0611077e+00
             NaN             NaN             NaN             NaN   5.9059093e-02   5.4177002e-01   1.1006160e+00
             NaN             NaN             NaN             NaN   6.0083071e-02   5.5986399e-01   1.1391602e+00
             NaN             NaN             NaN             NaN   6.1124803e-02   5.7975528e-01   1.1764311e+00
             NaN             NaN             NaN             NaN   6.2184596e-02   6.0111692e-01   1.2118305e+00
             NaN             NaN             NaN             NaN   6.3262764e-02   6.2250593e-01   1.2458374e+00
             NaN             NaN             NaN             NaN   6.4359626e-02   6.4321770e-01   1.2795656e+00
             NaN             NaN             NaN             NaN   6.5475505e-02   6.6363039e-01   1.3136482e+00
             NaN             NaN             NaN             NaN   6.6610732e-02   6.8403910e-01   1.3485377e+00
             NaN             NaN             NaN             NaN   6.7765642e-02   7.0475827e-01   1.3846639e+00
             NaN             NaN             NaN             NaN   6.8940575e-02   7.2620465e-01   1.4225397e+00
             NaN             NaN             NaN             NaN   7.0135880e-02   7.4917461e-01   1.4628117e+00
             NaN             NaN             NaN             NaN   7.1351909e-02   7.7571936e-01   1.5041646e+00
             NaN             NaN             NaN             NaN   7.2589022e-02   8.0605280e-01   1.5453893e+00
             NaN             NaN             NaN             NaN   7.3847584e-02   8.3983682e-01   1.5857350e+00
             NaN             NaN             NaN             NaN   7.5127967e-02   8.7676263e-01   1.6245169e+00
             NaN             NaN             NaN             NaN   7.6430550e-02   9.1636656e-01   1.6609484e+00
             NaN             NaN             NaN             NaN   7.7755717e-02   9.5766180e-01   1.6940134e+00
             NaN             NaN             NaN             NaN   7.9103861e-02   9.9820195e-01   1.7254939e+00
             NaN             NaN             NaN             NaN   8.0475378e-02   1.0377986e+00   1.7572029e+00
             NaN             NaN             NaN             NaN   8.1870676e-02   1.0773329e+00   1.7900530e+00
             NaN             NaN             NaN             NaN   8.3290165e-02   1.1176973e+00   1.8248243e+00
             NaN             NaN             NaN             NaN   8.4734265e-02   1.1602735e+00   1.8621497e+00
             NaN             NaN             NaN             NaN   8.6203404e-02   1.2072104e+00   1.9000866e+00
             NaN             NaN             NaN             NaN   8.7698015e-02   1.2585757e+00   1.9375250e+00
             NaN             NaN             NaN             NaN   8.9218540e-02   1.3142554e+00   1.9739645e+00
             NaN             NaN             NaN             NaN   9.0765428e-02   1.3744467e+00   2.0085793e+00
             NaN             NaN             NaN             NaN   9.2339136e-02   1.4390985e+00   2.0402078e+00
             NaN             NaN             NaN             NaN   9.3940129e-02   1.5076397e+00   2.0680498e+00
             NaN             NaN             NaN             NaN   9.5568881e-02   1.5793718e+00   2.0913343e+00
             NaN             NaN             NaN             NaN   9.7225872e-02   1.6532287e+00   2.1092562e+00
             NaN             NaN             NaN             NaN   9.8911592e-02   1.7274237e+00   2.1216259e+00
             NaN             NaN             NaN             NaN   1.0062654e-01   1.8004564e+00   2.1317387e+00
             NaN             NaN             NaN             NaN   1.0237122e-01   1.8733522e+00   2.1407098e+00
             NaN             NaN             NaN             NaN   1.0414615e-01   1.9471719e+00   2.1489198e+00
             NaN             NaN             NaN             NaN   1.0595186e-01   2.0229449e+00   2.1565680e+00
             NaN             NaN             NaN             NaN   1.0778887e-01   2.1019252e+00   2.1637239e+00
             NaN             NaN             NaN             NaN   1.0965774e-01   2.1859165e+00   2.1701036e+00
             NaN             NaN             NaN             NaN   1.1155900e-01   2.2763439e+00   2.1726724e+00
             NaN             NaN             NaN             NaN   1.1349323e-01   2.3734698e+00   2.1697755e+00
             NaN             NaN             NaN             NaN   1.1546100e-01   2.4784290e+00   2.1603050e+00
             NaN             NaN             NaN             NaN   1.1746289e-01   2.5942644e+00   2.1410123e+00
             NaN             NaN             NaN             NaN   1.1949948e-01   2.7160731e+00   2.0944418e+00
             NaN             NaN             NaN             NaN   1.2157138e-01   2.8292689e+00   2.0162170e+00
             NaN             NaN             NaN             NaN   1.2367921e-01   2.9172940e+00   1.9104878e+00
             NaN             NaN             NaN             NaN   1.2582358e-01   2.9638054e+00   1.7913958e+00
             NaN             NaN             NaN             NaN   1.2800514e-01   2.9841435e+00   1.6995909e+00
             NaN             NaN             NaN             NaN   1.3022452e-01   3.0010212e+00   1.6378941e+00
             NaN             NaN             NaN             NaN   1.3248237e-01   3.0306901e+00   1.5977970e+00
             NaN             NaN             NaN             NaN   1.3477938e-01   3.0780566e+00   1.5611294e+00
             NaN             NaN             NaN             NaN   1.3711621e-01   3.1263057e+00   1.5064916e+00
             NaN             NaN             NaN             NaN   1.3949355e-01   3.1643092e+00   1.4425886e+00
             NaN             NaN             NaN             NaN   1.4191212e-01   3.1999592e+00   1.3850724e+00
             NaN             NaN             NaN             NaN   1.4437262e-01   3.2407166e+00   1.3321936e+00
             NaN             NaN             NaN             NaN   1.4687578e-01   3.2882152e+00   1.2774414e+00
             NaN             NaN             NaN             NaN   1.4942234e-01   3.3435261e+00   1.2163080e+00
             NaN             NaN             NaN             NaN   1.5201305e-01   3.4087577e+00   1.1421851e+00
             NaN             NaN             NaN             NaN   1.5464868e-01   3.4677668e+00   1.0415205e+00
             NaN             NaN             NaN             NaN   1.5733001e-01   3.5068616e+00   9.1798867e-01
             NaN             NaN             NaN             NaN   1.6005783e-01   3.5191546e+00   7.8120559e-01
             NaN             NaN             NaN             NaN   1.6283294e-01   3.5013414e+00   6.4079179e-01
             NaN             NaN             NaN             NaN   1.6565617e-01   3.4531539e+00   5.0621554e-01
             NaN             NaN             NaN             NaN   1.6852835e-01   3.3768500e+00   3.8618288e-01
             NaN             NaN             NaN             NaN   1.7145032e-01   3.2764002e+00   2.8836832e-01
             NaN             NaN             NaN             NaN   1.7442296e-01   3.1563772e+00   2.2037401e-01
             NaN             NaN             NaN             NaN   1.7744714e-01   3.0279554e+00   1.8957885e-01
             NaN             NaN             NaN             NaN   1.8052375e-01   2.9211358e+00   1.9188326e-01
             NaN             NaN             NaN             NaN   1.8365371e-01   2.8374035e+00   2.1291021e-01
             NaN             NaN             NaN             NaN   1.8683793e-01   2.7745955e+00   2.4454810e-01
             NaN             NaN             NaN             NaN   1.9007736e-01   2.7309443e+00   2.8204653e-01
             NaN             NaN             NaN             NaN   1.9337296e-01   2.7053605e+00   3.2202429e-01
             NaN             NaN             NaN             NaN   1.9672569e-01   2.6975829e+00   3.6135390e-01
             NaN             NaN             NaN             NaN   2.0013656e-01   2.7085764e+00   3.9566102e-01
             NaN             NaN             NaN             NaN   2.0360656e-01   2.7342162e+00   4.1794045e-01
             NaN             NaN             NaN             NaN   2.0713673e-01   2.7595869e+00   4.2366463e-01
             NaN             NaN             NaN             NaN   2.1072811e-01   2.7807008e+00   4.1747431e-01
             NaN             NaN             NaN             NaN   2.1438175e-01   2.7955192e+00   4.0328672e-01
             NaN             NaN             NaN             NaN   2.1809875e-01   2.8037075e+00   3.8463733e-01
             NaN             NaN             NaN             NaN   2.2188018e-01   2.8056210e+00   3.6434099e-01
             NaN             NaN             NaN             NaN   2.2572718e-01   2.8026334e+00   3.4455616e-01
             NaN             NaN             NaN             NaN   2.2964088e-01   2.7959667e+00   3.2653850e-01
             NaN             NaN             NaN             NaN   2.3362244e-01   2.7870709e+00   3.1104427e-01
             NaN             NaN             NaN             NaN   2.3767303e-01   2.7771168e+00   2.9830413e-01
             NaN             NaN             NaN             NaN   2.4179385e-01   2.7671930e+00   2.8826438e-01
             NaN             NaN             NaN             NaN   2.4598612e-01   2.7582254e+00   2.8058538e-01
             NaN             NaN             NaN             NaN   2.5025107e-01   2.7508171e+00   2.7472707e-01
             NaN             NaN             NaN             NaN   2.5458997e-01   2.7453880e+00   2.7007463e-01
             NaN             NaN             NaN             NaN   2.5900410e-01   2.7422287e+00   2.6590032e-01
             NaN             NaN             NaN             NaN   2.6349476e-01   2.7410283e+00   2.6145357e-01
             NaN             NaN             NaN             NaN   2.6806328e-01   2.7415525e+00   2.5617942e-01
             NaN             NaN             NaN             NaN   2.7271102e-01   2.7432640e+00   2.4955990e-01
             NaN             NaN             NaN             NaN   2.7743933e-01   2.7453083e+00   2.4134421e-01
             NaN             NaN             NaN             NaN   2.8224963e-01   2.7471188e+00   2.3161783e-01
             NaN             NaN             NaN             NaN   2.8714332e-01   2.7482076e+00   2.2057547e-01
             NaN             NaN             NaN             NaN   2.9212187e-01   2.7481308e+00   2.0855438e-01
             NaN             NaN             NaN             NaN   2.9718673e-01   2.7468283e+00   1.9595914e-01
             NaN             NaN             NaN             NaN   3.0233941e-01   2.7441200e+00   1.8315186e-01
             NaN             NaN             NaN             NaN   3.0758143e-01   2.7401449e+00   1.7054075e-01
             NaN             NaN             NaN             NaN   3.1291433e-01   2.7352086e+00   1.5836169e-01
             NaN             NaN             NaN             NaN   3.1833970e-01   2.7293446e+00   1.4675061e-01
             NaN             NaN             NaN             NaN   3.2385914e-01   2.7227909e+00   1.3586890e-01
             NaN             NaN             NaN             NaN   3.2947427e-01   2.7157707e+00   1.2577084e-01
             NaN             NaN             NaN             NaN   3.3518675e-01   2.7084209e+00   1.1646883e-01
             NaN             NaN             NaN             NaN   3.4099829e-01   2.7010101e+00   1.0789729e-01
             NaN             NaN             NaN             NaN   3.4691058e-01   2.6933452e+00   1.0002353e-01
             NaN             NaN             NaN             NaN   3.5292538e-01   2.6857785e+00   9.2869941e-02
             NaN             NaN             NaN             NaN   3.5904447e-01   2.6783011e+00   8.6308513e-02
             NaN             NaN             NaN             NaN   3.6526965e-01   2.6708434e+00   8.0327072e-02
             NaN             NaN             NaN             NaN   3.7160276e-01   2.6636233e+00   7.4893329e-02
             NaN             NaN             NaN             NaN   3.7804568e-01   2.6565558e+00   6.9919653e-02
             NaN             NaN             NaN             NaN   3.8460031e-01   2.6496695e+00   6.5392185e-02
             NaN             NaN             NaN             NaN   3.9126858e-01   2.6430278e+00   6.1265061e-02
             NaN             NaN             NaN             NaN   3.9805247e-01   2.6366054e+00   5.7483915e-02
             NaN             NaN             NaN             NaN   4.0495398e-01   2.6304040e+00   5.4017269e-02
             NaN             NaN             NaN             NaN   4.1197514e-01   2.6244174e+00   5.0835386e-02
             NaN             NaN             NaN             NaN   4.1911805e-01   2.6186277e+00   4.7922572e-02
             NaN             NaN             NaN             NaN   4.2638479e-01   2.6130525e+00   4.5272211e-02
             NaN             NaN             NaN             NaN   4.3377753e-01   2.6077918e+00   4.2811946e-02
             NaN             NaN             NaN             NaN   4.4129845e-01   2.6026259e+00   4.0516095e-02
             NaN             NaN             NaN             NaN   4.4894977e-01   2.5976513e+00   3.8430183e-02
             NaN             NaN             NaN             NaN   4.5673374e-01   2.5929082e+00   3.6514775e-02
             NaN             NaN             NaN             NaN   4.6465268e-01   2.5883516e+00   3.4730947e-02
             NaN             NaN             NaN             NaN   4.7270892e-01   2.5839227e+00   3.3091067e-02
             NaN             NaN             NaN             NaN   4.8090483e-01   2.5796962e+00   3.1596844e-02
             NaN             NaN             NaN             NaN   4.8924285e-01   2.5756554e+00   3.0214823e-02
             NaN             NaN             NaN             NaN   4.9772543e-01   2.5718041e+00   2.8910495e-02
             NaN             NaN             NaN             NaN   5.0635509e-01   2.5680017e+00   2.7716128e-02
             NaN             NaN             NaN             NaN   5.1513437e-01   2.5644833e+00   2.6609510e-02
             NaN             NaN             NaN             NaN   5.2406587e-01   2.5610201e+00   2.5540270e-02
             NaN             NaN             NaN             NaN   5.3315222e-01   2.5576128e+00   2.4589594e-02
             NaN             NaN             NaN             NaN   5.4239612e-01   2.5544466e+00   2.3733096e-02
             NaN             NaN             NaN             NaN   5.5180028e-01   2.5513930e+00   2.2912740e-02
             NaN             NaN             NaN             NaN   5.6136750e-01   2.5484440e+00   2.2142684e-02
             NaN             NaN             NaN             NaN   5.7110059e-01   2.5455976e+00   2.1425536e-02
             NaN             NaN             NaN             NaN   5.8100244e-01   2.5428312e+00   2.0773773e-02
             NaN             NaN             NaN             NaN   5.9107597e-01   2.5401997e+00   2.0184413e-02
             NaN             NaN             NaN             NaN   6.0132416e-01   2.5376946e+00   1.9624854e-02
             NaN             NaN             NaN             NaN   6.1175003e-01   2.5352566e+00   1.9090767e-02
             NaN             NaN             NaN             NaN   6.2235667e-01   2.5328670e+00   1.8614915e-02
             NaN             NaN             NaN             NaN   6.3314721e-01   2.5306148e+00   1.8190143e-02
             NaN             NaN             NaN             NaN   6.4412483e-01   2.5284356e+00   1.7795212e-02
             NaN             NaN             NaN             NaN   6.5529279e-01   2.5263402e+00   1.7442547e-02
             NaN             NaN             NaN             NaN   6.6665438e-01   2.5243847e+00   1.7098178e-02
             NaN             NaN             NaN             NaN   6.7821296e-01   2.5224294e+00   1.6763282e-02
             NaN             NaN             NaN             NaN   6.8997195e-01   2.5205381e+00   1.6479676e-02
             NaN             NaN             NaN             NaN   7.0193481e-01   2.5187669e+00   1.6217195e-02
             NaN             NaN             NaN             NaN   7.1410509e-01   2.5170207e+00   1.5964842e-02
             NaN             NaN             NaN             NaN   7.2648638e-01   2.5153117e+00   1.5758704e-02
             NaN             NaN             NaN             NaN   7.3908233e-01   2.5137280e+00   1.5577489e-02
             NaN             NaN             NaN             NaN   7.5189668e-01   2.5121821e+00   1.5394987e-02
             NaN             NaN             NaN             NaN   7.6493321e-01   2.5106445e+00   1.5250668e-02
             NaN             NaN             NaN             NaN   7.7819576e-01   2.5092378e+00   1.5129567e-02
             NaN             NaN             NaN             NaN   7.9168827e-01   2.5078550e+00   1.5002573e-02
             NaN             NaN             NaN             NaN   8.0541471e-01   2.5064875e+00   1.4906144e-02
             NaN             NaN             NaN             NaN   8.1937914e-01   2.5052341e+00   1.4817770e-02
             NaN             NaN             NaN             NaN   8.3358569e-01   2.5039372e+00   1.4744731e-02
             NaN             NaN             NaN             NaN   8.4803856e-01   2.5027173e+00   1.4725949e-02
             NaN             NaN             NaN             NaN   8.6274201e-01   2.5016417e+00   1.4689816e-02
             NaN             NaN             NaN             NaN   8.7770039e-01   2.5004812e+00   1.4653162e-02
             NaN             NaN             NaN             NaN   8.9291813e-01   2.4994365e+00   1.4646155e-02
             NaN             NaN             NaN             NaN   9.0839971e-01   2.4984097e+00   1.4630625e-02
             NaN             NaN             NaN             NaN   9.2414972e-01   2.4974007e+00   1.4625017e-02
             NaN             NaN             NaN             NaN   9.4017280e-01   2.4964087e+00   1.4641633e-02
             NaN             NaN             NaN             NaN   9.5647369e-01   2.4954448e+00   1.4693544e-02
             NaN             NaN             NaN             NaN   9.7305721e-01   2.4945716e+00   1.4760247e-02
             NaN             NaN             NaN             NaN   9.8992826e-01   2.4937395e+00   1.4811794e-02
             NaN             NaN             NaN             NaN   1.0070918e+00   2.4929132e+00   1.4857776e-02
             NaN             NaN             NaN             NaN   1.0245530e+00   2.4921036e+00   1.4911119e-02
             NaN             NaN             NaN             NaN   1.0423169e+00   2.4913019e+00   1.4979265e-02
             NaN             NaN             NaN             NaN   1.0603888e+00   2.4905129e+00   1.5075517e-02
             NaN             NaN             NaN             NaN   1.0787740e+00   2.4897664e+00   1.5202922e-02
             NaN             NaN             NaN             NaN   1.0974780e+00   2.4891014e+00   1.5331316e-02
             NaN             NaN             NaN             NaN   1.1165062e+00   2.4884481e+00   1.5443046e-02
             NaN             NaN             NaN             NaN   1.1358644e+00   2.4878003e+00   1.5553728e-02
             NaN             NaN             NaN             NaN   1.1555583e+00   2.4871524e+00   1.5677512e-02
             NaN             NaN             NaN             NaN   1.1755936e+00   2.4865126e+00   1.5833040e-02
             NaN             NaN             NaN             NaN   1.1959762e+00   2.4859704e+00   1.5987449e-02
             NaN             NaN             NaN             NaN   1.2167123e+00   2.4853793e+00   1.6137547e-02
             NaN             NaN             NaN             NaN   1.2378079e+00   2.4848507e+00   1.6297204e-02
             NaN             NaN             NaN             NaN   1.2592692e+00   2.4842775e+00   1.6473119e-02
             NaN             NaN             NaN             NaN   1.2811027e+00   2.4837877e+00   1.6669144e-02
             NaN             NaN             NaN             NaN   1.3033147e+00   2.4833072e+00   1.6855088e-02
             NaN             NaN             NaN             NaN   1.3259118e+00   2.4828348e+00   1.7042748e-02
             NaN             NaN             NaN             NaN   1.3489007e+00   2.4823703e+00   1.7237620e-02
             NaN             NaN             NaN             NaN   1.3722882e+00   2.4819136e+00   1.7444935e-02
             NaN             NaN             NaN             NaN   1.3960812e+00   2.4814656e+00   1.7674775e-02
             NaN             NaN             NaN             NaN   1.4202867e+00   2.4810939e+00   1.7900511e-02
             NaN             NaN             NaN             NaN   1.4449119e+00   2.4806880e+00   1.8112145e-02
             NaN             NaN             NaN             NaN   1.4699640e+00   2.4802622e+00   1.8355674e-02
             NaN             NaN             NaN             NaN   1.4954506e+00   2.4799374e+00   1.8598363e-02
             NaN             NaN             NaN             NaN   1.5213790e+00   2.4795286e+00   1.8843783e-02
             NaN             NaN             NaN             NaN   1.5477569e+00   2.4792184e+00   1.9098313e-02
             NaN             NaN             NaN             NaN   1.5745922e+00   2.4788171e+00   1.9366507e-02
             NaN             NaN             NaN             NaN   1.6018928e+00   2.4785330e+00   1.9654618e-02
             NaN             NaN             NaN             NaN   1.6296667e+00   2.4782195e+00   1.9924718e-02
             NaN             NaN             NaN             NaN   1.6579222e+00   2.4779183e+00   2.0198739e-02
             NaN             NaN             NaN             NaN   1.6866675e+00   2.4775811e+00   2.0496950e-02
             NaN             NaN             NaN             NaN   1.7159113e+00   2.4773260e+00   2.0808087e-02
             NaN             NaN             NaN             NaN   1.7456621e+00   2.4770546e+00   2.1105357e-02
             NaN             NaN             NaN             NaN   1.7759287e+00   2.4767733e+00   2.1412454e-02
             NaN             NaN             NaN             NaN   1.8067201e+00   2.4764760e+00   2.1755520e-02
             NaN             NaN             NaN             NaN   1.8380454e+00   2.4763085e+00   2.2086441e-02
             NaN             NaN             NaN             NaN   1.8699137e+00   2.4760413e+00   2.2391357e-02
             NaN             NaN             NaN             NaN   1.9023347e+00   2.4757524e+00   2.2748835e-02
             NaN             NaN             NaN             NaN   1.9353177e+00   2.4756001e+00   2.3100448e-02
             NaN             NaN             NaN             NaN   1.9688726e+00   2.4753156e+00   2.3451522e-02
             NaN             NaN             NaN             NaN   2.0030093e+00   2.4751640e+00   2.3813878e-02
             NaN             NaN             NaN             NaN   2.0377378e+00   2.4748893e+00   2.4181152e-02
             NaN             NaN             NaN             NaN   2.0730685e+00   2.4747424e+00   2.4561755e-02
             NaN             NaN             NaN             NaN   2.1090118e+00   2.4744719e+00   2.4953389e-02
             NaN             NaN             NaN             NaN   2.1455782e+00   2.4743263e+00   2.5375301e-02
             NaN             NaN             NaN             NaN   2.1827787e+00   2.4741763e+00   2.5763193e-02
             NaN             NaN             NaN             NaN   2.2206241e+00   2.4739544e+00   2.6164935e-02
             NaN             NaN             NaN             NaN   2.2591257e+00   2.4737720e+00   2.6603399e-02
             NaN             NaN             NaN             NaN   2.2982948e+00   2.4736242e+00   2.7045827e-02
             NaN             NaN             NaN             NaN   2.3381431e+00   2.4734792e+00   2.7483857e-02
             NaN             NaN             NaN             NaN   2.3786823e+00   2.4733359e+00   2.7922851e-02
             NaN             NaN             NaN             NaN   2.4199243e+00   2.4731942e+00   2.8364033e-02
             NaN             NaN             NaN             NaN   2.4618814e+00   2.4730632e+00   2.8795889e-02
             NaN             NaN             NaN             NaN   2.5045660e+00   2.4728453e+00   2.9252221e-02
             NaN             NaN             NaN             NaN   2.5479906e+00   2.4726796e+00   2.9755761e-02
             NaN             NaN             NaN             NaN   2.5921682e+00   2.4725454e+00   3.0267251e-02
             NaN             NaN             NaN             NaN   2.6371117e+00   2.4724124e+00   3.0781982e-02
             NaN             NaN             NaN             NaN   2.6828344e+00   2.4722734e+00   3.1316515e-02
             NaN             NaN             NaN             NaN   2.7293499e+00   2.4721993e+00   3.1853602e-02
             NaN             NaN             NaN             NaN   2.7766719e+00   2.4721261e+00   3.2362015e-02
             NaN             NaN             NaN             NaN   2.8248143e+00   2.4719926e+00   3.2872044e-02
             NaN             NaN             NaN             NaN   2.8737915e+00   2.4718676e+00   3.3406753e-02
             NaN             NaN             NaN             NaN   2.9236178e+00   2.4717427e+00   3.3956101e-02
             NaN             NaN             NaN             NaN   2.9743081e+00   2.4716191e+00   3.4520082e-02
             NaN             NaN             NaN             NaN   3.0258772e+00   2.4714961e+00   3.5099389e-02
             NaN             NaN             NaN             NaN   3.0783404e+00   2.4713755e+00   3.5695349e-02
             NaN             NaN             NaN             NaN   3.1317133e+00   2.4712459e+00   3.6321989e-02
             NaN             NaN             NaN             NaN   3.1860115e+00   2.4712190e+00   3.6941261e-02
             NaN             NaN             NaN             NaN   3.2412512e+00   2.4711185e+00   3.7534861e-02
             NaN             NaN             NaN             NaN   3.2974486e+00   2.4709968e+00   3.8153586e-02
             NaN             NaN             NaN             NaN   3.3546204e+00   2.4708828e+00   3.8796796e-02
             NaN             NaN             NaN             NaN   3.4127834e+00   2.4707552e+00   3.9469719e-02
             NaN             NaN             NaN             NaN   3.4719549e+00   2.4706829e+00   4.0162638e-02
             NaN             NaN             NaN             NaN   3.5321523e+00   2.4706430e+00   4.0832824e-02
             NaN             NaN             NaN             NaN   3.5933934e+00   2.4705166e+00   4.1506787e-02
             NaN             NaN             NaN             NaN   3.6556963e+00   2.4704019e+00   4.2230032e-02
             NaN             NaN             NaN             NaN   3.7190795e+00   2.4703739e+00   4.2952388e-02
             NaN             NaN             NaN             NaN   3.7835616e+00   2.4702868e+00   4.3654944e-02
             NaN             NaN             NaN             NaN   3.8491617e+00   2.4701583e+00   4.4391661e-02
             NaN             NaN             NaN             NaN   3.9158992e+00   2.4700662e+00   4.5167721e-02
             NaN             NaN             NaN             NaN   3.9837938e+00   2.4700376e+00   4.5932917e-02
             NaN             NaN             NaN             NaN   4.0528656e+00   2.4699359e+00   4.6687335e-02
             NaN             NaN             NaN             NaN   4.1231349e+00   2.4698090e+00   4.7482967e-02
             NaN             NaN             NaN             NaN   4.1946226e+00   2.4697189e+00   4.8315591e-02
             NaN             NaN             NaN             NaN   4.2673498e+00   2.4696867e+00   4.9139163e-02
             NaN             NaN             NaN             NaN   4.3413379e+00   2.4695900e+00   4.9952404e-02
             NaN             NaN             NaN             NaN   4.4166088e+00   2.4694638e+00   5.0802882e-02
             NaN             NaN             NaN             NaN   4.4931848e+00   2.4693558e+00   5.1697069e-02
             NaN             NaN             NaN             NaN   4.5710885e+00   2.4693157e+00   5.2595909e-02
             NaN             NaN             NaN             NaN   4.6503429e+00   2.4692353e+00   5.3483340e-02
             NaN             NaN             NaN             NaN   4.7309714e+00   2.4691146e+00   5.4405781e-02
             NaN             NaN             NaN             NaN   4.8129979e+00   2.4690666e+00   5.5349522e-02
             NaN             NaN             NaN             NaN   4.8964466e+00   2.4689930e+00   5.6282301e-02
             NaN             NaN             NaN             NaN   4.9813421e+00   2.4688660e+00   5.7246644e-02
             NaN             NaN             NaN             NaN   5.0677095e+00   2.4687984e+00   5.8243554e-02
             NaN             NaN             NaN             NaN   5.1555744e+00   2.4687397e+00   5.9231408e-02
             NaN             NaN             NaN             NaN   5.2449627e+00   2.4686142e+00   6.0237595e-02
             NaN             NaN             NaN             NaN   5.3359009e+00   2.4685149e+00   6.1287903e-02
             NaN             NaN             NaN             NaN   5.4284157e+00   2.4684632e+00   6.2342010e-02
             NaN             NaN             NaN             NaN   5.5225346e+00   2.4683632e+00   6.3394188e-02
             NaN             NaN             NaN             NaN   5.6182854e+00   2.4682303e+00   6.4486949e-02
             NaN             NaN             NaN             NaN   5.7156963e+00   2.4681483e+00   6.5613226e-02
             NaN             NaN             NaN             NaN   5.8147961e+00   2.4680808e+00   6.6735393e-02
             NaN             NaN             NaN             NaN   5.9156141e+00   2.4679594e+00   6.7869077e-02
             NaN             NaN             NaN             NaN   6.0181802e+00   2.4678259e+00   6.9048369e-02
             NaN             NaN             NaN             NaN   6.1225245e+00   2.4677317e+00   7.0261813e-02
             NaN             NaN             NaN             NaN   6.2286780e+00   2.4676572e+00   7.1483056e-02
             NaN             NaN             NaN             NaN   6.3366720e+00   2.4675810e+00   7.2705556e-02
             NaN             NaN             NaN             NaN   6.4465384e+00   2.4674867e+00   7.3933649e-02
             NaN             NaN             NaN             NaN   6.5583097e+00   2.4673526e+00   7.5185568e-02
             NaN             NaN             NaN             NaN   6.6720189e+00   2.4672036e+00   7.6483406e-02
             NaN             NaN             NaN             NaN   6.7876996e+00   2.4670897e+00   7.7817742e-02
             NaN             NaN             NaN             NaN   6.9053860e+00   2.4669984e+00   7.9158070e-02
             NaN             NaN             NaN             NaN   7.0251129e+00   2.4668734e+00   8.0504018e-02
             NaN             NaN             NaN             NaN   7.1469157e+00   2.4667114e+00   8.1885760e-02
             NaN             NaN             NaN             NaN   7.2708302e+00   2.4665591e+00   8.3314890e-02
             NaN             NaN             NaN             NaN   7.3968933e+00   2.4664319e+00   8.4774816e-02
             NaN             NaN             NaN             NaN   7.5251420e+00   2.4663171e+00   8.6250089e-02
             NaN             NaN             NaN             NaN   7.6556143e+00   2.4661990e+00   8.7737553e-02
             NaN             NaN             NaN             NaN   7.7883488e+00   2.4660748e+00   8.9238211e-02
             NaN             NaN             NaN             NaN   7.9233847e+00   2.4659260e+00   9.0756863e-02
             NaN             NaN             NaN             NaN   8.0607618e+00   2.4657486e+00   9.2309019e-02
             NaN             NaN             NaN             NaN   8.2005208e+00   2.4655592e+00   9.3907640e-02
             NaN             NaN             NaN             NaN   8.3427030e+00   2.4653864e+00   9.5549134e-02
             NaN             NaN             NaN             NaN   8.4873504e+00   2.4652305e+00   9.7217687e-02
             NaN             NaN             NaN             NaN   8.6345056e+00   2.4650752e+00   9.8905317e-02
             NaN             NaN             NaN             NaN   8.7842123e+00   2.4649107e+00   1.0061488e-01
             NaN             NaN             NaN             NaN   8.9365147e+00   2.4647370e+00   1.0235186e-01
             NaN             NaN             NaN             NaN   9.0914576e+00   2.4645593e+00   1.0411830e-01
             NaN             NaN             NaN             NaN   9.2490870e+00   2.4643794e+00   1.0591219e-01
             NaN             NaN             NaN             NaN   9.4094495e+00   2.4641965e+00   1.0772942e-01
             NaN             NaN             NaN             NaN   9.5725923e+00   2.4639955e+00   1.0956992e-01
             NaN             NaN             NaN             NaN   9.7385637e+00   2.4637711e+00   1.1144210e-01
             NaN             NaN             NaN             NaN   9.9074127e+00   2.4635230e+00   1.1335719e-01
             NaN             NaN             NaN             NaN   1.0079189e+01   2.4632704e+00   1.1532163e-01
             NaN             NaN             NaN             NaN   1.2400000e+01   2.8700000e+00   2.7900000e+00
             NaN             NaN             NaN             NaN   1.5500000e+01   2.9320000e+00   3.5600000e+00
             NaN             NaN             NaN             NaN   2.0660000e+01   3.1590000e+00   4.6500000e+00
             NaN             NaN             NaN             NaN   3.1000000e+01   3.4720000e+00   6.8600000e+00
             NaN             NaN             NaN             NaN   4.1330000e+01   4.0540000e+00   9.3100000e+00
             NaN             NaN             NaN             NaN   4.9590000e+01   4.9970000e+00   1.1200000e+01
             NaN             NaN             NaN             NaN   6.1990000e+01   7.1150000e+00   1.2400000e+01
             NaN             NaN             NaN             NaN   8.2660000e+01   7.4890000e+00   1.3100000e+01
             NaN             NaN             NaN             NaN   1.2400000e+02   5.3030000e+00   1.9200000e+01
