   2.5000000e-01   1.4673954e+00   0.0000000e+00
   2.5500000e-01   1.4655979e+00   0.0000000e+00
   2.6000000e-01   1.4640058e+00   0.0000000e+00
   2.6500000e-01   1.4624137e+00   0.0000000e+00
   2.7000000e-01   1.4610361e+00   0.0000000e+00
   2.7500000e-01   1.4596675e+00   0.0000000e+00
   2.8000000e-01   1.4584160e+00   0.0000000e+00
   2.8500000e-01   1.4572426e+00   0.0000000e+00
   2.9000000e-01   1.4560886e+00   0.0000000e+00
   2.9500000e-01   1.4550771e+00   0.0000000e+00
   3.0000000e-01   1.4540655e+00   0.0000000e+00
   3.0500000e-01   1.4531255e+00   0.0000000e+00
   3.1000000e-01   1.4522514e+00   0.0000000e+00
   3.1500000e-01   1.4513773e+00   0.0000000e+00
   3.2000000e-01   1.4506021e+00   0.0000000e+00
   3.2500000e-01   1.4498486e+00   0.0000000e+00
   3.3000000e-01   1.4490951e+00   0.0000000e+00
   3.3500000e-01   1.4484410e+00   0.0000000e+00
   3.4000000e-01   1.4477890e+00   0.0000000e+00
   3.4500000e-01   1.4471387e+00   0.0000000e+00
   3.5000000e-01   1.4465738e+00   0.0000000e+00
   3.5500000e-01   1.4460088e+00   0.0000000e+00
   3.6000000e-01   1.4454439e+00   0.0000000e+00
   3.6500000e-01   1.4449487e+00   0.0000000e+00
   3.7000000e-01   1.4444580e+00   0.0000000e+00
   3.7500000e-01   1.4439672e+00   0.0000000e+00
   3.8000000e-01   1.4435200e+00   0.0000000e+00
   3.8500000e-01   1.4430914e+00   0.0000000e+00
   3.9000000e-01   1.4426629e+00   0.0000000e+00
   3.9500000e-01   1.4422542e+00   0.0000000e+00
   4.0000000e-01   1.4418841e+00   0.0000000e+00
   4.0500000e-01   1.4415141e+00   0.0000000e+00
   4.1000000e-01   1.4411440e+00   0.0000000e+00
   4.1500000e-01   1.4408113e+00   0.0000000e+00
   4.2000000e-01   1.4404879e+00   0.0000000e+00
   4.2500000e-01   1.4401646e+00   0.0000000e+00
   4.3000000e-01   1.4398462e+00   0.0000000e+00
   4.3500000e-01   1.4395650e+00   0.0000000e+00
   4.4000000e-01   1.4392837e+00   0.0000000e+00
   4.4500000e-01   1.4390025e+00   0.0000000e+00
   4.5000000e-01   1.4387310e+00   0.0000000e+00
   4.5500000e-01   1.4384848e+00   0.0000000e+00
   4.6000000e-01   1.4382385e+00   0.0000000e+00
   4.6500000e-01   1.4379922e+00   0.0000000e+00
   4.7000000e-01   1.4377537e+00   0.0000000e+00
   4.7500000e-01   1.4375370e+00   0.0000000e+00
   4.8000000e-01   1.4373203e+00   0.0000000e+00
   4.8500000e-01   1.4371037e+00   0.0000000e+00
   4.9000000e-01   1.4368886e+00   0.0000000e+00
   4.9500000e-01   1.4366991e+00   0.0000000e+00
   5.0000000e-01   1.4365096e+00   0.0000000e+00
   5.0500000e-01   1.4363201e+00   0.0000000e+00
   5.1000000e-01   1.4361306e+00   0.0000000e+00
   5.1500000e-01   1.4359572e+00   0.0000000e+00
   5.2000000e-01   1.4357912e+00   0.0000000e+00
   5.2500000e-01   1.4356253e+00   0.0000000e+00
   5.3000000e-01   1.4354593e+00   0.0000000e+00
   5.3500000e-01   1.4352956e+00   0.0000000e+00
   5.4000000e-01   1.4351519e+00   0.0000000e+00
   5.4500000e-01   1.4350081e+00   0.0000000e+00
   5.5000000e-01   1.4348644e+00   0.0000000e+00
   5.5500000e-01   1.4347206e+00   0.0000000e+00
   5.6000000e-01   1.4345816e+00   0.0000000e+00
   5.6500000e-01   1.4344536e+00   0.0000000e+00
   5.7000000e-01   1.4343256e+00   0.0000000e+00
   5.7500000e-01   1.4341976e+00   0.0000000e+00
   5.8000000e-01   1.4340696e+00   0.0000000e+00
   5.8500000e-01   1.4339461e+00   0.0000000e+00
   5.9000000e-01   1.4338331e+00   0.0000000e+00
   5.9500000e-01   1.4337200e+00   0.0000000e+00
   6.0000000e-01   1.4336070e+00   0.0000000e+00
   6.0500000e-01   1.4334940e+00   0.0000000e+00
   6.1000000e-01   1.4333820e+00   0.0000000e+00
   6.1500000e-01   1.4332816e+00   0.0000000e+00
   6.2000000e-01   1.4331812e+00   0.0000000e+00
   6.2500000e-01   1.4330809e+00   0.0000000e+00
   6.3000000e-01   1.4329805e+00   0.0000000e+00
   6.3500000e-01   1.4328801e+00   0.0000000e+00
   6.4000000e-01   1.4327874e+00   0.0000000e+00
   6.4500000e-01   1.4326996e+00   0.0000000e+00
   6.5000000e-01   1.4326119e+00   0.0000000e+00
   6.5500000e-01   1.4325242e+00   0.0000000e+00
   6.6000000e-01   1.4324365e+00   0.0000000e+00
   6.6500000e-01   1.4323488e+00   0.0000000e+00
   6.7000000e-01   1.4322690e+00   0.0000000e+00
   6.7500000e-01   1.4321902e+00   0.0000000e+00
   6.8000000e-01   1.4321113e+00   0.0000000e+00
   6.8500000e-01   1.4320324e+00   0.0000000e+00
   6.9000000e-01   1.4319536e+00   0.0000000e+00
   6.9500000e-01   1.4318747e+00   0.0000000e+00
   7.0000000e-01   1.4318035e+00   0.0000000e+00
   7.0500000e-01   1.4317328e+00   0.0000000e+00
   7.1000000e-01   1.4316620e+00   0.0000000e+00
   7.1500000e-01   1.4315913e+00   0.0000000e+00
   7.2000000e-01   1.4315205e+00   0.0000000e+00
   7.2500000e-01   1.4314498e+00   0.0000000e+00
   7.3000000e-01   1.4313858e+00   0.0000000e+00
   7.3500000e-01   1.4313245e+00   0.0000000e+00
   7.4000000e-01   1.4312631e+00   0.0000000e+00
   7.4500000e-01   1.4312018e+00   0.0000000e+00
   7.5000000e-01   1.4311404e+00   0.0000000e+00
   7.5500000e-01   1.4310791e+00   0.0000000e+00
   7.6000000e-01   1.4310188e+00   0.0000000e+00
   7.6500000e-01   1.4309629e+00   0.0000000e+00
   7.7000000e-01   1.4309071e+00   0.0000000e+00
   7.7500000e-01   1.4308512e+00   0.0000000e+00
   7.8000000e-01   1.4307953e+00   0.0000000e+00
   7.8500000e-01   1.4307394e+00   0.0000000e+00
   7.9000000e-01   1.4306835e+00   0.0000000e+00
   7.9500000e-01   1.4306297e+00   0.0000000e+00
   8.0000000e-01   1.4305790e+00   0.0000000e+00
   8.0500000e-01   1.4305283e+00   0.0000000e+00
   8.1000000e-01   1.4304776e+00   0.0000000e+00
   8.1500000e-01   1.4304269e+00   0.0000000e+00
   8.2000000e-01   1.4303762e+00   0.0000000e+00
   8.2500000e-01   1.4303255e+00   0.0000000e+00
   8.3000000e-01   1.4302763e+00   0.0000000e+00
   8.3500000e-01   1.4302304e+00   0.0000000e+00
   8.4000000e-01   1.4301846e+00   0.0000000e+00
   8.4500000e-01   1.4301388e+00   0.0000000e+00
   8.5000000e-01   1.4300930e+00   0.0000000e+00
   8.5500000e-01   1.4300471e+00   0.0000000e+00
   8.6000000e-01   1.4300013e+00   0.0000000e+00
   8.6500000e-01   1.4299555e+00   0.0000000e+00
   8.7000000e-01   1.4299126e+00   0.0000000e+00
   8.7500000e-01   1.4298701e+00   0.0000000e+00
   8.8000000e-01   1.4298275e+00   0.0000000e+00
   8.8500000e-01   1.4297850e+00   0.0000000e+00
   8.9000000e-01   1.4297425e+00   0.0000000e+00
   8.9500000e-01   1.4296999e+00   0.0000000e+00
   9.0000000e-01   1.4296574e+00   0.0000000e+00
   9.0500000e-01   1.4296156e+00   0.0000000e+00
   9.1000000e-01   1.4295785e+00   0.0000000e+00
   9.1500000e-01   1.4295415e+00   0.0000000e+00
   9.2000000e-01   1.4295044e+00   0.0000000e+00
   9.2500000e-01   1.4294674e+00   0.0000000e+00
   9.3000000e-01   1.4294304e+00   0.0000000e+00
   9.3500000e-01   1.4293933e+00   0.0000000e+00
   9.4000000e-01   1.4293563e+00   0.0000000e+00
   9.4500000e-01   1.4293193e+00   0.0000000e+00
   9.5000000e-01   1.4292838e+00   0.0000000e+00
   9.5500000e-01   1.4292484e+00   0.0000000e+00
   9.6000000e-01   1.4292129e+00   0.0000000e+00
   9.6500000e-01   1.4291774e+00   0.0000000e+00
   9.7000000e-01   1.4291420e+00   0.0000000e+00
   9.7500000e-01   1.4291065e+00   0.0000000e+00
   9.8000000e-01   1.4290711e+00   0.0000000e+00
   9.8500000e-01   1.4290356e+00   0.0000000e+00
   9.9000000e-01   1.4290015e+00   0.0000000e+00
   9.9500000e-01   1.4289684e+00   0.0000000e+00
   1.0000000e+00   1.4289353e+00   0.0000000e+00
   1.0050000e+00   1.4289021e+00   0.0000000e+00
   1.0100000e+00   1.4288690e+00   0.0000000e+00
   1.0150000e+00   1.4288359e+00   0.0000000e+00
   1.0200000e+00   1.4288028e+00   0.0000000e+00
   1.0250000e+00   1.4287697e+00   0.0000000e+00
   1.0300000e+00   1.4287366e+00   0.0000000e+00
   1.0350000e+00   1.4287053e+00   0.0000000e+00
   1.0400000e+00   1.4286745e+00   0.0000000e+00
   1.0450000e+00   1.4286436e+00   0.0000000e+00
   1.0500000e+00   1.4286128e+00   0.0000000e+00
   1.0550000e+00   1.4285819e+00   0.0000000e+00
   1.0600000e+00   1.4285511e+00   0.0000000e+00
   1.0650000e+00   1.4285202e+00   0.0000000e+00
   1.0700000e+00   1.4284894e+00   0.0000000e+00
   1.0750000e+00   1.4284585e+00   0.0000000e+00
   1.0800000e+00   1.4284287e+00   0.0000000e+00
   1.0850000e+00   1.4284006e+00   0.0000000e+00
   1.0900000e+00   1.4283725e+00   0.0000000e+00
   1.0950000e+00   1.4283444e+00   0.0000000e+00
   1.1000000e+00   1.4283162e+00   0.0000000e+00
   1.1050000e+00   1.4282881e+00   0.0000000e+00
   1.1100000e+00   1.4282600e+00   0.0000000e+00
   1.1150000e+00   1.4282319e+00   0.0000000e+00
   1.1200000e+00   1.4282037e+00   0.0000000e+00
   1.1250000e+00   1.4281756e+00   0.0000000e+00
   1.1300000e+00   1.4281484e+00   0.0000000e+00
   1.1350000e+00   1.4281214e+00   0.0000000e+00
   1.1400000e+00   1.4280944e+00   0.0000000e+00
   1.1450000e+00   1.4280674e+00   0.0000000e+00
   1.1500000e+00   1.4280404e+00   0.0000000e+00
   1.1550000e+00   1.4280134e+00   0.0000000e+00
   1.1600000e+00   1.4279864e+00   0.0000000e+00
   1.1650000e+00   1.4279594e+00   0.0000000e+00
   1.1700000e+00   1.4279324e+00   0.0000000e+00
   1.1750000e+00   1.4279054e+00   0.0000000e+00
   1.1800000e+00   1.4278789e+00   0.0000000e+00
   1.1850000e+00   1.4278525e+00   0.0000000e+00
   1.1900000e+00   1.4278260e+00   0.0000000e+00
   1.1950000e+00   1.4277996e+00   0.0000000e+00
   1.2000000e+00   1.4277732e+00   0.0000000e+00
   1.2050000e+00   1.4277468e+00   0.0000000e+00
   1.2100000e+00   1.4277204e+00   0.0000000e+00
   1.2150000e+00   1.4276940e+00   0.0000000e+00
   1.2200000e+00   1.4276675e+00   0.0000000e+00
   1.2250000e+00   1.4276411e+00   0.0000000e+00
   1.2300000e+00   1.4276149e+00   0.0000000e+00
   1.2350000e+00   1.4275895e+00   0.0000000e+00
   1.2400000e+00   1.4275640e+00   0.0000000e+00
   1.2450000e+00   1.4275385e+00   0.0000000e+00
   1.2500000e+00   1.4275131e+00   0.0000000e+00
   1.2550000e+00   1.4274876e+00   0.0000000e+00
   1.2600000e+00   1.4274622e+00   0.0000000e+00
   1.2650000e+00   1.4274367e+00   0.0000000e+00
   1.2700000e+00   1.4274113e+00   0.0000000e+00
   1.2750000e+00   1.4273858e+00   0.0000000e+00
   1.2800000e+00   1.4273604e+00   0.0000000e+00
   1.2850000e+00   1.4273352e+00   0.0000000e+00
   1.2900000e+00   1.4273110e+00   0.0000000e+00
   1.2950000e+00   1.4272869e+00   0.0000000e+00
   1.3000000e+00   1.4272628e+00   0.0000000e+00
   1.3050000e+00   1.4272386e+00   0.0000000e+00
   1.3100000e+00   1.4272145e+00   0.0000000e+00
   1.3150000e+00   1.4271903e+00   0.0000000e+00
   1.3200000e+00   1.4271662e+00   0.0000000e+00
   1.3250000e+00   1.4271421e+00   0.0000000e+00
   1.3300000e+00   1.4271179e+00   0.0000000e+00
   1.3350000e+00   1.4270938e+00   0.0000000e+00
   1.3400000e+00   1.4270697e+00   0.0000000e+00
   1.3450000e+00   1.4270455e+00   0.0000000e+00
   1.3500000e+00   1.4270213e+00   0.0000000e+00
   1.3550000e+00   1.4269972e+00   0.0000000e+00
   1.3600000e+00   1.4269730e+00   0.0000000e+00
   1.3650000e+00   1.4269488e+00   0.0000000e+00
   1.3700000e+00   1.4269247e+00   0.0000000e+00
   1.3750000e+00   1.4269005e+00   0.0000000e+00
   1.3800000e+00   1.4268763e+00   0.0000000e+00
   1.3850000e+00   1.4268522e+00   0.0000000e+00
   1.3900000e+00   1.4268280e+00   0.0000000e+00
   1.3950000e+00   1.4268038e+00   0.0000000e+00
   1.4000000e+00   1.4267797e+00   0.0000000e+00
   1.4050000e+00   1.4267562e+00   0.0000000e+00
   1.4100000e+00   1.4267332e+00   0.0000000e+00
   1.4150000e+00   1.4267102e+00   0.0000000e+00
   1.4200000e+00   1.4266871e+00   0.0000000e+00
   1.4250000e+00   1.4266641e+00   0.0000000e+00
   1.4300000e+00   1.4266411e+00   0.0000000e+00
   1.4350000e+00   1.4266181e+00   0.0000000e+00
   1.4400000e+00   1.4265951e+00   0.0000000e+00
   1.4450000e+00   1.4265721e+00   0.0000000e+00
   1.4500000e+00   1.4265490e+00   0.0000000e+00
   1.4550000e+00   1.4265260e+00   0.0000000e+00
   1.4600000e+00   1.4265030e+00   0.0000000e+00
   1.4650000e+00   1.4264800e+00   0.0000000e+00
   1.4700000e+00   1.4264562e+00   0.0000000e+00
   1.4750000e+00   1.4264323e+00   0.0000000e+00
   1.4800000e+00   1.4264085e+00   0.0000000e+00
   1.4850000e+00   1.4263846e+00   0.0000000e+00
   1.4900000e+00   1.4263608e+00   0.0000000e+00
   1.4950000e+00   1.4263369e+00   0.0000000e+00
   1.5000000e+00   1.4263131e+00   0.0000000e+00
   1.5050000e+00   1.4262892e+00   0.0000000e+00
   1.5100000e+00   1.4262654e+00   0.0000000e+00
   1.5150000e+00   1.4262415e+00   0.0000000e+00
   1.5200000e+00   1.4262177e+00   0.0000000e+00
   1.5250000e+00   1.4261938e+00   0.0000000e+00
   1.5300000e+00   1.4261700e+00   0.0000000e+00
   1.5350000e+00   1.4261468e+00   0.0000000e+00
   1.5400000e+00   1.4261236e+00   0.0000000e+00
   1.5450000e+00   1.4261004e+00   0.0000000e+00
   1.5500000e+00   1.4260772e+00   0.0000000e+00
   1.5550000e+00   1.4260541e+00   0.0000000e+00
   1.5600000e+00   1.4260309e+00   0.0000000e+00
   1.5650000e+00   1.4260077e+00   0.0000000e+00
   1.5700000e+00   1.4259845e+00   0.0000000e+00
   1.5750000e+00   1.4259613e+00   0.0000000e+00
   1.5800000e+00   1.4259381e+00   0.0000000e+00
   1.5850000e+00   1.4259149e+00   0.0000000e+00
   1.5900000e+00   1.4258917e+00   0.0000000e+00
   1.5950000e+00   1.4258686e+00   0.0000000e+00
   1.6000000e+00   1.4258454e+00   0.0000000e+00
   1.6050000e+00   1.4258221e+00   0.0000000e+00
   1.6100000e+00   1.4257989e+00   0.0000000e+00
   1.6150000e+00   1.4257756e+00   0.0000000e+00
   1.6200000e+00   1.4257524e+00   0.0000000e+00
   1.6250000e+00   1.4257292e+00   0.0000000e+00
   1.6300000e+00   1.4257059e+00   0.0000000e+00
   1.6350000e+00   1.4256827e+00   0.0000000e+00
   1.6400000e+00   1.4256594e+00   0.0000000e+00
   1.6450000e+00   1.4256362e+00   0.0000000e+00
   1.6500000e+00   1.4256130e+00   0.0000000e+00
   1.6550000e+00   1.4255897e+00   0.0000000e+00
   1.6600000e+00   1.4255665e+00   0.0000000e+00
   1.6650000e+00   1.4255432e+00   0.0000000e+00
   1.6700000e+00   1.4255200e+00   0.0000000e+00
   1.6750000e+00   1.4254960e+00   0.0000000e+00
   1.6800000e+00   1.4254720e+00   0.0000000e+00
   1.6850000e+00   1.4254480e+00   0.0000000e+00
   1.6900000e+00   1.4254240e+00   0.0000000e+00
   1.6950000e+00   1.4254000e+00   0.0000000e+00
   1.7000000e+00   1.4253760e+00   0.0000000e+00
   1.7050000e+00   1.4253520e+00   0.0000000e+00
   1.7100000e+00   1.4253280e+00   0.0000000e+00
   1.7150000e+00   1.4253040e+00   0.0000000e+00
   1.7200000e+00   1.4252800e+00   0.0000000e+00
   1.7250000e+00   1.4252560e+00   0.0000000e+00
   1.7300000e+00   1.4252320e+00   0.0000000e+00
   1.7350000e+00   1.4252080e+00   0.0000000e+00
   1.7400000e+00   1.4251840e+00   0.0000000e+00
   1.7450000e+00   1.4251600e+00   0.0000000e+00
   1.7500000e+00   1.4251363e+00   0.0000000e+00
   1.7550000e+00   1.4251126e+00   0.0000000e+00
   1.7600000e+00   1.4250888e+00   0.0000000e+00
   1.7650000e+00   1.4250651e+00   0.0000000e+00
   1.7700000e+00   1.4250414e+00   0.0000000e+00
   1.7750000e+00   1.4250177e+00   0.0000000e+00
   1.7800000e+00   1.4249940e+00   0.0000000e+00
   1.7850000e+00   1.4249703e+00   0.0000000e+00
   1.7900000e+00   1.4249465e+00   0.0000000e+00
   1.7950000e+00   1.4249228e+00   0.0000000e+00
   1.8000000e+00   1.4248991e+00   0.0000000e+00
   1.8050000e+00   1.4248754e+00   0.0000000e+00
   1.8100000e+00   1.4248517e+00   0.0000000e+00
   1.8150000e+00   1.4248279e+00   0.0000000e+00
   1.8200000e+00   1.4248042e+00   0.0000000e+00
   1.8250000e+00   1.4247802e+00   0.0000000e+00
   1.8300000e+00   1.4247559e+00   0.0000000e+00
   1.8350000e+00   1.4247315e+00   0.0000000e+00
   1.8400000e+00   1.4247071e+00   0.0000000e+00
   1.8450000e+00   1.4246827e+00   0.0000000e+00
   1.8500000e+00   1.4246583e+00   0.0000000e+00
   1.8550000e+00   1.4246339e+00   0.0000000e+00
   1.8600000e+00   1.4246095e+00   0.0000000e+00
   1.8650000e+00   1.4245851e+00   0.0000000e+00
   1.8700000e+00   1.4245607e+00   0.0000000e+00
   1.8750000e+00   1.4245363e+00   0.0000000e+00
   1.8800000e+00   1.4245120e+00   0.0000000e+00
   1.8850000e+00   1.4244876e+00   0.0000000e+00
   1.8900000e+00   1.4244632e+00   0.0000000e+00
   1.8950000e+00   1.4244388e+00   0.0000000e+00
   1.9000000e+00   1.4244144e+00   0.0000000e+00
   1.9050000e+00   1.4243900e+00   0.0000000e+00
   1.9100000e+00   1.4243647e+00   0.0000000e+00
   1.9150000e+00   1.4243394e+00   0.0000000e+00
   1.9200000e+00   1.4243141e+00   0.0000000e+00
   1.9250000e+00   1.4242888e+00   0.0000000e+00
   1.9300000e+00   1.4242635e+00   0.0000000e+00
   1.9350000e+00   1.4242382e+00   0.0000000e+00
   1.9400000e+00   1.4242129e+00   0.0000000e+00
   1.9450000e+00   1.4241876e+00   0.0000000e+00
   1.9500000e+00   1.4241624e+00   0.0000000e+00
   1.9550000e+00   1.4241371e+00   0.0000000e+00
   1.9600000e+00   1.4241118e+00   0.0000000e+00
   1.9650000e+00   1.4240865e+00   0.0000000e+00
   1.9700000e+00   1.4240612e+00   0.0000000e+00
   1.9750000e+00   1.4240359e+00   0.0000000e+00
   1.9800000e+00   1.4240106e+00   0.0000000e+00
   1.9850000e+00   1.4239853e+00   0.0000000e+00
   1.9900000e+00   1.4239600e+00   0.0000000e+00
   1.9950000e+00   1.4239342e+00   0.0000000e+00
   2.0000000e+00   1.4239083e+00   0.0000000e+00
   2.0050000e+00   1.4238825e+00   0.0000000e+00
   2.0100000e+00   1.4238566e+00   0.0000000e+00
   2.0150000e+00   1.4238308e+00   0.0000000e+00
   2.0200000e+00   1.4238049e+00   0.0000000e+00
   2.0250000e+00   1.4237791e+00   0.0000000e+00
   2.0300000e+00   1.4237533e+00   0.0000000e+00
   2.0350000e+00   1.4237274e+00   0.0000000e+00
   2.0400000e+00   1.4237016e+00   0.0000000e+00
   2.0450000e+00   1.4236757e+00   0.0000000e+00
   2.0500000e+00   1.4236499e+00   0.0000000e+00
   2.0550000e+00   1.4236240e+00   0.0000000e+00
   2.0600000e+00   1.4235982e+00   0.0000000e+00
   2.0650000e+00   1.4235724e+00   0.0000000e+00
   2.0700000e+00   1.4235465e+00   0.0000000e+00
   2.0750000e+00   1.4235207e+00   0.0000000e+00
   2.0800000e+00   1.4234948e+00   0.0000000e+00
   2.0850000e+00   1.4234687e+00   0.0000000e+00
   2.0900000e+00   1.4234427e+00   0.0000000e+00
   2.0950000e+00   1.4234166e+00   0.0000000e+00
   2.1000000e+00   1.4233905e+00   0.0000000e+00
   2.1050000e+00   1.4233645e+00   0.0000000e+00
   2.1100000e+00   1.4233384e+00   0.0000000e+00
   2.1150000e+00   1.4233123e+00   0.0000000e+00
   2.1200000e+00   1.4232863e+00   0.0000000e+00
   2.1250000e+00   1.4232602e+00   0.0000000e+00
   2.1300000e+00   1.4232341e+00   0.0000000e+00
   2.1350000e+00   1.4232081e+00   0.0000000e+00
   2.1400000e+00   1.4231820e+00   0.0000000e+00
   2.1450000e+00   1.4231560e+00   0.0000000e+00
   2.1500000e+00   1.4231299e+00   0.0000000e+00
   2.1550000e+00   1.4231038e+00   0.0000000e+00
   2.1600000e+00   1.4230778e+00   0.0000000e+00
   2.1650000e+00   1.4230517e+00   0.0000000e+00
   2.1700000e+00   1.4230256e+00   0.0000000e+00
   2.1750000e+00   1.4229991e+00   0.0000000e+00
   2.1800000e+00   1.4229718e+00   0.0000000e+00
   2.1850000e+00   1.4229444e+00   0.0000000e+00
   2.1900000e+00   1.4229171e+00   0.0000000e+00
   2.1950000e+00   1.4228898e+00   0.0000000e+00
   2.2000000e+00   1.4228625e+00   0.0000000e+00
   2.2050000e+00   1.4228352e+00   0.0000000e+00
   2.2100000e+00   1.4228078e+00   0.0000000e+00
   2.2150000e+00   1.4227805e+00   0.0000000e+00
   2.2200000e+00   1.4227532e+00   0.0000000e+00
   2.2250000e+00   1.4227259e+00   0.0000000e+00
   2.2300000e+00   1.4226986e+00   0.0000000e+00
   2.2350000e+00   1.4226712e+00   0.0000000e+00
   2.2400000e+00   1.4226439e+00   0.0000000e+00
   2.2450000e+00   1.4226166e+00   0.0000000e+00
   2.2500000e+00   1.4225893e+00   0.0000000e+00
   2.2550000e+00   1.4225620e+00   0.0000000e+00
   2.2600000e+00   1.4225346e+00   0.0000000e+00
   2.2650000e+00   1.4225073e+00   0.0000000e+00
   2.2700000e+00   1.4224800e+00   0.0000000e+00
   2.2750000e+00   1.4224516e+00   0.0000000e+00
   2.2800000e+00   1.4224231e+00   0.0000000e+00
   2.2850000e+00   1.4223947e+00   0.0000000e+00
   2.2900000e+00   1.4223663e+00   0.0000000e+00
   2.2950000e+00   1.4223378e+00   0.0000000e+00
   2.3000000e+00   1.4223094e+00   0.0000000e+00
   2.3050000e+00   1.4222810e+00   0.0000000e+00
   2.3100000e+00   1.4222525e+00   0.0000000e+00
   2.3150000e+00   1.4222241e+00   0.0000000e+00
   2.3200000e+00   1.4221957e+00   0.0000000e+00
   2.3250000e+00   1.4221673e+00   0.0000000e+00
   2.3300000e+00   1.4221388e+00   0.0000000e+00
   2.3350000e+00   1.4221104e+00   0.0000000e+00
   2.3400000e+00   1.4220820e+00   0.0000000e+00
   2.3450000e+00   1.4220535e+00   0.0000000e+00
   2.3500000e+00   1.4220251e+00   0.0000000e+00
   2.3550000e+00   1.4219967e+00   0.0000000e+00
   2.3600000e+00   1.4219682e+00   0.0000000e+00
   2.3650000e+00   1.4219398e+00   0.0000000e+00
   2.3700000e+00   1.4219114e+00   0.0000000e+00
   2.3750000e+00   1.4218827e+00   0.0000000e+00
   2.3800000e+00   1.4218540e+00   0.0000000e+00
   2.3850000e+00   1.4218252e+00   0.0000000e+00
   2.3900000e+00   1.4217964e+00   0.0000000e+00
   2.3950000e+00   1.4217676e+00   0.0000000e+00
   2.4000000e+00   1.4217389e+00   0.0000000e+00
   2.4050000e+00   1.4217101e+00   0.0000000e+00
   2.4100000e+00   1.4216813e+00   0.0000000e+00
   2.4150000e+00   1.4216525e+00   0.0000000e+00
   2.4200000e+00   1.4216238e+00   0.0000000e+00
   2.4250000e+00   1.4215950e+00   0.0000000e+00
   2.4300000e+00   1.4215662e+00   0.0000000e+00
   2.4350000e+00   1.4215375e+00   0.0000000e+00
   2.4400000e+00   1.4215087e+00   0.0000000e+00
   2.4450000e+00   1.4214799e+00   0.0000000e+00
   2.4500000e+00   1.4214511e+00   0.0000000e+00
   2.4550000e+00   1.4214224e+00   0.0000000e+00
   2.4600000e+00   1.4213936e+00   0.0000000e+00
   2.4650000e+00   1.4213648e+00   0.0000000e+00
   2.4700000e+00   1.4213360e+00   0.0000000e+00
   2.4750000e+00   1.4213073e+00   0.0000000e+00
   2.4800000e+00   1.4212779e+00   0.0000000e+00
   2.4850000e+00   1.4212477e+00   0.0000000e+00
   2.4900000e+00   1.4212176e+00   0.0000000e+00
   2.4950000e+00   1.4211874e+00   0.0000000e+00
   2.5000000e+00   1.4211572e+00   0.0000000e+00
   2.5025000e+00   1.4211421e+00   0.0000000e+00
   2.5050100e+00   1.4211270e+00   0.0000000e+00
   2.5075200e+00   1.4211118e+00   0.0000000e+00
   2.5100400e+00   1.4210966e+00   0.0000000e+00
   2.5125600e+00   1.4210814e+00   0.0000000e+00
   2.5150900e+00   1.4210661e+00   0.0000000e+00
   2.5176200e+00   1.4210509e+00   0.0000000e+00
   2.5201600e+00   1.4210355e+00   0.0000000e+00
   2.5227000e+00   1.4210202e+00   0.0000000e+00
   2.5252500e+00   1.4210048e+00   0.0000000e+00
   2.5278100e+00   1.4209893e+00   0.0000000e+00
   2.5303600e+00   1.4209740e+00   0.0000000e+00
   2.5329300e+00   1.4209584e+00   0.0000000e+00
   2.5355000e+00   1.4209429e+00   0.0000000e+00
   2.5380700e+00   1.4209274e+00   0.0000000e+00
   2.5406500e+00   1.4209118e+00   0.0000000e+00
   2.5432300e+00   1.4208963e+00   0.0000000e+00
   2.5458200e+00   1.4208806e+00   0.0000000e+00
   2.5484200e+00   1.4208649e+00   0.0000000e+00
   2.5510200e+00   1.4208492e+00   0.0000000e+00
   2.5536300e+00   1.4208335e+00   0.0000000e+00
   2.5562400e+00   1.4208177e+00   0.0000000e+00
   2.5588500e+00   1.4208020e+00   0.0000000e+00
   2.5614800e+00   1.4207861e+00   0.0000000e+00
   2.5641000e+00   1.4207703e+00   0.0000000e+00
   2.5667400e+00   1.4207544e+00   0.0000000e+00
   2.5693700e+00   1.4207385e+00   0.0000000e+00
   2.5720200e+00   1.4207225e+00   0.0000000e+00
   2.5746700e+00   1.4207065e+00   0.0000000e+00
   2.5773200e+00   1.4206905e+00   0.0000000e+00
   2.5799800e+00   1.4206744e+00   0.0000000e+00
   2.5826400e+00   1.4206584e+00   0.0000000e+00
   2.5853200e+00   1.4206422e+00   0.0000000e+00
   2.5879900e+00   1.4206261e+00   0.0000000e+00
   2.5906700e+00   1.4206095e+00   0.0000000e+00
   2.5933600e+00   1.4205926e+00   0.0000000e+00
   2.5960500e+00   1.4205756e+00   0.0000000e+00
   2.5987500e+00   1.4205586e+00   0.0000000e+00
   2.6014600e+00   1.4205416e+00   0.0000000e+00
   2.6041700e+00   1.4205245e+00   0.0000000e+00
   2.6068800e+00   1.4205075e+00   0.0000000e+00
   2.6096000e+00   1.4204904e+00   0.0000000e+00
   2.6123300e+00   1.4204732e+00   0.0000000e+00
   2.6150600e+00   1.4204560e+00   0.0000000e+00
   2.6178000e+00   1.4204388e+00   0.0000000e+00
   2.6205500e+00   1.4204215e+00   0.0000000e+00
   2.6232900e+00   1.4204042e+00   0.0000000e+00
   2.6260500e+00   1.4203868e+00   0.0000000e+00
   2.6288100e+00   1.4203695e+00   0.0000000e+00
   2.6315800e+00   1.4203520e+00   0.0000000e+00
   2.6343500e+00   1.4203346e+00   0.0000000e+00
   2.6371300e+00   1.4203171e+00   0.0000000e+00
   2.6399200e+00   1.4202996e+00   0.0000000e+00
   2.6427100e+00   1.4202820e+00   0.0000000e+00
   2.6455000e+00   1.4202644e+00   0.0000000e+00
   2.6483100e+00   1.4202468e+00   0.0000000e+00
   2.6511100e+00   1.4202291e+00   0.0000000e+00
   2.6539300e+00   1.4202114e+00   0.0000000e+00
   2.6567500e+00   1.4201936e+00   0.0000000e+00
   2.6595700e+00   1.4201759e+00   0.0000000e+00
   2.6624100e+00   1.4201580e+00   0.0000000e+00
   2.6652500e+00   1.4201402e+00   0.0000000e+00
   2.6680900e+00   1.4201223e+00   0.0000000e+00
   2.6709400e+00   1.4201043e+00   0.0000000e+00
   2.6738000e+00   1.4200863e+00   0.0000000e+00
   2.6766600e+00   1.4200683e+00   0.0000000e+00
   2.6795300e+00   1.4200503e+00   0.0000000e+00
   2.6824000e+00   1.4200322e+00   0.0000000e+00
   2.6852800e+00   1.4200141e+00   0.0000000e+00
   2.6881700e+00   1.4199959e+00   0.0000000e+00
   2.6910700e+00   1.4199777e+00   0.0000000e+00
   2.6939700e+00   1.4199594e+00   0.0000000e+00
   2.6968700e+00   1.4199412e+00   0.0000000e+00
   2.6997800e+00   1.4199229e+00   0.0000000e+00
   2.7027000e+00   1.4199045e+00   0.0000000e+00
   2.7056300e+00   1.4198859e+00   0.0000000e+00
   2.7085600e+00   1.4198668e+00   0.0000000e+00
   2.7115000e+00   1.4198476e+00   0.0000000e+00
   2.7144400e+00   1.4198284e+00   0.0000000e+00
   2.7173900e+00   1.4198091e+00   0.0000000e+00
   2.7203500e+00   1.4197898e+00   0.0000000e+00
   2.7233100e+00   1.4197705e+00   0.0000000e+00
   2.7262800e+00   1.4197511e+00   0.0000000e+00
   2.7292600e+00   1.4197316e+00   0.0000000e+00
   2.7322400e+00   1.4197122e+00   0.0000000e+00
   2.7352300e+00   1.4196926e+00   0.0000000e+00
   2.7382300e+00   1.4196730e+00   0.0000000e+00
   2.7412300e+00   1.4196535e+00   0.0000000e+00
   2.7442400e+00   1.4196338e+00   0.0000000e+00
   2.7472500e+00   1.4196142e+00   0.0000000e+00
   2.7502800e+00   1.4195944e+00   0.0000000e+00
   2.7533000e+00   1.4195747e+00   0.0000000e+00
   2.7563400e+00   1.4195548e+00   0.0000000e+00
   2.7593800e+00   1.4195350e+00   0.0000000e+00
   2.7624300e+00   1.4195150e+00   0.0000000e+00
   2.7654900e+00   1.4194951e+00   0.0000000e+00
   2.7685500e+00   1.4194751e+00   0.0000000e+00
   2.7716200e+00   1.4194550e+00   0.0000000e+00
   2.7746900e+00   1.4194350e+00   0.0000000e+00
   2.7777800e+00   1.4194148e+00   0.0000000e+00
   2.7808700e+00   1.4193947e+00   0.0000000e+00
   2.7839600e+00   1.4193745e+00   0.0000000e+00
   2.7870700e+00   1.4193542e+00   0.0000000e+00
   2.7901800e+00   1.4193339e+00   0.0000000e+00
   2.7933000e+00   1.4193135e+00   0.0000000e+00
   2.7964200e+00   1.4192931e+00   0.0000000e+00
   2.7995500e+00   1.4192727e+00   0.0000000e+00
   2.8026900e+00   1.4192522e+00   0.0000000e+00
   2.8058400e+00   1.4192316e+00   0.0000000e+00
   2.8089900e+00   1.4192111e+00   0.0000000e+00
   2.8121500e+00   1.4191904e+00   0.0000000e+00
   2.8153200e+00   1.4191697e+00   0.0000000e+00
   2.8184900e+00   1.4191490e+00   0.0000000e+00
   2.8216700e+00   1.4191283e+00   0.0000000e+00
   2.8248600e+00   1.4191074e+00   0.0000000e+00
   2.8280500e+00   1.4190860e+00   0.0000000e+00
   2.8312600e+00   1.4190640e+00   0.0000000e+00
   2.8344700e+00   1.4190420e+00   0.0000000e+00
   2.8376800e+00   1.4190200e+00   0.0000000e+00
   2.8409100e+00   1.4189979e+00   0.0000000e+00
   2.8441400e+00   1.4189757e+00   0.0000000e+00
   2.8473800e+00   1.4189535e+00   0.0000000e+00
   2.8506300e+00   1.4189313e+00   0.0000000e+00
   2.8538800e+00   1.4189090e+00   0.0000000e+00
   2.8571400e+00   1.4188867e+00   0.0000000e+00
   2.8604100e+00   1.4188643e+00   0.0000000e+00
   2.8636900e+00   1.4188418e+00   0.0000000e+00
   2.8669700e+00   1.4188193e+00   0.0000000e+00
   2.8702600e+00   1.4187968e+00   0.0000000e+00
   2.8735600e+00   1.4187742e+00   0.0000000e+00
   2.8768700e+00   1.4187515e+00   0.0000000e+00
   2.8801800e+00   1.4187288e+00   0.0000000e+00
   2.8835100e+00   1.4187060e+00   0.0000000e+00
   2.8868400e+00   1.4186832e+00   0.0000000e+00
   2.8901700e+00   1.4186604e+00   0.0000000e+00
   2.8935200e+00   1.4186375e+00   0.0000000e+00
   2.8968700e+00   1.4186145e+00   0.0000000e+00
   2.9002300e+00   1.4185915e+00   0.0000000e+00
   2.9036000e+00   1.4185684e+00   0.0000000e+00
   2.9069800e+00   1.4185453e+00   0.0000000e+00
   2.9103600e+00   1.4185221e+00   0.0000000e+00
   2.9137500e+00   1.4184989e+00   0.0000000e+00
   2.9171500e+00   1.4184756e+00   0.0000000e+00
   2.9205600e+00   1.4184522e+00   0.0000000e+00
   2.9239800e+00   1.4184288e+00   0.0000000e+00
   2.9274000e+00   1.4184054e+00   0.0000000e+00
   2.9308300e+00   1.4183819e+00   0.0000000e+00
   2.9342700e+00   1.4183583e+00   0.0000000e+00
   2.9377200e+00   1.4183347e+00   0.0000000e+00
   2.9411800e+00   1.4183110e+00   0.0000000e+00
   2.9446400e+00   1.4182873e+00   0.0000000e+00
   2.9481100e+00   1.4182635e+00   0.0000000e+00
   2.9515900e+00   1.4182397e+00   0.0000000e+00
   2.9550800e+00   1.4182152e+00   0.0000000e+00
   2.9585800e+00   1.4181903e+00   0.0000000e+00
   2.9620900e+00   1.4181653e+00   0.0000000e+00
   2.9656000e+00   1.4181403e+00   0.0000000e+00
   2.9691200e+00   1.4181152e+00   0.0000000e+00
   2.9726500e+00   1.4180901e+00   0.0000000e+00
   2.9761900e+00   1.4180649e+00   0.0000000e+00
   2.9797400e+00   1.4180396e+00   0.0000000e+00
   2.9832900e+00   1.4180143e+00   0.0000000e+00
   2.9868600e+00   1.4179889e+00   0.0000000e+00
   2.9904300e+00   1.4179635e+00   0.0000000e+00
   2.9940100e+00   1.4179380e+00   0.0000000e+00
   2.9976000e+00   1.4179124e+00   0.0000000e+00
   3.0012000e+00   1.4178868e+00   0.0000000e+00
   3.0048100e+00   1.4178610e+00   0.0000000e+00
   3.0084200e+00   1.4178353e+00   0.0000000e+00
   3.0120500e+00   1.4178095e+00   0.0000000e+00
   3.0156800e+00   1.4177836e+00   0.0000000e+00
   3.0193200e+00   1.4177577e+00   0.0000000e+00
   3.0229700e+00   1.4177317e+00   0.0000000e+00
   3.0266300e+00   1.4177057e+00   0.0000000e+00
   3.0303000e+00   1.4176795e+00   0.0000000e+00
   3.0339800e+00   1.4176533e+00   0.0000000e+00
   3.0376700e+00   1.4176270e+00   0.0000000e+00
   3.0413600e+00   1.4176008e+00   0.0000000e+00
   3.0450700e+00   1.4175743e+00   0.0000000e+00
   3.0487800e+00   1.4175479e+00   0.0000000e+00
   3.0525000e+00   1.4175214e+00   0.0000000e+00
   3.0562300e+00   1.4174949e+00   0.0000000e+00
   3.0599800e+00   1.4174682e+00   0.0000000e+00
   3.0637300e+00   1.4174415e+00   0.0000000e+00
   3.0674800e+00   1.4174148e+00   0.0000000e+00
   3.0712500e+00   1.4173879e+00   0.0000000e+00
   3.0750300e+00   1.4173610e+00   0.0000000e+00
   3.0788200e+00   1.4173340e+00   0.0000000e+00
   3.0826100e+00   1.4173070e+00   0.0000000e+00
   3.0864200e+00   1.4172795e+00   0.0000000e+00
   3.0902300e+00   1.4172513e+00   0.0000000e+00
   3.0940600e+00   1.4172230e+00   0.0000000e+00
   3.0978900e+00   1.4171947e+00   0.0000000e+00
   3.1017400e+00   1.4171663e+00   0.0000000e+00
   3.1055900e+00   1.4171378e+00   0.0000000e+00
   3.1094500e+00   1.4171093e+00   0.0000000e+00
   3.1133300e+00   1.4170806e+00   0.0000000e+00
   3.1172100e+00   1.4170519e+00   0.0000000e+00
   3.1211000e+00   1.4170232e+00   0.0000000e+00
   3.1250000e+00   1.4169943e+00   0.0000000e+00
   3.1289100e+00   1.4169654e+00   0.0000000e+00
   3.1328300e+00   1.4169365e+00   0.0000000e+00
   3.1367600e+00   1.4169074e+00   0.0000000e+00
   3.1407000e+00   1.4168783e+00   0.0000000e+00
   3.1446500e+00   1.4168491e+00   0.0000000e+00
   3.1486100e+00   1.4168198e+00   0.0000000e+00
   3.1525900e+00   1.4167904e+00   0.0000000e+00
   3.1565700e+00   1.4167610e+00   0.0000000e+00
   3.1605600e+00   1.4167315e+00   0.0000000e+00
   3.1645600e+00   1.4167019e+00   0.0000000e+00
   3.1685700e+00   1.4166723e+00   0.0000000e+00
   3.1725900e+00   1.4166426e+00   0.0000000e+00
   3.1766200e+00   1.4166128e+00   0.0000000e+00
   3.1806600e+00   1.4165829e+00   0.0000000e+00
   3.1847100e+00   1.4165530e+00   0.0000000e+00
   3.1887800e+00   1.4165229e+00   0.0000000e+00
   3.1928500e+00   1.4164928e+00   0.0000000e+00
   3.1969300e+00   1.4164627e+00   0.0000000e+00
   3.2010200e+00   1.4164325e+00   0.0000000e+00
   3.2051300e+00   1.4164021e+00   0.0000000e+00
   3.2092400e+00   1.4163717e+00   0.0000000e+00
   3.2133700e+00   1.4163412e+00   0.0000000e+00
   3.2175000e+00   1.4163107e+00   0.0000000e+00
   3.2216500e+00   1.4162800e+00   0.0000000e+00
   3.2258100e+00   1.4162483e+00   0.0000000e+00
   3.2299700e+00   1.4162163e+00   0.0000000e+00
   3.2341500e+00   1.4161841e+00   0.0000000e+00
   3.2383400e+00   1.4161518e+00   0.0000000e+00
   3.2425400e+00   1.4161194e+00   0.0000000e+00
   3.2467500e+00   1.4160869e+00   0.0000000e+00
   3.2509800e+00   1.4160543e+00   0.0000000e+00
   3.2552100e+00   1.4160217e+00   0.0000000e+00
   3.2594500e+00   1.4159890e+00   0.0000000e+00
   3.2637100e+00   1.4159562e+00   0.0000000e+00
   3.2679700e+00   1.4159234e+00   0.0000000e+00
   3.2722500e+00   1.4158904e+00   0.0000000e+00
   3.2765400e+00   1.4158573e+00   0.0000000e+00
   3.2808400e+00   1.4158242e+00   0.0000000e+00
   3.2851500e+00   1.4157909e+00   0.0000000e+00
   3.2894700e+00   1.4157576e+00   0.0000000e+00
   3.2938100e+00   1.4157242e+00   0.0000000e+00
   3.2981500e+00   1.4156907e+00   0.0000000e+00
   3.3025100e+00   1.4156571e+00   0.0000000e+00
   3.3068800e+00   1.4156234e+00   0.0000000e+00
   3.3112600e+00   1.4155897e+00   0.0000000e+00
   3.3156500e+00   1.4155558e+00   0.0000000e+00
   3.3200500e+00   1.4155219e+00   0.0000000e+00
   3.3244700e+00   1.4154878e+00   0.0000000e+00
   3.3288900e+00   1.4154538e+00   0.0000000e+00
   3.3333300e+00   1.4154195e+00   0.0000000e+00
   3.3377800e+00   1.4153852e+00   0.0000000e+00
   3.3422500e+00   1.4153508e+00   0.0000000e+00
   3.3467200e+00   1.4153163e+00   0.0000000e+00
   3.3512100e+00   1.4152817e+00   0.0000000e+00
   3.3557000e+00   1.4152471e+00   0.0000000e+00
   3.3602200e+00   1.4152123e+00   0.0000000e+00
   3.3647400e+00   1.4151774e+00   0.0000000e+00
   3.3692700e+00   1.4151417e+00   0.0000000e+00
   3.3738200e+00   1.4151049e+00   0.0000000e+00
   3.3783800e+00   1.4150681e+00   0.0000000e+00
   3.3829500e+00   1.4150311e+00   0.0000000e+00
   3.3875300e+00   1.4149941e+00   0.0000000e+00
   3.3921300e+00   1.4149570e+00   0.0000000e+00
   3.3967400e+00   1.4149197e+00   0.0000000e+00
   3.4013600e+00   1.4148824e+00   0.0000000e+00
   3.4059900e+00   1.4148450e+00   0.0000000e+00
   3.4106400e+00   1.4148074e+00   0.0000000e+00
   3.4153000e+00   1.4147698e+00   0.0000000e+00
   3.4199700e+00   1.4147320e+00   0.0000000e+00
   3.4246600e+00   1.4146941e+00   0.0000000e+00
   3.4293600e+00   1.4146562e+00   0.0000000e+00
   3.4340700e+00   1.4146181e+00   0.0000000e+00
   3.4387900e+00   1.4145800e+00   0.0000000e+00
   3.4435300e+00   1.4145417e+00   0.0000000e+00
   3.4482800e+00   1.4145033e+00   0.0000000e+00
   3.4530400e+00   1.4144648e+00   0.0000000e+00
   3.4578100e+00   1.4144263e+00   0.0000000e+00
   3.4626000e+00   1.4143876e+00   0.0000000e+00
   3.4674100e+00   1.4143487e+00   0.0000000e+00
   3.4722200e+00   1.4143099e+00   0.0000000e+00
   3.4770500e+00   1.4142709e+00   0.0000000e+00
   3.4818900e+00   1.4142317e+00   0.0000000e+00
   3.4867500e+00   1.4141925e+00   0.0000000e+00
   3.4916200e+00   1.4141531e+00   0.0000000e+00
   3.4965000e+00   1.4141137e+00   0.0000000e+00
   3.5014000e+00   1.4140741e+00   0.0000000e+00
   3.5063100e+00   1.4140344e+00   0.0000000e+00
   3.5112400e+00   1.4139946e+00   0.0000000e+00
   3.5161700e+00   1.4139548e+00   0.0000000e+00
   3.5211300e+00   1.4139137e+00   0.0000000e+00
   3.5260900e+00   1.4138719e+00   0.0000000e+00
   3.5310700e+00   1.4138300e+00   0.0000000e+00
   3.5360700e+00   1.4137879e+00   0.0000000e+00
   3.5410800e+00   1.4137457e+00   0.0000000e+00
   3.5461000e+00   1.4137035e+00   0.0000000e+00
   3.5511400e+00   1.4136610e+00   0.0000000e+00
   3.5561900e+00   1.4136185e+00   0.0000000e+00
   3.5612500e+00   1.4135759e+00   0.0000000e+00
   3.5663300e+00   1.4135332e+00   0.0000000e+00
   3.5714300e+00   1.4134902e+00   0.0000000e+00
   3.5765400e+00   1.4134472e+00   0.0000000e+00
   3.5816600e+00   1.4134041e+00   0.0000000e+00
   3.5868000e+00   1.4133609e+00   0.0000000e+00
   3.5919500e+00   1.4133175e+00   0.0000000e+00
   3.5971200e+00   1.4132740e+00   0.0000000e+00
   3.6023100e+00   1.4132303e+00   0.0000000e+00
   3.6075000e+00   1.4131866e+00   0.0000000e+00
   3.6127200e+00   1.4131427e+00   0.0000000e+00
   3.6179500e+00   1.4130986e+00   0.0000000e+00
   3.6231900e+00   1.4130545e+00   0.0000000e+00
   3.6284500e+00   1.4130103e+00   0.0000000e+00
   3.6337200e+00   1.4129659e+00   0.0000000e+00
   3.6390100e+00   1.4129214e+00   0.0000000e+00
   3.6443100e+00   1.4128768e+00   0.0000000e+00
   3.6496400e+00   1.4128319e+00   0.0000000e+00
   3.6549700e+00   1.4127870e+00   0.0000000e+00
   3.6603200e+00   1.4127420e+00   0.0000000e+00
   3.6656900e+00   1.4126968e+00   0.0000000e+00
   3.6710700e+00   1.4126515e+00   0.0000000e+00
   3.6764700e+00   1.4126058e+00   0.0000000e+00
   3.6818900e+00   1.4125579e+00   0.0000000e+00
   3.6873200e+00   1.4125099e+00   0.0000000e+00
   3.6927600e+00   1.4124618e+00   0.0000000e+00
   3.6982200e+00   1.4124135e+00   0.0000000e+00
   3.7037000e+00   1.4123651e+00   0.0000000e+00
   3.7092000e+00   1.4123165e+00   0.0000000e+00
   3.7147100e+00   1.4122677e+00   0.0000000e+00
   3.7202400e+00   1.4122189e+00   0.0000000e+00
   3.7257800e+00   1.4121699e+00   0.0000000e+00
   3.7313400e+00   1.4121207e+00   0.0000000e+00
   3.7369200e+00   1.4120714e+00   0.0000000e+00
   3.7425100e+00   1.4120220e+00   0.0000000e+00
   3.7481300e+00   1.4119723e+00   0.0000000e+00
   3.7537500e+00   1.4119226e+00   0.0000000e+00
   3.7594000e+00   1.4118726e+00   0.0000000e+00
   3.7650600e+00   1.4118226e+00   0.0000000e+00
   3.7707400e+00   1.4117724e+00   0.0000000e+00
   3.7764400e+00   1.4117220e+00   0.0000000e+00
   3.7821500e+00   1.4116715e+00   0.0000000e+00
   3.7878800e+00   1.4116208e+00   0.0000000e+00
   3.7936300e+00   1.4115700e+00   0.0000000e+00
   3.7993900e+00   1.4115191e+00   0.0000000e+00
   3.8051800e+00   1.4114679e+00   0.0000000e+00
   3.8109800e+00   1.4114166e+00   0.0000000e+00
   3.8167900e+00   1.4113652e+00   0.0000000e+00
   3.8226300e+00   1.4113136e+00   0.0000000e+00
   3.8284800e+00   1.4112619e+00   0.0000000e+00
   3.8343600e+00   1.4112099e+00   0.0000000e+00
   3.8402500e+00   1.4111577e+00   0.0000000e+00
   3.8461500e+00   1.4111031e+00   0.0000000e+00
   3.8520800e+00   1.4110483e+00   0.0000000e+00
   3.8580200e+00   1.4109934e+00   0.0000000e+00
   3.8639900e+00   1.4109382e+00   0.0000000e+00
   3.8699700e+00   1.4108830e+00   0.0000000e+00
   3.8759700e+00   1.4108275e+00   0.0000000e+00
   3.8819900e+00   1.4107718e+00   0.0000000e+00
   3.8880200e+00   1.4107161e+00   0.0000000e+00
   3.8940800e+00   1.4106601e+00   0.0000000e+00
   3.9001600e+00   1.4106039e+00   0.0000000e+00
   3.9062500e+00   1.4105476e+00   0.0000000e+00
   3.9123600e+00   1.4104911e+00   0.0000000e+00
   3.9185000e+00   1.4104343e+00   0.0000000e+00
   3.9246500e+00   1.4103775e+00   0.0000000e+00
   3.9308200e+00   1.4103204e+00   0.0000000e+00
   3.9370100e+00   1.4102632e+00   0.0000000e+00
   3.9432200e+00   1.4102058e+00   0.0000000e+00
   3.9494500e+00   1.4101482e+00   0.0000000e+00
   3.9557000e+00   1.4100904e+00   0.0000000e+00
   3.9619700e+00   1.4100325e+00   0.0000000e+00
   3.9682500e+00   1.4099744e+00   0.0000000e+00
   3.9745600e+00   1.4099161e+00   0.0000000e+00
   3.9808900e+00   1.4098576e+00   0.0000000e+00
   3.9872400e+00   1.4097989e+00   0.0000000e+00
   3.9936100e+00   1.4097400e+00   0.0000000e+00
   4.0000000e+00   1.4096809e+00   0.0000000e+00
   4.0064100e+00   1.4096217e+00   0.0000000e+00
   4.0128400e+00   1.4095619e+00   0.0000000e+00
   4.0192900e+00   1.4094995e+00   0.0000000e+00
   4.0257600e+00   1.4094370e+00   0.0000000e+00
   4.0322600e+00   1.4093742e+00   0.0000000e+00
   4.0387700e+00   1.4093112e+00   0.0000000e+00
   4.0453100e+00   1.4092480e+00   0.0000000e+00
   4.0518600e+00   1.4091847e+00   0.0000000e+00
   4.0584400e+00   1.4091211e+00   0.0000000e+00
   4.0650400e+00   1.4090573e+00   0.0000000e+00
   4.0716600e+00   1.4089933e+00   0.0000000e+00
   4.0783000e+00   1.4089291e+00   0.0000000e+00
   4.0849700e+00   1.4088646e+00   0.0000000e+00
   4.0916500e+00   1.4088000e+00   0.0000000e+00
   4.0983600e+00   1.4087352e+00   0.0000000e+00
   4.1050900e+00   1.4086701e+00   0.0000000e+00
   4.1118400e+00   1.4086049e+00   0.0000000e+00
   4.1186200e+00   1.4085393e+00   0.0000000e+00
   4.1254100e+00   1.4084737e+00   0.0000000e+00
   4.1322300e+00   1.4084078e+00   0.0000000e+00
   4.1390700e+00   1.4083417e+00   0.0000000e+00
   4.1459400e+00   1.4082752e+00   0.0000000e+00
   4.1528200e+00   1.4082087e+00   0.0000000e+00
   4.1597300e+00   1.4081419e+00   0.0000000e+00
   4.1666700e+00   1.4080749e+00   0.0000000e+00
   4.1736200e+00   1.4080077e+00   0.0000000e+00
   4.1806000e+00   1.4079402e+00   0.0000000e+00
   4.1876000e+00   1.4078725e+00   0.0000000e+00
   4.1946300e+00   1.4078034e+00   0.0000000e+00
   4.2016800e+00   1.4077322e+00   0.0000000e+00
   4.2087500e+00   1.4076607e+00   0.0000000e+00
   4.2158500e+00   1.4075890e+00   0.0000000e+00
   4.2229700e+00   1.4075170e+00   0.0000000e+00
   4.2301200e+00   1.4074447e+00   0.0000000e+00
   4.2372900e+00   1.4073723e+00   0.0000000e+00
   4.2444800e+00   1.4072996e+00   0.0000000e+00
   4.2517000e+00   1.4072266e+00   0.0000000e+00
   4.2589400e+00   1.4071535e+00   0.0000000e+00
   4.2662100e+00   1.4070800e+00   0.0000000e+00
   4.2735000e+00   1.4070063e+00   0.0000000e+00
   4.2808200e+00   1.4069324e+00   0.0000000e+00
   4.2881600e+00   1.4068582e+00   0.0000000e+00
   4.2955300e+00   1.4067837e+00   0.0000000e+00
   4.3029300e+00   1.4067089e+00   0.0000000e+00
   4.3103400e+00   1.4066340e+00   0.0000000e+00
   4.3177900e+00   1.4065587e+00   0.0000000e+00
   4.3252600e+00   1.4064832e+00   0.0000000e+00
   4.3327600e+00   1.4064074e+00   0.0000000e+00
   4.3402800e+00   1.4063314e+00   0.0000000e+00
   4.3478300e+00   1.4062551e+00   0.0000000e+00
   4.3554000e+00   1.4061786e+00   0.0000000e+00
   4.3630000e+00   1.4061018e+00   0.0000000e+00
   4.3706300e+00   1.4060247e+00   0.0000000e+00
   4.3782800e+00   1.4059474e+00   0.0000000e+00
   4.3859600e+00   1.4058668e+00   0.0000000e+00
   4.3936700e+00   1.4057849e+00   0.0000000e+00
   4.4014100e+00   1.4057028e+00   0.0000000e+00
   4.4091700e+00   1.4056204e+00   0.0000000e+00
   4.4169600e+00   1.4055378e+00   0.0000000e+00
   4.4247800e+00   1.4054548e+00   0.0000000e+00
   4.4326200e+00   1.4053716e+00   0.0000000e+00
   4.4405000e+00   1.4052880e+00   0.0000000e+00
   4.4484000e+00   1.4052041e+00   0.0000000e+00
   4.4563300e+00   1.4051200e+00   0.0000000e+00
   4.4642900e+00   1.4050355e+00   0.0000000e+00
   4.4722700e+00   1.4049508e+00   0.0000000e+00
   4.4802900e+00   1.4048657e+00   0.0000000e+00
   4.4883300e+00   1.4047804e+00   0.0000000e+00
   4.4964000e+00   1.4046947e+00   0.0000000e+00
   4.5045000e+00   1.4046088e+00   0.0000000e+00
   4.5126400e+00   1.4045224e+00   0.0000000e+00
   4.5208000e+00   1.4044358e+00   0.0000000e+00
   4.5289900e+00   1.4043489e+00   0.0000000e+00
   4.5372100e+00   1.4042616e+00   0.0000000e+00
   4.5454500e+00   1.4041742e+00   0.0000000e+00
   4.5537300e+00   1.4040863e+00   0.0000000e+00
   4.5620400e+00   1.4039981e+00   0.0000000e+00
   4.5703800e+00   1.4039096e+00   0.0000000e+00
   4.5787500e+00   1.4038193e+00   0.0000000e+00
   4.5871600e+00   1.4037253e+00   0.0000000e+00
   4.5955900e+00   1.4036312e+00   0.0000000e+00
   4.6040500e+00   1.4035367e+00   0.0000000e+00
   4.6125500e+00   1.4034417e+00   0.0000000e+00
   4.6210700e+00   1.4033465e+00   0.0000000e+00
   4.6296300e+00   1.4032509e+00   0.0000000e+00
   4.6382200e+00   1.4031550e+00   0.0000000e+00
   4.6468400e+00   1.4030587e+00   0.0000000e+00
   4.6554900e+00   1.4029620e+00   0.0000000e+00
   4.6641800e+00   1.4028650e+00   0.0000000e+00
   4.6729000e+00   1.4027676e+00   0.0000000e+00
   4.6816500e+00   1.4026698e+00   0.0000000e+00
   4.6904300e+00   1.4025717e+00   0.0000000e+00
   4.6992500e+00   1.4024732e+00   0.0000000e+00
   4.7081000e+00   1.4023743e+00   0.0000000e+00
   4.7169800e+00   1.4022752e+00   0.0000000e+00
   4.7259000e+00   1.4021755e+00   0.0000000e+00
   4.7348500e+00   1.4020755e+00   0.0000000e+00
   4.7438300e+00   1.4019752e+00   0.0000000e+00
   4.7528500e+00   1.4018745e+00   0.0000000e+00
   4.7619000e+00   1.4017734e+00   0.0000000e+00
   4.7709900e+00   1.4016718e+00   0.0000000e+00
   4.7801100e+00   1.4015699e+00   0.0000000e+00
   4.7892700e+00   1.4014634e+00   0.0000000e+00
   4.7984600e+00   1.4013560e+00   0.0000000e+00
   4.8076900e+00   1.4012482e+00   0.0000000e+00
   4.8169600e+00   1.4011399e+00   0.0000000e+00
   4.8262500e+00   1.4010314e+00   0.0000000e+00
   4.8355900e+00   1.4009223e+00   0.0000000e+00
   4.8449600e+00   1.4008128e+00   0.0000000e+00
   4.8543700e+00   1.4007029e+00   0.0000000e+00
   4.8638100e+00   1.4005926e+00   0.0000000e+00
   4.8732900e+00   1.4004818e+00   0.0000000e+00
   4.8828100e+00   1.4003706e+00   0.0000000e+00
   4.8923700e+00   1.4002589e+00   0.0000000e+00
   4.9019600e+00   1.4001469e+00   0.0000000e+00
   4.9115900e+00   1.4000344e+00   0.0000000e+00
   4.9212600e+00   1.3999214e+00   0.0000000e+00
   4.9309700e+00   1.3998080e+00   0.0000000e+00
   4.9407100e+00   1.3996942e+00   0.0000000e+00
   4.9505000e+00   1.3995799e+00   0.0000000e+00
   4.9603200e+00   1.3994651e+00   0.0000000e+00
   4.9701800e+00   1.3993500e+00   0.0000000e+00
   4.9800800e+00   1.3992343e+00   0.0000000e+00
   4.9900200e+00   1.3991182e+00   0.0000000e+00
   5.0000000e+00   1.3989986e+00   0.0000000e+00
   5.0100200e+00   1.3988756e+00   0.0000000e+00
   5.0200800e+00   1.3987521e+00   0.0000000e+00
   5.0301800e+00   1.3986281e+00   0.0000000e+00
   5.0403200e+00   1.3985036e+00   0.0000000e+00
   5.0505100e+00   1.3983785e+00   0.0000000e+00
   5.0607300e+00   1.3982530e+00   0.0000000e+00
   5.0709900e+00   1.3981271e+00   0.0000000e+00
   5.0813000e+00   1.3980005e+00   0.0000000e+00
   5.0916500e+00   1.3978734e+00   0.0000000e+00
   5.1020400e+00   1.3977459e+00   0.0000000e+00
   5.1124700e+00   1.3976178e+00   0.0000000e+00
   5.1229500e+00   1.3974892e+00   0.0000000e+00
   5.1334700e+00   1.3973600e+00   0.0000000e+00
   5.1440300e+00   1.3972304e+00   0.0000000e+00
   5.1546400e+00   1.3971001e+00   0.0000000e+00
   5.1652900e+00   1.3969694e+00   0.0000000e+00
   5.1759800e+00   1.3968381e+00   0.0000000e+00
   5.1867200e+00   1.3967063e+00   0.0000000e+00
   5.1975100e+00   1.3965738e+00   0.0000000e+00
   5.2083300e+00   1.3964410e+00   0.0000000e+00
   5.2192100e+00   1.3963073e+00   0.0000000e+00
   5.2301300e+00   1.3961668e+00   0.0000000e+00
   5.2410900e+00   1.3960259e+00   0.0000000e+00
   5.2521000e+00   1.3958842e+00   0.0000000e+00
   5.2631600e+00   1.3957420e+00   0.0000000e+00
   5.2742600e+00   1.3955992e+00   0.0000000e+00
   5.2854100e+00   1.3954558e+00   0.0000000e+00
   5.2966100e+00   1.3953117e+00   0.0000000e+00
   5.3078600e+00   1.3951670e+00   0.0000000e+00
   5.3191500e+00   1.3950217e+00   0.0000000e+00
   5.3304900e+00   1.3948759e+00   0.0000000e+00
   5.3418800e+00   1.3947294e+00   0.0000000e+00
   5.3533200e+00   1.3945822e+00   0.0000000e+00
   5.3648100e+00   1.3944344e+00   0.0000000e+00
   5.3763400e+00   1.3942861e+00   0.0000000e+00
   5.3879300e+00   1.3941370e+00   0.0000000e+00
   5.3995700e+00   1.3939873e+00   0.0000000e+00
   5.4112600e+00   1.3938369e+00   0.0000000e+00
   5.4229900e+00   1.3936860e+00   0.0000000e+00
   5.4347800e+00   1.3935344e+00   0.0000000e+00
   5.4466200e+00   1.3933821e+00   0.0000000e+00
   5.4585200e+00   1.3932251e+00   0.0000000e+00
   5.4704600e+00   1.3930631e+00   0.0000000e+00
   5.4824600e+00   1.3929004e+00   0.0000000e+00
   5.4945100e+00   1.3927369e+00   0.0000000e+00
   5.5066100e+00   1.3925727e+00   0.0000000e+00
   5.5187600e+00   1.3924079e+00   0.0000000e+00
   5.5309700e+00   1.3922423e+00   0.0000000e+00
   5.5432400e+00   1.3920758e+00   0.0000000e+00
   5.5555600e+00   1.3919087e+00   0.0000000e+00
   5.5679300e+00   1.3917409e+00   0.0000000e+00
   5.5803600e+00   1.3915723e+00   0.0000000e+00
   5.5928400e+00   1.3914030e+00   0.0000000e+00
   5.6053800e+00   1.3912329e+00   0.0000000e+00
   5.6179800e+00   1.3910620e+00   0.0000000e+00
   5.6306300e+00   1.3908903e+00   0.0000000e+00
   5.6433400e+00   1.3907179e+00   0.0000000e+00
   5.6561100e+00   1.3905447e+00   0.0000000e+00
   5.6689300e+00   1.3903708e+00   0.0000000e+00
   5.6818200e+00   1.3901959e+00   0.0000000e+00
   5.6947600e+00   1.3900204e+00   0.0000000e+00
   5.7077600e+00   1.3898364e+00   0.0000000e+00
   5.7208200e+00   1.3896500e+00   0.0000000e+00
   5.7339400e+00   1.3894627e+00   0.0000000e+00
   5.7471300e+00   1.3892744e+00   0.0000000e+00
   5.7603700e+00   1.3890854e+00   0.0000000e+00
   5.7736700e+00   1.3888956e+00   0.0000000e+00
   5.7870400e+00   1.3887047e+00   0.0000000e+00
   5.8004600e+00   1.3885132e+00   0.0000000e+00
   5.8139500e+00   1.3883206e+00   0.0000000e+00
   5.8275100e+00   1.3881270e+00   0.0000000e+00
   5.8411200e+00   1.3879328e+00   0.0000000e+00
   5.8548000e+00   1.3877375e+00   0.0000000e+00
   5.8685400e+00   1.3875414e+00   0.0000000e+00
   5.8823500e+00   1.3873442e+00   0.0000000e+00
   5.8962300e+00   1.3871461e+00   0.0000000e+00
   5.9101700e+00   1.3869471e+00   0.0000000e+00
   5.9241700e+00   1.3867473e+00   0.0000000e+00
   5.9382400e+00   1.3865464e+00   0.0000000e+00
   5.9523800e+00   1.3863443e+00   0.0000000e+00
   5.9665900e+00   1.3861309e+00   0.0000000e+00
   5.9808600e+00   1.3859166e+00   0.0000000e+00
   5.9952000e+00   1.3857012e+00   0.0000000e+00
   6.0096200e+00   1.3854846e+00   0.0000000e+00
   6.0241000e+00   1.3852671e+00   0.0000000e+00
   6.0386500e+00   1.3850486e+00   0.0000000e+00
   6.0532700e+00   1.3848291e+00   0.0000000e+00
   6.0679600e+00   1.3846084e+00   0.0000000e+00
   6.0827300e+00   1.3843866e+00   0.0000000e+00
   6.0975600e+00   1.3841639e+00   0.0000000e+00
   6.1124700e+00   1.3839399e+00   0.0000000e+00
   6.1274500e+00   1.3837150e+00   0.0000000e+00
   6.1425100e+00   1.3834888e+00   0.0000000e+00
   6.1576400e+00   1.3832615e+00   0.0000000e+00
   6.1728400e+00   1.3830333e+00   0.0000000e+00
   6.1881200e+00   1.3828038e+00   0.0000000e+00
   6.2034700e+00   1.3825732e+00   0.0000000e+00
   6.2189100e+00   1.3823414e+00   0.0000000e+00
   6.2344100e+00   1.3820959e+00   0.0000000e+00
   6.2500000e+00   1.3818489e+00   0.0000000e+00
   6.2656600e+00   1.3816008e+00   0.0000000e+00
   6.2814100e+00   1.3813513e+00   0.0000000e+00
   6.2972300e+00   1.3811007e+00   0.0000000e+00
   6.3131300e+00   1.3808488e+00   0.0000000e+00
   6.3291100e+00   1.3805956e+00   0.0000000e+00
   6.3451800e+00   1.3803410e+00   0.0000000e+00
   6.3613200e+00   1.3800853e+00   0.0000000e+00
   6.3775500e+00   1.3798282e+00   0.0000000e+00
   6.3938600e+00   1.3795698e+00   0.0000000e+00
   6.4102600e+00   1.3793100e+00   0.0000000e+00
   6.4267400e+00   1.3790489e+00   0.0000000e+00
   6.4433000e+00   1.3787866e+00   0.0000000e+00
   6.4599500e+00   1.3785228e+00   0.0000000e+00
   6.4766800e+00   1.3782578e+00   0.0000000e+00
   6.4935100e+00   1.3779911e+00   0.0000000e+00
   6.5104200e+00   1.3777126e+00   0.0000000e+00
   6.5274200e+00   1.3774287e+00   0.0000000e+00
   6.5445000e+00   1.3771434e+00   0.0000000e+00
   6.5616800e+00   1.3768565e+00   0.0000000e+00
   6.5789500e+00   1.3765681e+00   0.0000000e+00
   6.5963100e+00   1.3762781e+00   0.0000000e+00
   6.6137600e+00   1.3759867e+00   0.0000000e+00
   6.6313000e+00   1.3756938e+00   0.0000000e+00
   6.6489400e+00   1.3753991e+00   0.0000000e+00
   6.6666700e+00   1.3751030e+00   0.0000000e+00
   6.6844900e+00   1.3748054e+00   0.0000000e+00
   6.7024100e+00   1.3745061e+00   0.0000000e+00
   6.7204300e+00   1.3742052e+00   0.0000000e+00
   6.7385400e+00   1.3739027e+00   0.0000000e+00
   6.7567600e+00   1.3735984e+00   0.0000000e+00
   6.7750700e+00   1.3732926e+00   0.0000000e+00
   6.7934800e+00   1.3729810e+00   0.0000000e+00
   6.8119900e+00   1.3726547e+00   0.0000000e+00
   6.8306000e+00   1.3723265e+00   0.0000000e+00
   6.8493200e+00   1.3719965e+00   0.0000000e+00
   6.8681300e+00   1.3716648e+00   0.0000000e+00
   6.8870500e+00   1.3713312e+00   0.0000000e+00
   6.9060800e+00   1.3709957e+00   0.0000000e+00
   6.9252100e+00   1.3706584e+00   0.0000000e+00
   6.9444400e+00   1.3703193e+00   0.0000000e+00
   6.9637900e+00   1.3699782e+00   0.0000000e+00
   6.9832400e+00   1.3696352e+00   0.0000000e+00
   7.0028000e+00   1.3692904e+00   0.0000000e+00
   7.0224700e+00   1.3689436e+00   0.0000000e+00
   7.0422500e+00   1.3685948e+00   0.0000000e+00
   7.0621500e+00   1.3682439e+00   0.0000000e+00
   7.0821500e+00   1.3678913e+00   0.0000000e+00
   7.1022700e+00   1.3675272e+00   0.0000000e+00
   7.1225100e+00   1.3671498e+00   0.0000000e+00
   7.1428600e+00   1.3667704e+00   0.0000000e+00
   7.1633200e+00   1.3663890e+00   0.0000000e+00
   7.1839100e+00   1.3660051e+00   0.0000000e+00
   7.2046100e+00   1.3656192e+00   0.0000000e+00
   7.2254300e+00   1.3652310e+00   0.0000000e+00
   7.2463800e+00   1.3648405e+00   0.0000000e+00
   7.2674400e+00   1.3644478e+00   0.0000000e+00
   7.2886300e+00   1.3640528e+00   0.0000000e+00
   7.3099400e+00   1.3636555e+00   0.0000000e+00
   7.3313800e+00   1.3632558e+00   0.0000000e+00
   7.3529400e+00   1.3628538e+00   0.0000000e+00
   7.3746300e+00   1.3624494e+00   0.0000000e+00
   7.3964500e+00   1.3620426e+00   0.0000000e+00
   7.4184000e+00   1.3616243e+00   0.0000000e+00
   7.4404800e+00   1.3611887e+00   0.0000000e+00
   7.4626900e+00   1.3607505e+00   0.0000000e+00
   7.4850300e+00   1.3603097e+00   0.0000000e+00
   7.5075100e+00   1.3598662e+00   0.0000000e+00
   7.5301200e+00   1.3594202e+00   0.0000000e+00
   7.5528700e+00   1.3589713e+00   0.0000000e+00
   7.5757600e+00   1.3585197e+00   0.0000000e+00
   7.5987800e+00   1.3580656e+00   0.0000000e+00
   7.6219500e+00   1.3576085e+00   0.0000000e+00
   7.6452600e+00   1.3571486e+00   0.0000000e+00
   7.6687100e+00   1.3566859e+00   0.0000000e+00
   7.6923100e+00   1.3562203e+00   0.0000000e+00
   7.7160500e+00   1.3557520e+00   0.0000000e+00
   7.7399400e+00   1.3552806e+00   0.0000000e+00
   7.7639800e+00   1.3547801e+00   0.0000000e+00
   7.7881600e+00   1.3542742e+00   0.0000000e+00
   7.8125000e+00   1.3537650e+00   0.0000000e+00
   7.8369900e+00   1.3532526e+00   0.0000000e+00
   7.8616400e+00   1.3527369e+00   0.0000000e+00
   7.8864400e+00   1.3522180e+00   0.0000000e+00
   7.9113900e+00   1.3516960e+00   0.0000000e+00
   7.9365100e+00   1.3511704e+00   0.0000000e+00
   7.9617800e+00   1.3506417e+00   0.0000000e+00
   7.9872200e+00   1.3501095e+00   0.0000000e+00
   8.0128200e+00   1.3495739e+00   0.0000000e+00
   8.0385900e+00   1.3490347e+00   0.0000000e+00
   8.0645200e+00   1.3484922e+00   0.0000000e+00
   8.0906100e+00   1.3479443e+00   0.0000000e+00
   8.1168800e+00   1.3473610e+00   0.0000000e+00
   8.1433200e+00   1.3467739e+00   0.0000000e+00
   8.1699300e+00   1.3461830e+00   0.0000000e+00
   8.1967200e+00   1.3455882e+00   0.0000000e+00
   8.2236800e+00   1.3449896e+00   0.0000000e+00
   8.2508300e+00   1.3443867e+00   0.0000000e+00
   8.2781500e+00   1.3437801e+00   0.0000000e+00
   8.3056500e+00   1.3431695e+00   0.0000000e+00
   8.3333300e+00   1.3425549e+00   0.0000000e+00
   8.3612000e+00   1.3419361e+00   0.0000000e+00
   8.3892600e+00   1.3413131e+00   0.0000000e+00
   8.4175100e+00   1.3406858e+00   0.0000000e+00
   8.4459500e+00   1.3400543e+00   0.0000000e+00
   8.4745800e+00   1.3393872e+00   0.0000000e+00
   8.5034000e+00   1.3387071e+00   0.0000000e+00
   8.5324200e+00   1.3380223e+00   0.0000000e+00
   8.5616400e+00   1.3373327e+00   0.0000000e+00
   8.5910700e+00   1.3366382e+00   0.0000000e+00
   8.6206900e+00   1.3359393e+00   0.0000000e+00
   8.6505200e+00   1.3352353e+00   0.0000000e+00
   8.6805600e+00   1.3345265e+00   0.0000000e+00
   8.7108000e+00   1.3338129e+00   0.0000000e+00
   8.7412600e+00   1.3330941e+00   0.0000000e+00
   8.7719300e+00   1.3323703e+00   0.0000000e+00
   8.8028200e+00   1.3316414e+00   0.0000000e+00
   8.8339200e+00   1.3309013e+00   0.0000000e+00
   8.8652500e+00   1.3301125e+00   0.0000000e+00
   8.8968000e+00   1.3293182e+00   0.0000000e+00
   8.9285700e+00   1.3285183e+00   0.0000000e+00
   8.9605700e+00   1.3277127e+00   0.0000000e+00
   8.9928100e+00   1.3269010e+00   0.0000000e+00
   9.0252700e+00   1.3260837e+00   0.0000000e+00
   9.0579700e+00   1.3252605e+00   0.0000000e+00
   9.0909100e+00   1.3244311e+00   0.0000000e+00
   9.1240900e+00   1.3235958e+00   0.0000000e+00
   9.1575100e+00   1.3227544e+00   0.0000000e+00
   9.1911800e+00   1.3219067e+00   0.0000000e+00
   9.2250900e+00   1.3210529e+00   0.0000000e+00
   9.2592600e+00   1.3201361e+00   0.0000000e+00
   9.2936800e+00   1.3192110e+00   0.0000000e+00
   9.3283600e+00   1.3182789e+00   0.0000000e+00
   9.3633000e+00   1.3173399e+00   0.0000000e+00
   9.3985000e+00   1.3163938e+00   0.0000000e+00
   9.4339600e+00   1.3154408e+00   0.0000000e+00
   9.4697000e+00   1.3144802e+00   0.0000000e+00
   9.5057000e+00   1.3135126e+00   0.0000000e+00
   9.5419800e+00   1.3125376e+00   0.0000000e+00
   9.5785400e+00   1.3115550e+00   0.0000000e+00
   9.6153800e+00   1.3105648e+00   0.0000000e+00
   9.6525100e+00   1.3097081e+00   1.0852909e-04
   9.6899200e+00   1.3090936e+00   4.0905263e-04
   9.7276300e+00   1.3084741e+00   7.1198615e-04
   9.7656300e+00   1.3078499e+00   1.0172493e-03
   9.8039200e+00   1.3072209e+00   1.3248421e-03
   9.8425200e+00   1.3065869e+00   1.6349252e-03
   9.8814200e+00   1.3059479e+00   1.9474183e-03
   9.9206300e+00   1.3053038e+00   2.2624017e-03
   9.9601600e+00   1.3046544e+00   2.5799557e-03
   1.0000000e+01   1.3040000e+00   2.9000000e-03
   1.0040160e+01   1.3031968e+00   2.9481920e-03
   1.0080650e+01   1.3017740e+00   2.9906500e-03
   1.0121460e+01   1.3005708e+00   3.0357520e-03
   1.0162600e+01   1.2994960e+00   3.0826000e-03
   1.0204080e+01   1.2979184e+00   3.1248960e-03
   1.0245900e+01   1.2970820e+00   3.1750800e-03
   1.0288070e+01   1.2954772e+00   3.2256840e-03
   1.0330580e+01   1.2943884e+00   3.2705800e-03
   1.0373440e+01   1.2930624e+00   3.3181280e-03
   1.0416670e+01   1.2916666e+00   3.3700040e-03
   1.0460250e+01   1.2905900e+00   3.4223000e-03
   1.0504200e+01   1.2889160e+00   3.4750400e-03
   1.0548520e+01   1.2880296e+00   3.5282240e-03
   1.0593220e+01   1.2862712e+00   3.5905080e-03
   1.0638300e+01   1.2852340e+00   3.6459600e-03
   1.0683760e+01   1.2836496e+00   3.7072640e-03
   1.0729610e+01   1.2824078e+00   3.7655320e-03
   1.0775860e+01   1.2809656e+00   3.8262040e-03
   1.0822510e+01   1.2790996e+00   3.8870120e-03
   1.0869570e+01   1.2776086e+00   3.9473980e-03
   1.0917030e+01   1.2763188e+00   4.0138420e-03
   1.0964910e+01   1.2744036e+00   4.0808740e-03
   1.1013220e+01   1.2727356e+00   4.1511520e-03
   1.1061950e+01   1.2715220e+00   4.2267300e-03
   1.1111110e+01   1.2695556e+00   4.2955540e-03
   1.1160710e+01   1.2677858e+00   4.3671360e-03
   1.1210760e+01   1.2665696e+00   4.4450640e-03
   1.1261260e+01   1.2645496e+00   4.5180160e-03
   1.1312220e+01   1.2627556e+00   4.5995520e-03
   1.1363640e+01   1.2614544e+00   4.6818240e-03
   1.1415530e+01   1.2593788e+00   4.7648480e-03
   1.1467890e+01   1.2572844e+00   4.8486240e-03
   1.1520740e+01   1.2551704e+00   4.9373320e-03
   1.1574070e+01   1.2535186e+00   5.0285120e-03
   1.1627910e+01   1.2518836e+00   5.1202380e-03
   1.1682240e+01   1.2497104e+00   5.2115840e-03
   1.1737090e+01   1.2475164e+00   5.3067620e-03
   1.1792450e+01   1.2453020e+00   5.4064100e-03
   1.1848340e+01   1.2430664e+00   5.5070120e-03
   1.1904760e+01   1.2418096e+00   5.6185680e-03
   1.1961720e+01   1.2395312e+00   5.7234400e-03
   1.2019230e+01   1.2372308e+00   5.8384600e-03
   1.2077290e+01   1.2349084e+00   5.9491220e-03
   1.2135920e+01   1.2325632e+00   6.0618400e-03
   1.2195120e+01   1.2301952e+00   6.1892640e-03
   1.2254900e+01   1.2278040e+00   6.3098000e-03
   1.2315270e+01   1.2253892e+00   6.4335940e-03
   1.2376240e+01   1.2229504e+00   6.5677280e-03
   1.2437810e+01   1.2204876e+00   6.7031820e-03
   1.2500000e+01   1.2180000e+00   6.8400000e-03
   1.2562810e+01   1.2154876e+00   6.9807440e-03
   1.2626260e+01   1.2129496e+00   7.1277720e-03
   1.2690360e+01   1.2095784e+00   7.2768640e-03
   1.2755100e+01   1.2067960e+00   7.4322400e-03
   1.2820510e+01   1.2041796e+00   7.5933260e-03
   1.2886600e+01   1.2015360e+00   7.7578400e-03
   1.2953370e+01   1.1987978e+00   7.9287620e-03
   1.3020830e+01   1.1951668e+00   8.1041580e-03
   1.3089010e+01   1.1924396e+00   8.2892280e-03
   1.3157890e+01   1.1895266e+00   8.4720920e-03
   1.3227510e+01   1.1858996e+00   8.6670280e-03
   1.3297870e+01   1.1830852e+00   8.8640360e-03
   1.3368980e+01   1.1792408e+00   9.0769400e-03
   1.3440860e+01   1.1763656e+00   9.2925800e-03
   1.3513510e+01   1.1724596e+00   9.5105300e-03
   1.3586960e+01   1.1687824e+00   9.7382720e-03
   1.3661200e+01   1.1653280e+00   9.9758400e-03
   1.3736260e+01   1.1615496e+00   1.0216032e-02
   1.3812150e+01   1.1575140e+00   1.0471310e-02
   1.3888890e+01   1.1536666e+00   1.0732226e-02
   1.3966480e+01   1.1500112e+00   1.1009328e-02
   1.4044940e+01   1.1453036e+00   1.1291784e-02
   1.4124290e+01   1.1415426e+00   1.1582302e-02
   1.4204550e+01   1.1368180e+00   1.1887290e-02
   1.4285710e+01   1.1328574e+00   1.2202840e-02
   1.4300000e+01   1.1320000e+00   1.2260000e-02
   1.4400000e+01   1.1260000e+00   1.2660000e-02
   1.4500000e+01   1.1210000e+00   1.3080000e-02
   1.4700000e+01   1.1090000e+00   1.3950000e-02
   1.4800000e+01   1.1030000e+00   1.4410000e-02
   1.4900000e+01   1.0970000e+00   1.4890000e-02
   1.5100000e+01   1.0850000e+00   1.5890000e-02
   1.5200000e+01   1.0790000e+00   1.6420000e-02
   1.5400000e+01   1.0660000e+00   1.7540000e-02
   1.5500000e+01   1.0590000e+00   1.8120000e-02
   1.5700000e+01   1.0450000e+00   1.9370000e-02
   1.5800000e+01   1.0380000e+00   2.0020000e-02
   1.6000000e+01   1.0240000e+00   2.1410000e-02
   1.6100000e+01   1.0160000e+00   2.2140000e-02
   1.6300000e+01   1.0010000e+00   2.3690000e-02
   1.6500000e+01   9.8500000e-01   2.5370000e-02
   1.6600000e+01   9.7690000e-01   2.6260000e-02
   1.6800000e+01   9.6000000e-01   2.8160000e-02
   1.7000000e+01   9.4240000e-01   3.0220000e-02
   1.7200000e+01   9.2410000e-01   3.2460000e-02
   1.7300000e+01   9.1460000e-01   3.3660000e-02
   1.7500000e+01   8.9500000e-01   3.6220000e-02
   1.7700000e+01   8.7460000e-01   3.9040000e-02
   1.7900000e+01   8.5320000e-01   4.2150000e-02
   1.8100000e+01   8.3070000e-01   4.5580000e-02
   1.8300000e+01   8.0710000e-01   4.9400000e-02
   1.8500000e+01   7.8220000e-01   5.3680000e-02
   1.8700000e+01   7.5600000e-01   5.8480000e-02
   1.9000000e+01   7.1370000e-01   6.6930000e-02
   1.9200000e+01   6.8330000e-01   7.3610000e-02
   1.9400000e+01   6.5090000e-01   8.1380000e-02
   1.9700000e+01   5.9800000e-01   9.5720000e-02
   1.9900000e+01   5.5930000e-01   1.0780000e-01
   2.0100000e+01   5.1770000e-01   1.2260000e-01
   2.0400000e+01   4.4910000e-01   1.5280000e-01
   2.0700000e+01   3.7450000e-01   1.9810000e-01
   2.0900000e+01   3.2510000e-01   2.4050000e-01
   2.1200000e+01   2.6300000e-01   3.2150000e-01
   2.1500000e+01   2.2260000e-01   4.1100000e-01
   2.1800000e+01   1.9910000e-01   4.9720000e-01
   2.2100000e+01   1.8560000e-01   5.7750000e-01
   2.2400000e+01   1.7790000e-01   6.5230000e-01
   2.2700000e+01   1.7390000e-01   7.2280000e-01
   2.3000000e+01   1.7240000e-01   7.8980000e-01
   2.3300000e+01   1.7270000e-01   8.5410000e-01
   2.3700000e+01   1.7530000e-01   9.3640000e-01
   2.4000000e+01   1.7860000e-01   9.9630000e-01
   2.4400000e+01   1.8440000e-01   1.0740000e+00
   2.4800000e+01   1.9170000e-01   1.1500000e+00
   2.5200000e+01   2.0030000e-01   1.2240000e+00
   2.5600000e+01   2.1000000e-01   1.2970000e+00
   2.6000000e+01   2.2080000e-01   1.3690000e+00
   2.6400000e+01   2.3240000e-01   1.4410000e+00
   2.6800000e+01   2.4460000e-01   1.5110000e+00
   2.7300000e+01   2.6040000e-01   1.5980000e+00
   2.7700000e+01   2.7290000e-01   1.6670000e+00
   2.8200000e+01   2.8780000e-01   1.7530000e+00
   2.8700000e+01   3.0080000e-01   1.8400000e+00
   2.9200000e+01   3.1100000e-01   1.9280000e+00
   2.9800000e+01   3.1830000e-01   2.0370000e+00
   3.0300000e+01   3.1950000e-01   2.1350000e+00
   3.0900000e+01   3.1550000e-01   2.2640000e+00
   3.1500000e+01   3.0670000e-01   2.4100000e+00
   3.2100000e+01   2.9530000e-01   2.5780000e+00
   3.2800000e+01   2.8240000e-01   2.8070000e+00
   3.3500000e+01   2.7440000e-01   3.0810000e+00
   3.4200000e+01   2.7580000e-01   3.4110000e+00
   3.4900000e+01   2.9270000e-01   3.8170000e+00
   3.5700000e+01   3.4440000e-01   4.4170000e+00
   3.6500000e+01   4.6630000e-01   5.2610000e+00
   3.7300000e+01   7.8080000e-01   6.5890000e+00
   3.8200000e+01   2.3150000e+00   9.6410000e+00
   3.9100000e+01   1.2430000e+01   7.3250000e+00
   4.0100000e+01   8.3750000e+00   1.2030000e+00
   4.1100000e+01   6.5130000e+00   5.2700000e-01
   4.2200000e+01   5.5220000e+00   3.0910000e-01
   4.3300000e+01   4.9400000e+00   2.1600000e-01
   4.4500000e+01   4.5230000e+00   1.6250000e-01
   4.5800000e+01   4.2100000e+00   1.2860000e-01
   4.7100000e+01   3.9820000e+00   1.0690000e-01
   4.8500000e+01   3.7950000e+00   9.0810000e-02
   5.0000000e+01   3.6410000e+00   7.8510000e-02
