   8.1400000e-01   1.4150000e+00   0.0000000e+00
   8.3400000e-01   1.4150000e+00   0.0000000e+00
   8.5400000e-01   1.4150000e+00   1.0000000e-06
   8.7400000e-01   1.4150000e+00   1.0000000e-06
   8.9400000e-01   1.4150000e+00   1.0000000e-06
   9.1400000e-01   1.4150000e+00   1.0000000e-06
   9.3400000e-01   1.4150000e+00   1.0000000e-06
   9.5400000e-01   1.4140000e+00   1.0000000e-06
   9.7400000e-01   1.4140000e+00   1.0000000e-06
   9.9400000e-01   1.4140000e+00   1.0000000e-06
   1.0140000e+00   1.4140000e+00   1.0000000e-06
   1.0340000e+00   1.4140000e+00   1.0000000e-06
   1.0540000e+00   1.4140000e+00   1.0000000e-06
   1.0740000e+00   1.4140000e+00   1.0000000e-06
   1.0940000e+00   1.4140000e+00   1.0000000e-06
   1.1140000e+00   1.4140000e+00   1.0000000e-06
   1.1340000e+00   1.4140000e+00   3.0000000e-06
   1.1540000e+00   1.4140000e+00   4.0000000e-06
   1.1740000e+00   1.4140000e+00   1.1000000e-05
   1.1940000e+00   1.4140000e+00   7.0000000e-06
   1.2140000e+00   1.4140000e+00   3.0000000e-06
   1.2340000e+00   1.4140000e+00   2.0000000e-06
   1.2540000e+00   1.4140000e+00   2.0000000e-06
   1.2740000e+00   1.4140000e+00   1.0000000e-06
   1.2940000e+00   1.4140000e+00   1.0000000e-06
   1.3140000e+00   1.4130000e+00   1.0000000e-06
   1.3340000e+00   1.4130000e+00   2.0000000e-06
   1.3540000e+00   1.4130000e+00   9.0000000e-06
   1.3740000e+00   1.4130000e+00   1.2000000e-05
   1.3940000e+00   1.4130000e+00   1.2000000e-05
   1.4140000e+00   1.4130000e+00   9.0000000e-06
   1.4340000e+00   1.4130000e+00   8.0000000e-06
   1.4540000e+00   1.4130000e+00   9.0000000e-06
   1.4740000e+00   1.4130000e+00   6.0000000e-06
   1.4940000e+00   1.4130000e+00   7.0000000e-06
   1.5140000e+00   1.4130000e+00   5.0000000e-06
   1.5340000e+00   1.4130000e+00   4.0000000e-06
   1.5540000e+00   1.4130000e+00   5.0000000e-06
   1.5740000e+00   1.4130000e+00   5.0000000e-06
   1.5940000e+00   1.4130000e+00   5.0000000e-06
   1.6190000e+00   1.4130000e+00   8.0000000e-06
   1.6390000e+00   1.4130000e+00   7.0000000e-06
   1.6590000e+00   1.4120000e+00   1.3000000e-05
   1.6790000e+00   1.4120000e+00   1.0500000e-04
   1.6990000e+00   1.4120000e+00   7.3000000e-05
   1.7190000e+00   1.4120000e+00   8.6000000e-05
   1.7390000e+00   1.4120000e+00   6.8000000e-05
   1.7590000e+00   1.4120000e+00   5.4000000e-05
   1.7790000e+00   1.4120000e+00   3.4000000e-05
   1.7990000e+00   1.4120000e+00   4.6000000e-05
   1.8190000e+00   1.4120000e+00   2.6000000e-05
   1.8390000e+00   1.4120000e+00   2.3000000e-05
   1.8590000e+00   1.4120000e+00   2.2000000e-05
   1.8790000e+00   1.4120000e+00   2.7000000e-05
   1.8990000e+00   1.4120000e+00   4.2000000e-05
   1.9190000e+00   1.4120000e+00   4.6000000e-05
   1.9390000e+00   1.4120000e+00   4.7000000e-05
   1.9590000e+00   1.4110000e+00   3.5000000e-05
   1.9790000e+00   1.4110000e+00   3.5000000e-05
   1.9990000e+00   1.4110000e+00   3.7000000e-05
   2.0190000e+00   1.4110000e+00   3.1000000e-05
   2.0390000e+00   1.4110000e+00   3.1000000e-05
   2.0590000e+00   1.4110000e+00   4.3000000e-05
   2.0790000e+00   1.4110000e+00   4.7000000e-05
   2.0990000e+00   1.4110000e+00   5.0000000e-05
   2.1190000e+00   1.4110000e+00   5.1000000e-05
   2.1390000e+00   1.4110000e+00   5.7000000e-05
   2.1590000e+00   1.4110000e+00   6.2000000e-05
   2.1790000e+00   1.4100000e+00   7.0000000e-05
   2.1990000e+00   1.4100000e+00   7.5000000e-05
   2.2190000e+00   1.4100000e+00   9.6000000e-05
   2.2390000e+00   1.4100000e+00   1.8200000e-04
   2.2590000e+00   1.4100000e+00   6.3900000e-04
   2.2790000e+00   1.4100000e+00   5.6800000e-04
   2.2990000e+00   1.4100000e+00   7.8000000e-04
   2.3190000e+00   1.4100000e+00   8.8300000e-04
   2.3390000e+00   1.4100000e+00   4.5400000e-04
   2.3590000e+00   1.4100000e+00   3.4100000e-04
   2.3790000e+00   1.4100000e+00   2.5700000e-04
   2.3990000e+00   1.4100000e+00   5.5100000e-04
   2.4190000e+00   1.4100000e+00   4.5300000e-04
   2.4390000e+00   1.4100000e+00   5.6500000e-04
   2.4590000e+00   1.4100000e+00   4.9300000e-04
   2.4790000e+00   1.4100000e+00   4.1300000e-04
   2.5000000e+00   1.3880000e+00   0.0000000e+00
   2.5063000e+00   1.3880000e+00   0.0000000e+00
   2.5189000e+00   1.3870000e+00   0.0000000e+00
   2.5306000e+00   1.3870000e+00   0.0000000e+00
   2.5445000e+00   1.3860000e+00   0.0000000e+00
   2.5510000e+00   1.3880000e+00   0.0000000e+00
   2.5641000e+00   1.3350000e+00   0.0000000e+00
   2.5707000e+00   1.3850000e+00   0.0000000e+00
   2.5773000e+00   1.3860000e+00   0.0000000e+00
   2.5907000e+00   1.3850000e+00   0.0000000e+00
   2.5974000e+00   1.3660000e+00   0.0000000e+00
   2.6110000e+00   1.3880000e+00   0.0000000e+00
   2.6178000e+00   1.3880000e+00   0.0000000e+00
   2.6316000e+00   1.3860000e+00   0.0000000e+00
   2.6385000e+00   1.3860000e+00   0.0000000e+00
   2.6525000e+00   1.3890000e+00   0.0000000e+00
   2.6596000e+00   1.3880000e+00   0.0000000e+00
   2.6738000e+00   1.3870000e+00   0.0000000e+00
   2.6810000e+00   1.3870000e+00   0.0000000e+00
   2.6882000e+00   1.3880000e+00   0.0000000e+00
   2.7027000e+00   1.3860000e+00   0.0000000e+00
   2.7174000e+00   1.3870000e+00   0.0000000e+00
   2.7322000e+00   1.3850000e+00   0.0000000e+00
   2.7397000e+00   1.3820000e+00   0.0000000e+00
   2.7548000e+00   1.3850000e+00   0.0000000e+00
   2.7624000e+00   1.3850000e+00   0.0000000e+00
   2.7701000e+00   1.3830000e+00   0.0000000e+00
   2.7778000e+00   1.3850000e+00   0.0000000e+00
   2.7855000e+00   1.3840000e+00   0.0000000e+00
   2.8011000e+00   1.3860000e+00   0.0000000e+00
   2.8090000e+00   1.3850000e+00   0.0000000e+00
   2.8169000e+00   1.3840000e+00   0.0000000e+00
   2.8329000e+00   1.3850000e+00   0.0000000e+00
   2.8409000e+00   1.3850000e+00   0.0000000e+00
   2.8490000e+00   1.3850000e+00   0.0000000e+00
   2.8571000e+00   1.3860000e+00   0.0000000e+00
   2.8653000e+00   1.3870000e+00   0.0000000e+00
   2.8818000e+00   1.3830000e+00   0.0000000e+00
   2.8902000e+00   1.3820000e+00   0.0000000e+00
   2.8986000e+00   1.3820000e+00   0.0000000e+00
   2.9070000e+00   1.3830000e+00   0.0000000e+00
   2.9240000e+00   1.3850000e+00   0.0000000e+00
   2.9326000e+00   1.3860000e+00   0.0000000e+00
   2.9412000e+00   1.3850000e+00   0.0000000e+00
   2.9499000e+00   1.3830000e+00   0.0000000e+00
   2.9586000e+00   1.3830000e+00   0.0000000e+00
   2.9674000e+00   1.3830000e+00   0.0000000e+00
   2.9762000e+00   1.3820000e+00   0.0000000e+00
   2.9851000e+00   1.3810000e+00   0.0000000e+00
   2.9940000e+00   1.3830000e+00   0.0000000e+00
   3.0030000e+00   1.3850000e+00   0.0000000e+00
   3.0120000e+00   1.3850000e+00   0.0000000e+00
   3.0211000e+00   1.3840000e+00   0.0000000e+00
   3.0303000e+00   1.3840000e+00   0.0000000e+00
   3.0395000e+00   1.3830000e+00   0.0000000e+00
   3.0488000e+00   1.3810000e+00   0.0000000e+00
   3.0581000e+00   1.3800000e+00   0.0000000e+00
   3.0675000e+00   1.3810000e+00   0.0000000e+00
   3.0769000e+00   1.3810000e+00   0.0000000e+00
   3.0864000e+00   1.3820000e+00   0.0000000e+00
   3.0960000e+00   1.3800000e+00   0.0000000e+00
   3.1056000e+00   1.3780000e+00   0.0000000e+00
   3.1153000e+00   1.3770000e+00   0.0000000e+00
   3.1348000e+00   1.3810000e+00   0.0000000e+00
   3.1447000e+00   1.3810000e+00   0.0000000e+00
   3.1546000e+00   1.3790000e+00   0.0000000e+00
   3.1646000e+00   1.3780000e+00   0.0000000e+00
   3.1746000e+00   1.3770000e+00   0.0000000e+00
   3.1847000e+00   1.3780000e+00   0.0000000e+00
   3.1949000e+00   1.3780000e+00   0.0000000e+00
   3.2051000e+00   1.3770000e+00   0.0000000e+00
   3.2154000e+00   1.3750000e+00   0.0000000e+00
   3.2258000e+00   1.3740000e+00   0.0000000e+00
   3.2362000e+00   1.3740000e+00   0.0000000e+00
   3.2468000e+00   1.3720000e+00   0.0000000e+00
   3.2573000e+00   1.3720000e+00   0.0000000e+00
   3.2680000e+00   1.3720000e+00   0.0000000e+00
   3.2787000e+00   1.3710000e+00   0.0000000e+00
   3.2895000e+00   1.3690000e+00   0.0000000e+00
   3.3003000e+00   1.3670000e+00   0.0000000e+00
   3.3113000e+00   1.3610000e+00   0.0000000e+00
   3.3223000e+00   1.3520000e+00   1.0000000e-03
   3.3333000e+00   1.3460000e+00   7.0000000e-03
   3.3445000e+00   1.3370000e+00   3.1000000e-02
   3.3557000e+00   1.3620000e+00   6.7000000e-02
   3.3670000e+00   1.4060000e+00   4.3000000e-02
   3.3784000e+00   1.3970000e+00   1.9000000e-02
   3.3898000e+00   1.3860000e+00   1.7000000e-02
   3.4014000e+00   1.3830000e+00   2.4000000e-02
   3.4130000e+00   1.3970000e+00   2.7000000e-02
   3.4247000e+00   1.4030000e+00   1.7000000e-02
   3.4364000e+00   1.3960000e+00   1.1000000e-02
   3.4483000e+00   1.3990000e+00   5.0000000e-03
   3.4602000e+00   1.3910000e+00   6.0000000e-03
   3.4722000e+00   1.3910000e+00   1.4000000e-02
   3.4843000e+00   1.3950000e+00   6.0000000e-03
   3.4965000e+00   1.3950000e+00   5.0000000e-03
   3.5088000e+00   1.3930000e+00   3.0000000e-03
   3.5211000e+00   1.3910000e+00   3.0000000e-03
   3.5336000e+00   1.3910000e+00   2.0000000e-03
   3.5461000e+00   1.3900000e+00   1.0000000e-03
   3.5587000e+00   1.3890000e+00   0.0000000e+00
   3.5714000e+00   1.3870000e+00   1.0000000e-03
   3.5842000e+00   1.3880000e+00   3.0000000e-03
   3.5971000e+00   1.3890000e+00   2.0000000e-03
   3.6101000e+00   1.3890000e+00   1.0000000e-03
   3.6232000e+00   1.3880000e+00   0.0000000e+00
   3.6364000e+00   1.3860000e+00   0.0000000e+00
   3.6496000e+00   1.3850000e+00   0.0000000e+00
   3.6630000e+00   1.3850000e+00   0.0000000e+00
   3.6765000e+00   1.3850000e+00   1.0000000e-03
   3.6900000e+00   1.3850000e+00   1.0000000e-03
   3.7037000e+00   1.3850000e+00   1.0000000e-03
   3.7175000e+00   1.3860000e+00   0.0000000e+00
   3.7313000e+00   1.3850000e+00   1.0000000e-03
   3.7453000e+00   1.3870000e+00   1.0000000e-03
   3.7594000e+00   1.3870000e+00   0.0000000e+00
   3.7736000e+00   1.3850000e+00   0.0000000e+00
   3.7879000e+00   1.3810000e+00   0.0000000e+00
   3.8023000e+00   1.3800000e+00   1.0000000e-03
   3.8168000e+00   1.3830000e+00   3.0000000e-03
   3.8314000e+00   1.3840000e+00   1.0000000e-03
   3.8462000e+00   1.3840000e+00   0.0000000e+00
   3.8610000e+00   1.3830000e+00   0.0000000e+00
   3.8760000e+00   1.3830000e+00   1.0000000e-03
   3.8911000e+00   1.3840000e+00   0.0000000e+00
   3.9063000e+00   1.3830000e+00   0.0000000e+00
   3.9216000e+00   1.3830000e+00   0.0000000e+00
   3.9370000e+00   1.3830000e+00   0.0000000e+00
   3.9526000e+00   1.3820000e+00   0.0000000e+00
   3.9683000e+00   1.3820000e+00   0.0000000e+00
   3.9841000e+00   1.3830000e+00   0.0000000e+00
   4.0000000e+00   1.3830000e+00   0.0000000e+00
   4.0161000e+00   1.3820000e+00   0.0000000e+00
   4.0323000e+00   1.3820000e+00   0.0000000e+00
   4.0486000e+00   1.3810000e+00   0.0000000e+00
   4.0650000e+00   1.3790000e+00   0.0000000e+00
   4.0816000e+00   1.3780000e+00   0.0000000e+00
   4.0984000e+00   1.3780000e+00   0.0000000e+00
   4.1152000e+00   1.3790000e+00   0.0000000e+00
   4.1322000e+00   1.3780000e+00   0.0000000e+00
   4.1494000e+00   1.3770000e+00   0.0000000e+00
   4.1667000e+00   1.3770000e+00   1.0000000e-03
   4.1841000e+00   1.3800000e+00   0.0000000e+00
   4.2017000e+00   1.3790000e+00   0.0000000e+00
   4.2194000e+00   1.3790000e+00   0.0000000e+00
   4.2373000e+00   1.3780000e+00   0.0000000e+00
   4.2553000e+00   1.3790000e+00   0.0000000e+00
   4.2735000e+00   1.3770000e+00   0.0000000e+00
   4.2918000e+00   1.3760000e+00   0.0000000e+00
   4.3103000e+00   1.3750000e+00   0.0000000e+00
   4.3290000e+00   1.3760000e+00   1.0000000e-03
   4.3478000e+00   1.3770000e+00   1.0000000e-03
   4.3668000e+00   1.3770000e+00   0.0000000e+00
   4.3860000e+00   1.3750000e+00   0.0000000e+00
   4.4053000e+00   1.3760000e+00   2.0000000e-03
   4.4248000e+00   1.3780000e+00   1.0000000e-03
   4.4444000e+00   1.3770000e+00   0.0000000e+00
   4.4643000e+00   1.3750000e+00   0.0000000e+00
   4.4843000e+00   1.3750000e+00   2.0000000e-03
   4.5045000e+00   1.3760000e+00   2.0000000e-03
   4.5249000e+00   1.3770000e+00   1.0000000e-03
   4.5455000e+00   1.3750000e+00   0.0000000e+00
   4.5662000e+00   1.3750000e+00   0.0000000e+00
   4.5872000e+00   1.3750000e+00   0.0000000e+00
   4.6083000e+00   1.3740000e+00   0.0000000e+00
   4.6296000e+00   1.3740000e+00   0.0000000e+00
   4.6512000e+00   1.3730000e+00   0.0000000e+00
   4.6729000e+00   1.3730000e+00   0.0000000e+00
   4.6948000e+00   1.3720000e+00   0.0000000e+00
   4.7170000e+00   1.3710000e+00   2.0000000e-03
   4.7393000e+00   1.3720000e+00   3.0000000e-03
   4.7619000e+00   1.3730000e+00   3.0000000e-03
   4.7847000e+00   1.3720000e+00   2.0000000e-03
   4.8077000e+00   1.3730000e+00   3.0000000e-03
   4.8309000e+00   1.3730000e+00   3.0000000e-03
   4.8544000e+00   1.3740000e+00   3.0000000e-03
   4.8780000e+00   1.3730000e+00   1.0000000e-03
   4.9020000e+00   1.3730000e+00   1.0000000e-03
   4.9261000e+00   1.3710000e+00   1.0000000e-03
   4.9505000e+00   1.3710000e+00   2.0000000e-03
   4.9751000e+00   1.3700000e+00   3.0000000e-03
   5.0000000e+00   1.3710000e+00   5.0000000e-03
   5.0251000e+00   1.3730000e+00   4.0000000e-03
   5.0505000e+00   1.3730000e+00   3.0000000e-03
   5.0761000e+00   1.3720000e+00   2.0000000e-03
   5.1020000e+00   1.3720000e+00   3.0000000e-03
   5.1282000e+00   1.3730000e+00   3.0000000e-03
   5.1546000e+00   1.3730000e+00   2.0000000e-03
   5.1813000e+00   1.3710000e+00   1.0000000e-03
   5.2083000e+00   1.3710000e+00   1.0000000e-03
   5.2356000e+00   1.3700000e+00   1.0000000e-03
   5.2632000e+00   1.3700000e+00   2.0000000e-03
   5.2910000e+00   1.3700000e+00   1.0000000e-03
   5.3191000e+00   1.3690000e+00   1.0000000e-03
   5.3476000e+00   1.3690000e+00   1.0000000e-03
   5.3763000e+00   1.3680000e+00   1.0000000e-03
   5.4054000e+00   1.3680000e+00   1.0000000e-03
   5.4348000e+00   1.3670000e+00   0.0000000e+00
   5.4645000e+00   1.3670000e+00   1.0000000e-03
   5.4945000e+00   1.3660000e+00   1.0000000e-03
   5.5249000e+00   1.3660000e+00   1.0000000e-03
   5.5556000e+00   1.3660000e+00   0.0000000e+00
   5.5866000e+00   1.3630000e+00   0.0000000e+00
   5.6180000e+00   1.3610000e+00   1.0000000e-03
   5.6497000e+00   1.3610000e+00   4.0000000e-03
   5.6818000e+00   1.3630000e+00   4.0000000e-03
   5.7143000e+00   1.3630000e+00   2.0000000e-03
   5.7471000e+00   1.3620000e+00   1.0000000e-03
   5.7803000e+00   1.3600000e+00   3.0000000e-03
   5.8140000e+00   1.3600000e+00   4.0000000e-03
   5.8480000e+00   1.3610000e+00   5.0000000e-03
   5.8824000e+00   1.3620000e+00   4.0000000e-03
   5.9172000e+00   1.3620000e+00   3.0000000e-03
   5.9524000e+00   1.3600000e+00   2.0000000e-03
   5.9880000e+00   1.3590000e+00   3.0000000e-03
   6.0240000e+00   1.3600000e+00   3.0000000e-03
   6.0606000e+00   1.3590000e+00   2.0000000e-03
   6.0976000e+00   1.3580000e+00   1.0000000e-03
   6.1350000e+00   1.3560000e+00   0.0000000e+00
   6.1728000e+00   1.3550000e+00   1.0000000e-03
   6.2112000e+00   1.3540000e+00   1.0000000e-03
   6.2500000e+00   1.3530000e+00   1.0000000e-03
   6.2893000e+00   1.3520000e+00   1.0000000e-03
   6.3291000e+00   1.3500000e+00   0.0000000e+00
   6.3694000e+00   1.3490000e+00   0.0000000e+00
   6.4103000e+00   1.3460000e+00   0.0000000e+00
   6.4516000e+00   1.3440000e+00   2.0000000e-03
   6.4935000e+00   1.3430000e+00   2.0000000e-03
   6.5359000e+00   1.3430000e+00   2.0000000e-03
   6.5789000e+00   1.3430000e+00   2.0000000e-03
   6.6225000e+00   1.3330000e+00   1.0000000e-03
   6.6667000e+00   1.3290000e+00   5.0000000e-03
   6.7114000e+00   1.3290000e+00   5.0000000e-03
   6.7568000e+00   1.3230000e+00   4.0000000e-03
   6.8027000e+00   1.3210000e+00   2.6000000e-02
   6.8493000e+00   1.3370000e+00   2.3000000e-02
   6.8966000e+00   1.3410000e+00   1.9000000e-02
   6.9444000e+00   1.3350000e+00   1.2000000e-02
   6.9930000e+00   1.3240000e+00   1.2000000e-02
   7.0423000e+00   1.3190000e+00   1.5000000e-02
   7.0922000e+00   1.3170000e+00   1.0000000e-02
   7.1429000e+00   1.2970000e+00   1.3000000e-02
   7.1942000e+00   1.2720000e+00   5.5000000e-02
   7.2464000e+00   1.3270000e+00   7.0000000e-02
   7.2993000e+00   1.3760000e+00   5.5000000e-02
   7.3529000e+00   1.3470000e+00   2.1000000e-02
   7.4074000e+00   1.3360000e+00   2.2000000e-02
   7.4627000e+00   1.3260000e+00   1.5000000e-02
   7.5188000e+00   1.3070000e+00   9.0000000e-03
   7.5758000e+00   1.2730000e+00   3.2000000e-02
   7.6336000e+00   1.3290000e+00   8.6000000e-02
   7.6923000e+00   1.3250000e+00   2.2000000e-02
   7.7519000e+00   1.2960000e+00   2.1000000e-02
   7.8125000e+00   1.2670000e+00   3.4000000e-02
   7.8740000e+00   1.2340000e+00   6.3000000e-02
   7.9365000e+00   1.2150000e+00   1.1700000e-01
   8.0000000e+00   1.2250000e+00   2.6600000e-01
   8.0645000e+00   1.5000000e+00   2.4500000e-01
   8.1301000e+00   1.4650000e+00   6.9000000e-02
   8.1967000e+00   1.4110000e+00   3.5000000e-02
   8.2645000e+00   1.3860000e+00   3.3000000e-02
   8.3333000e+00   1.3620000e+00   2.8000000e-02
   8.4034000e+00   1.3360000e+00   3.3000000e-02
   8.4746000e+00   1.3340000e+00   7.4000000e-02
   8.5470000e+00   1.3570000e+00   4.6000000e-02
   8.6207000e+00   1.3420000e+00   3.6000000e-02
   8.6957000e+00   1.3050000e+00   4.1000000e-02
   8.7719000e+00   1.3400000e+00   8.3000000e-02
   8.8496000e+00   1.3210000e+00   4.5000000e-02
   8.9286000e+00   1.2860000e+00   6.1000000e-02
   9.0090000e+00   1.3340000e+00   1.4300000e-01
   9.0909000e+00   1.3860000e+00   5.7000000e-02
   9.1743000e+00   1.3370000e+00   2.4000000e-02
   9.2593000e+00   1.2960000e+00   1.9000000e-02
   9.3458000e+00   1.2680000e+00   1.9000000e-02
   9.4340000e+00   1.2320000e+00   2.5000000e-02
   9.5236000e+00   1.1880000e+00   3.9000000e-02
   9.6154000e+00   1.1170000e+00   6.4000000e-02
   9.7087000e+00   1.0190000e+00   1.4400000e-01
   9.8039000e+00   9.7100000e-01   3.8000000e-01
   9.9010000e+00   1.1960000e+00   5.4200000e-01
   1.0000000e+01   1.2330000e+00   4.8900000e-01
   1.0101000e+01   1.3250000e+00   7.2100000e-01
   1.0204100e+01   1.8020000e+00   7.4200000e-01
   1.0309300e+01   1.9320000e+00   2.6700000e-01
   1.0416700e+01   1.7540000e+00   1.0400000e-01
   1.0526300e+01   1.6620000e+00   6.3000000e-02
   1.0638300e+01   1.5940000e+00   5.0000000e-02
   1.0752700e+01   1.5350000e+00   5.2000000e-02
   1.0869600e+01   1.5000000e+00   1.2400000e-01
   1.0989000e+01   1.5720000e+00   1.0000000e-01
   1.1111100e+01   1.5560000e+00   1.1900000e-01
   1.1236000e+01   1.5910000e+00   5.1000000e-02
   1.1363600e+01   1.5550000e+00   2.9000000e-02
   1.1494300e+01   1.5400000e+00   1.7000000e-02
   1.1627900e+01   1.5210000e+00   9.0000000e-03
   1.1764700e+01   1.5040000e+00   9.0000000e-03
   1.1904800e+01   1.4870000e+00   4.0000000e-03
   1.2048200e+01   1.4740000e+00   7.0000000e-03
   1.2195100e+01   1.4600000e+00   9.0000000e-03
   1.2345700e+01   1.4320000e+00   1.6000000e-02
   1.2500000e+01   1.3960000e+00   6.8000000e-02
   1.2658200e+01   1.4970000e+00   1.5000000e-01
   1.2820500e+01   1.5400000e+00   3.4000000e-02
   1.2987000e+01   1.4960000e+00   1.5000000e-02
   1.3157900e+01   1.4760000e+00   1.4000000e-02
   1.3333300e+01   1.4770000e+00   3.2000000e-02
   1.3513500e+01   1.4770000e+00   1.5000000e-02
   1.3698600e+01   1.4540000e+00   1.3000000e-02
   1.3888900e+01   1.4590000e+00   6.0000000e-02
   1.4084500e+01   1.4980000e+00   2.2000000e-02
   1.4285700e+01   1.4830000e+00   9.0000000e-03
   1.4492800e+01   1.4730000e+00   2.0000000e-03
   1.4705900e+01   1.4690000e+00   2.0000000e-03
   1.4925400e+01   1.4560000e+00   0.0000000e+00
   1.5151500e+01   1.4540000e+00   0.0000000e+00
   1.5384600e+01   1.4510000e+00   3.0000000e-03
   1.5625000e+01   1.4460000e+00   2.0000000e-03
   1.5873000e+01   1.4400000e+00   0.0000000e+00
   1.6129000e+01   1.4380000e+00   0.0000000e+00
   1.6393400e+01   1.4350000e+00   1.0000000e-03
   1.6666700e+01   1.4260000e+00   0.0000000e+00
   1.6949200e+01   1.4210000e+00   0.0000000e+00
   1.7241400e+01   1.4120000e+00   4.0000000e-03
   1.7543900e+01   1.4090000e+00   4.0000000e-03
   1.7857100e+01   1.4020000e+00   1.4000000e-02
   1.8181800e+01   1.4000000e+00   1.8000000e-02
   1.8518500e+01   1.3880000e+00   1.8000000e-02
   1.8867900e+01   1.3580000e+00   3.2000000e-02
   1.9230800e+01   1.3490000e+00   1.0000000e-01
   1.9607800e+01   1.3910000e+00   1.4700000e-01
   2.0000000e+01   1.5080000e+00   1.4700000e-01
   2.0408200e+01   1.5040000e+00   6.4000000e-02
   2.0833300e+01   1.4920000e+00   4.4000000e-02
   2.1276600e+01   1.4770000e+00   2.8000000e-02
   2.1739100e+01   1.4660000e+00   2.6000000e-02
   2.2222200e+01   1.4600000e+00   2.8000000e-02
   2.2727300e+01   1.4530000e+00   3.3000000e-02
   2.3255800e+01   1.4520000e+00   4.3000000e-02
   2.3809500e+01   1.4680000e+00   4.5000000e-02
   2.4390200e+01   1.4740000e+00   3.9000000e-02
   2.5000000e+01   1.4710000e+00   3.1000000e-02
   2.5641000e+01   1.4740000e+00   2.8000000e-02
   2.6315800e+01   1.4750000e+00   2.4000000e-02
   2.7027000e+01   1.4800000e+00   1.5000000e-02
   2.7777800e+01   1.4720000e+00   5.0000000e-03
   2.8571400e+01   1.4670000e+00   5.0000000e-03
   2.9411800e+01   1.4580000e+00   1.0000000e-03
   3.0303000e+01   1.4540000e+00   5.0000000e-03
   3.1250000e+01   1.4510000e+00   6.0000000e-03
   3.2258100e+01   1.4500000e+00   8.0000000e-03
   3.3333300e+01   1.4490000e+00   8.0000000e-03
   3.4482800e+01   1.4440000e+00   1.6000000e-02
   3.5714300e+01   1.4490000e+00   2.4000000e-02
   3.7037000e+01   1.4580000e+00   2.6000000e-02
   3.8461500e+01   1.4690000e+00   2.4000000e-02
   4.0000000e+01   1.4770000e+00   1.1000000e-02
   4.1666700e+01   1.4720000e+00   0.0000000e+00
   4.3478300e+01   1.4630000e+00   0.0000000e+00
   4.5454500e+01   1.4490000e+00   0.0000000e+00
   4.7619000e+01   1.4580000e+00   0.0000000e+00
   5.0000000e+01   1.4530000e+00   0.0000000e+00
   5.2631600e+01   1.4480000e+00   0.0000000e+00
   5.5555600e+01   1.4410000e+00   0.0000000e+00
