   8.0450000e-01   1.4120000e+00   0.0000000e+00
   8.1450000e-01   1.4120000e+00   0.0000000e+00
   8.2450000e-01   1.4110000e+00   0.0000000e+00
   8.3450000e-01   1.4110000e+00   0.0000000e+00
   8.4450000e-01   1.4110000e+00   0.0000000e+00
   8.5450000e-01   1.4110000e+00   0.0000000e+00
   8.6450000e-01   1.4110000e+00   0.0000000e+00
   8.7450000e-01   1.4110000e+00   0.0000000e+00
   8.8450000e-01   1.4110000e+00   1.0000000e-06
   8.9450000e-01   1.4110000e+00   1.0000000e-06
   9.0450000e-01   1.4110000e+00   1.0000000e-06
   9.1450000e-01   1.4110000e+00   0.0000000e+00
   9.2450000e-01   1.4110000e+00   0.0000000e+00
   9.3450000e-01   1.4110000e+00   0.0000000e+00
   9.4450000e-01   1.4110000e+00   0.0000000e+00
   9.5450000e-01   1.4110000e+00   0.0000000e+00
   9.6450000e-01   1.4110000e+00   0.0000000e+00
   9.7450000e-01   1.4110000e+00   0.0000000e+00
   9.8450000e-01   1.4110000e+00   0.0000000e+00
   9.9450000e-01   1.4110000e+00   1.0000000e-06
   1.0045000e+00   1.4110000e+00   1.0000000e-06
   1.0145000e+00   1.4110000e+00   1.0000000e-06
   1.0245000e+00   1.4110000e+00   1.0000000e-06
   1.0345000e+00   1.4100000e+00   1.0000000e-06
   1.0445000e+00   1.4100000e+00   1.0000000e-06
   1.0545000e+00   1.4100000e+00   0.0000000e+00
   1.0645000e+00   1.4100000e+00   1.0000000e-06
   1.0745000e+00   1.4100000e+00   0.0000000e+00
   1.0845000e+00   1.4100000e+00   1.0000000e-06
   1.0945000e+00   1.4100000e+00   1.0000000e-06
   1.1045000e+00   1.4100000e+00   1.0000000e-06
   1.1145000e+00   1.4100000e+00   1.0000000e-06
   1.1245000e+00   1.4100000e+00   2.0000000e-06
   1.1345000e+00   1.4100000e+00   4.0000000e-06
   1.1445000e+00   1.4100000e+00   5.0000000e-06
   1.1545000e+00   1.4100000e+00   6.0000000e-06
   1.1645000e+00   1.4100000e+00   9.0000000e-06
   1.1745000e+00   1.4100000e+00   1.0000000e-05
   1.1845000e+00   1.4100000e+00   6.0000000e-06
   1.1945000e+00   1.4100000e+00   3.0000000e-06
   1.2045000e+00   1.4100000e+00   2.0000000e-06
   1.2145000e+00   1.4100000e+00   1.0000000e-06
   1.2245000e+00   1.4100000e+00   1.0000000e-06
   1.2345000e+00   1.4100000e+00   1.0000000e-06
   1.2445000e+00   1.4100000e+00   1.0000000e-06
   1.2545000e+00   1.4100000e+00   1.0000000e-06
   1.2645000e+00   1.4100000e+00   1.0000000e-06
   1.2745000e+00   1.4090000e+00   1.0000000e-06
   1.2845000e+00   1.4090000e+00   1.0000000e-06
   1.2945000e+00   1.4090000e+00   1.0000000e-06
   1.3045000e+00   1.4090000e+00   1.0000000e-06
   1.3145000e+00   1.4090000e+00   1.0000000e-06
   1.3245000e+00   1.4090000e+00   2.0000000e-06
   1.3345000e+00   1.4090000e+00   4.0000000e-06
   1.3445000e+00   1.4090000e+00   8.0000000e-06
   1.3545000e+00   1.4090000e+00   1.1000000e-05
   1.3645000e+00   1.4090000e+00   1.2000000e-05
   1.3745000e+00   1.4090000e+00   1.1000000e-05
   1.3845000e+00   1.4090000e+00   1.6000000e-05
   1.3945000e+00   1.4090000e+00   1.2000000e-05
   1.4045000e+00   1.4090000e+00   7.0000000e-06
   1.4145000e+00   1.4090000e+00   7.0000000e-06
   1.4245000e+00   1.4090000e+00   7.0000000e-06
   1.4345000e+00   1.4090000e+00   8.0000000e-06
   1.4445000e+00   1.4090000e+00   7.0000000e-06
   1.4545000e+00   1.4090000e+00   5.0000000e-06
   1.4645000e+00   1.4090000e+00   4.0000000e-06
   1.4745000e+00   1.4090000e+00   3.0000000e-06
   1.4845000e+00   1.4090000e+00   4.0000000e-06
   1.4945000e+00   1.4090000e+00   4.0000000e-06
   1.5045000e+00   1.4080000e+00   3.0000000e-06
   1.5145000e+00   1.4080000e+00   3.0000000e-06
   1.5245000e+00   1.4080000e+00   2.0000000e-06
   1.5345000e+00   1.4080000e+00   2.0000000e-06
   1.5445000e+00   1.4080000e+00   2.0000000e-06
   1.5545000e+00   1.4080000e+00   2.0000000e-06
   1.5645000e+00   1.4080000e+00   2.0000000e-06
   1.5745000e+00   1.4080000e+00   3.0000000e-06
   1.6095000e+00   1.4080000e+00   6.0000000e-06
   1.6195000e+00   1.4080000e+00   8.0000000e-06
   1.6295000e+00   1.4080000e+00   1.1000000e-05
   1.6395000e+00   1.4080000e+00   1.5000000e-05
   1.6495000e+00   1.4080000e+00   2.1000000e-05
   1.6595000e+00   1.4080000e+00   4.2000000e-05
   1.6695000e+00   1.4080000e+00   7.9000000e-05
   1.6795000e+00   1.4080000e+00   9.4000000e-05
   1.6895000e+00   1.4080000e+00   7.2000000e-05
   1.6995000e+00   1.4080000e+00   5.6000000e-05
   1.7095000e+00   1.4080000e+00   7.2000000e-05
   1.7295000e+00   1.4080000e+00   9.3000000e-05
   1.7395000e+00   1.4080000e+00   4.7000000e-05
   1.7495000e+00   1.4080000e+00   4.1000000e-05
   1.7595000e+00   1.4070000e+00   2.5000000e-05
   1.7695000e+00   1.4070000e+00   2.6000000e-05
   1.7795000e+00   1.4070000e+00   2.9000000e-05
   1.7895000e+00   1.4070000e+00   2.6000000e-05
   1.7995000e+00   1.4070000e+00   2.3000000e-05
   1.8095000e+00   1.4070000e+00   2.1000000e-05
   1.8195000e+00   1.4070000e+00   1.8000000e-05
   1.8295000e+00   1.4070000e+00   1.6000000e-05
   1.8395000e+00   1.4070000e+00   1.6000000e-05
   1.8495000e+00   1.4070000e+00   1.6000000e-05
   1.8595000e+00   1.4070000e+00   1.8000000e-05
   1.8695000e+00   1.4070000e+00   1.8000000e-05
   1.8795000e+00   1.4070000e+00   1.8000000e-05
   1.8895000e+00   1.4070000e+00   1.9000000e-05
   1.8995000e+00   1.4070000e+00   1.6000000e-05
   1.9095000e+00   1.4070000e+00   1.6000000e-05
   1.9195000e+00   1.4070000e+00   1.9000000e-05
   1.9295000e+00   1.4070000e+00   1.7000000e-05
   1.9395000e+00   1.4070000e+00   1.5000000e-05
   1.9495000e+00   1.4060000e+00   1.5000000e-05
   1.9595000e+00   1.4060000e+00   1.4000000e-05
   1.9695000e+00   1.4060000e+00   1.3000000e-05
   1.9795000e+00   1.4060000e+00   1.2000000e-05
   1.9895000e+00   1.4060000e+00   1.2000000e-05
   1.9995000e+00   1.4060000e+00   1.2000000e-05
   2.0095000e+00   1.4060000e+00   1.2000000e-05
   2.0195000e+00   1.4060000e+00   1.3000000e-05
   2.0295000e+00   1.4060000e+00   1.4000000e-05
   2.0395000e+00   1.4060000e+00   1.5000000e-05
   2.0495000e+00   1.4060000e+00   1.6000000e-05
   2.0595000e+00   1.4060000e+00   1.7000000e-05
   2.0695000e+00   1.4060000e+00   2.1000000e-05
   2.0795000e+00   1.4060000e+00   2.6000000e-05
   2.0895000e+00   1.4060000e+00   2.9000000e-05
   2.0995000e+00   1.4060000e+00   3.0000000e-05
   2.1095000e+00   1.4050000e+00   3.3000000e-05
   2.1195000e+00   1.4050000e+00   3.9000000e-05
   2.1295000e+00   1.4050000e+00   4.6000000e-05
   2.1395000e+00   1.4050000e+00   4.9000000e-05
   2.1495000e+00   1.4050000e+00   5.5000000e-05
   2.1595000e+00   1.4050000e+00   6.9000000e-05
   2.1695000e+00   1.4050000e+00   8.2000000e-05
   2.1795000e+00   1.4050000e+00   9.7000000e-05
   2.1895000e+00   1.4050000e+00   1.2100000e-04
   2.1995000e+00   1.4050000e+00   1.6200000e-04
   2.2095000e+00   1.4050000e+00   2.3100000e-04
   2.2195000e+00   1.4040000e+00   3.5200000e-04
   2.2295000e+00   1.4040000e+00   5.7800000e-04
   2.2395000e+00   1.4040000e+00   9.0600000e-04
   2.2495000e+00   1.4050000e+00   1.2150000e-03
   2.2595000e+00   1.4050000e+00   1.1680000e-03
   2.2695000e+00   1.4050000e+00   1.3400000e-03
   2.2795000e+00   1.4050000e+00   5.9500000e-04
   2.2895000e+00   1.4050000e+00   3.7100000e-04
   2.2995000e+00   1.4050000e+00   3.0700000e-04
   2.3095000e+00   1.4050000e+00   3.1500000e-04
   2.3195000e+00   1.4050000e+00   4.7400000e-04
   2.3295000e+00   1.4050000e+00   4.2600000e-04
   2.3395000e+00   1.4040000e+00   3.3000000e-04
   2.3495000e+00   1.4040000e+00   3.5000000e-04
   2.3595000e+00   1.4040000e+00   3.4900000e-04
   2.3695000e+00   1.4040000e+00   3.7800000e-04
   2.3795000e+00   1.4040000e+00   5.5800000e-04
   2.3895000e+00   1.4040000e+00   6.3700000e-04
   2.3995000e+00   1.4040000e+00   5.3800000e-04
   2.4095000e+00   1.4040000e+00   4.2200000e-04
   2.4195000e+00   1.4040000e+00   3.5600000e-04
   2.4295000e+00   1.4040000e+00   3.6500000e-04
   2.4395000e+00   1.4040000e+00   4.2100000e-04
   2.4495000e+00   1.4040000e+00   5.2900000e-04
   2.4595000e+00   1.4040000e+00   6.6700000e-04
   2.4695000e+00   1.4040000e+00   6.8700000e-04
   2.4795000e+00   1.4040000e+00   6.3200000e-04
   2.4895000e+00   1.4040000e+00   5.7400000e-04
   2.5000000e+00   1.3880000e+00   0.0000000e+00
   2.5063000e+00   1.3890000e+00   0.0000000e+00
   2.5189000e+00   1.3910000e+00   0.0000000e+00
   2.5253000e+00   1.3900000e+00   0.0000000e+00
   2.5381000e+00   1.3910000e+00   0.0000000e+00
   2.5510000e+00   1.3900000e+00   0.0000000e+00
   2.5641000e+00   1.3910000e+00   0.0000000e+00
   2.5707000e+00   1.3900000e+00   0.0000000e+00
   2.5773000e+00   1.3870000e+00   0.0000000e+00
   2.5907000e+00   1.3900000e+00   1.0000000e-03
   2.5974000e+00   1.3910000e+00   0.0000000e+00
   2.6110000e+00   1.3880000e+00   1.0000000e-03
   2.6178000e+00   1.3890000e+00   2.0000000e-03
   2.6316000e+00   1.3910000e+00   1.0000000e-03
   2.6385000e+00   1.3910000e+00   1.0000000e-03
   2.6455000e+00   1.3930000e+00   0.0000000e+00
   2.6596000e+00   1.3900000e+00   0.0000000e+00
   2.6738000e+00   1.3900000e+00   0.0000000e+00
   2.6810000e+00   1.3900000e+00   0.0000000e+00
   2.6882000e+00   1.3900000e+00   0.0000000e+00
   2.7027000e+00   1.3890000e+00   0.0000000e+00
   2.7100000e+00   1.3910000e+00   0.0000000e+00
   2.7248000e+00   1.3860000e+00   0.0000000e+00
   2.7322000e+00   1.3880000e+00   0.0000000e+00
   2.7397000e+00   1.3880000e+00   1.0000000e-03
   2.7473000e+00   1.3900000e+00   0.0000000e+00
   2.7624000e+00   1.3900000e+00   0.0000000e+00
   2.7701000e+00   1.3880000e+00   0.0000000e+00
   2.7778000e+00   1.3870000e+00   0.0000000e+00
   2.7855000e+00   1.3860000e+00   0.0000000e+00
   2.8011000e+00   1.3880000e+00   0.0000000e+00
   2.8090000e+00   1.3880000e+00   0.0000000e+00
   2.8169000e+00   1.3880000e+00   0.0000000e+00
   2.8329000e+00   1.3870000e+00   0.0000000e+00
   2.8409000e+00   1.3880000e+00   0.0000000e+00
   2.8490000e+00   1.3870000e+00   0.0000000e+00
   2.8571000e+00   1.3870000e+00   0.0000000e+00
   2.8653000e+00   1.3880000e+00   0.0000000e+00
   2.8818000e+00   1.3870000e+00   0.0000000e+00
   2.8902000e+00   1.3870000e+00   0.0000000e+00
   2.8986000e+00   1.3850000e+00   0.0000000e+00
   2.9070000e+00   1.3840000e+00   0.0000000e+00
   2.9240000e+00   1.3880000e+00   1.0000000e-03
   2.9326000e+00   1.3890000e+00   0.0000000e+00
   2.9412000e+00   1.3860000e+00   0.0000000e+00
   2.9499000e+00   1.3850000e+00   0.0000000e+00
   2.9586000e+00   1.3840000e+00   0.0000000e+00
   2.9674000e+00   1.3840000e+00   0.0000000e+00
   2.9762000e+00   1.3830000e+00   0.0000000e+00
   2.9940000e+00   1.3850000e+00   0.0000000e+00
   3.0030000e+00   1.3850000e+00   0.0000000e+00
   3.0120000e+00   1.3830000e+00   0.0000000e+00
   3.0211000e+00   1.3810000e+00   0.0000000e+00
   3.0303000e+00   1.3820000e+00   1.0000000e-03
   3.0395000e+00   1.3850000e+00   1.0000000e-03
   3.0488000e+00   1.3840000e+00   0.0000000e+00
   3.0581000e+00   1.3840000e+00   0.0000000e+00
   3.0675000e+00   1.3830000e+00   0.0000000e+00
   3.0769000e+00   1.3840000e+00   0.0000000e+00
   3.0864000e+00   1.3830000e+00   0.0000000e+00
   3.0960000e+00   1.3820000e+00   0.0000000e+00
   3.1056000e+00   1.3830000e+00   0.0000000e+00
   3.1153000e+00   1.3840000e+00   0.0000000e+00
   3.1348000e+00   1.3800000e+00   0.0000000e+00
   3.1447000e+00   1.3790000e+00   0.0000000e+00
   3.1546000e+00   1.3810000e+00   1.0000000e-03
   3.1646000e+00   1.3820000e+00   0.0000000e+00
   3.1746000e+00   1.3830000e+00   0.0000000e+00
   3.1847000e+00   1.3800000e+00   0.0000000e+00
   3.1949000e+00   1.3780000e+00   0.0000000e+00
   3.2051000e+00   1.3780000e+00   1.0000000e-03
   3.2154000e+00   1.3790000e+00   1.0000000e-03
   3.2258000e+00   1.3790000e+00   1.0000000e-03
   3.2362000e+00   1.3790000e+00   0.0000000e+00
   3.2468000e+00   1.3770000e+00   0.0000000e+00
   3.2573000e+00   1.3770000e+00   0.0000000e+00
   3.2680000e+00   1.3750000e+00   0.0000000e+00
   3.2787000e+00   1.3740000e+00   1.0000000e-03
   3.2895000e+00   1.3710000e+00   2.0000000e-03
   3.3003000e+00   1.3690000e+00   4.0000000e-03
   3.3113000e+00   1.3670000e+00   7.0000000e-03
   3.3223000e+00   1.3670000e+00   1.3000000e-02
   3.3333000e+00   1.3700000e+00   1.8000000e-02
   3.3445000e+00   1.3760000e+00   1.8000000e-02
   3.3557000e+00   1.3770000e+00   1.5000000e-02
   3.3670000e+00   1.3730000e+00   1.8000000e-02
   3.3784000e+00   1.3760000e+00   2.6000000e-02
   3.3898000e+00   1.3870000e+00   2.9000000e-02
   3.4014000e+00   1.3940000e+00   2.3000000e-02
   3.4130000e+00   1.3950000e+00   1.5000000e-02
   3.4247000e+00   1.3930000e+00   1.3000000e-02
   3.4364000e+00   1.3940000e+00   1.2000000e-02
   3.4483000e+00   1.3940000e+00   8.0000000e-03
   3.4602000e+00   1.3910000e+00   6.0000000e-03
   3.4722000e+00   1.3890000e+00   5.0000000e-03
   3.4843000e+00   1.3830000e+00   8.0000000e-03
   3.4965000e+00   1.3860000e+00   1.4000000e-02
   3.5088000e+00   1.3920000e+00   1.6000000e-02
   3.5211000e+00   1.4000000e+00   1.1000000e-02
   3.5336000e+00   1.3980000e+00   3.0000000e-03
   3.5461000e+00   1.3930000e+00   1.0000000e-03
   3.5587000e+00   1.3920000e+00   2.0000000e-03
   3.5714000e+00   1.3920000e+00   2.0000000e-03
   3.5842000e+00   1.3910000e+00   0.0000000e+00
   3.5971000e+00   1.3880000e+00   0.0000000e+00
   3.6101000e+00   1.3870000e+00   2.0000000e-03
   3.6232000e+00   1.3880000e+00   4.0000000e-03
   3.6364000e+00   1.3900000e+00   3.0000000e-03
   3.6496000e+00   1.3910000e+00   2.0000000e-03
   3.6630000e+00   1.3890000e+00   0.0000000e+00
   3.6765000e+00   1.3890000e+00   0.0000000e+00
   3.6900000e+00   1.3890000e+00   0.0000000e+00
   3.7037000e+00   1.3870000e+00   0.0000000e+00
   3.7175000e+00   1.3840000e+00   0.0000000e+00
   3.7313000e+00   1.3840000e+00   1.0000000e-03
   3.7453000e+00   1.3850000e+00   1.0000000e-03
   3.7594000e+00   1.3850000e+00   1.0000000e-03
   3.7736000e+00   1.3870000e+00   0.0000000e+00
   3.7879000e+00   1.3850000e+00   0.0000000e+00
   3.8023000e+00   1.3840000e+00   0.0000000e+00
   3.8168000e+00   1.3820000e+00   1.0000000e-03
   3.8314000e+00   1.3840000e+00   3.0000000e-03
   3.8462000e+00   1.3860000e+00   1.0000000e-03
   3.8610000e+00   1.3850000e+00   0.0000000e+00
   3.8760000e+00   1.3830000e+00   0.0000000e+00
   3.8911000e+00   1.3850000e+00   0.0000000e+00
   3.9063000e+00   1.3850000e+00   0.0000000e+00
   3.9216000e+00   1.3820000e+00   0.0000000e+00
   3.9370000e+00   1.3810000e+00   0.0000000e+00
   3.9526000e+00   1.3810000e+00   0.0000000e+00
   3.9683000e+00   1.3820000e+00   0.0000000e+00
   3.9841000e+00   1.3820000e+00   0.0000000e+00
   4.0000000e+00   1.3820000e+00   0.0000000e+00
   4.0161000e+00   1.3810000e+00   0.0000000e+00
   4.0323000e+00   1.3800000e+00   0.0000000e+00
   4.0486000e+00   1.3810000e+00   0.0000000e+00
   4.0650000e+00   1.3820000e+00   0.0000000e+00
   4.0816000e+00   1.3810000e+00   0.0000000e+00
   4.0984000e+00   1.3790000e+00   0.0000000e+00
   4.1152000e+00   1.3790000e+00   1.0000000e-03
   4.1322000e+00   1.3800000e+00   1.0000000e-03
   4.1494000e+00   1.3810000e+00   0.0000000e+00
   4.1667000e+00   1.3810000e+00   0.0000000e+00
   4.1841000e+00   1.3800000e+00   0.0000000e+00
   4.2017000e+00   1.3780000e+00   0.0000000e+00
   4.2194000e+00   1.3790000e+00   0.0000000e+00
   4.2373000e+00   1.3800000e+00   0.0000000e+00
   4.2553000e+00   1.3760000e+00   0.0000000e+00
   4.2735000e+00   1.3770000e+00   0.0000000e+00
   4.2918000e+00   1.3760000e+00   0.0000000e+00
   4.3103000e+00   1.3770000e+00   0.0000000e+00
   4.3290000e+00   1.3770000e+00   0.0000000e+00
   4.3478000e+00   1.3780000e+00   0.0000000e+00
   4.3668000e+00   1.3770000e+00   0.0000000e+00
   4.3860000e+00   1.3770000e+00   0.0000000e+00
   4.4053000e+00   1.3750000e+00   0.0000000e+00
   4.4248000e+00   1.3760000e+00   1.0000000e-03
   4.4444000e+00   1.3770000e+00   0.0000000e+00
   4.4643000e+00   1.3760000e+00   0.0000000e+00
   4.4843000e+00   1.3750000e+00   0.0000000e+00
   4.5045000e+00   1.3740000e+00   0.0000000e+00
   4.5249000e+00   1.3740000e+00   0.0000000e+00
   4.5455000e+00   1.3730000e+00   0.0000000e+00
   4.5662000e+00   1.3730000e+00   0.0000000e+00
   4.5872000e+00   1.3720000e+00   0.0000000e+00
   4.6083000e+00   1.3730000e+00   1.0000000e-03
   4.6296000e+00   1.3740000e+00   0.0000000e+00
   4.6512000e+00   1.3720000e+00   0.0000000e+00
   4.6729000e+00   1.3720000e+00   0.0000000e+00
   4.6948000e+00   1.3710000e+00   0.0000000e+00
   4.7170000e+00   1.3710000e+00   0.0000000e+00
   4.7393000e+00   1.3710000e+00   0.0000000e+00
   4.7619000e+00   1.3710000e+00   0.0000000e+00
   4.7847000e+00   1.3690000e+00   0.0000000e+00
   4.8077000e+00   1.3680000e+00   1.0000000e-03
   4.8309000e+00   1.3690000e+00   1.0000000e-03
   4.8544000e+00   1.3670000e+00   2.0000000e-03
   4.8780000e+00   1.3680000e+00   2.0000000e-03
   4.9020000e+00   1.3680000e+00   2.0000000e-03
   4.9260000e+00   1.3670000e+00   2.0000000e-03
   4.9505000e+00   1.3670000e+00   4.0000000e-03
   4.9751000e+00   1.3680000e+00   6.0000000e-03
   5.0000000e+00   1.3700000e+00   5.0000000e-03
   5.0251000e+00   1.3700000e+00   3.0000000e-03
   5.0505000e+00   1.3680000e+00   3.0000000e-03
   5.0761000e+00   1.3690000e+00   4.0000000e-03
   5.1020000e+00   1.3700000e+00   3.0000000e-03
   5.1282000e+00   1.3690000e+00   1.0000000e-03
   5.1546000e+00   1.3680000e+00   1.0000000e-03
   5.1813000e+00   1.3670000e+00   2.0000000e-03
   5.2083000e+00   1.3680000e+00   1.0000000e-03
   5.2356000e+00   1.3670000e+00   0.0000000e+00
   5.2632000e+00   1.3640000e+00   0.0000000e+00
   5.2910000e+00   1.3630000e+00   0.0000000e+00
   5.3191000e+00   1.3630000e+00   3.0000000e-03
   5.3476000e+00   1.3630000e+00   3.0000000e-03
   5.3763000e+00   1.3640000e+00   4.0000000e-03
   5.4054000e+00   1.3650000e+00   3.0000000e-03
   5.4348000e+00   1.3650000e+00   2.0000000e-03
   5.4645000e+00   1.3640000e+00   2.0000000e-03
   5.4945000e+00   1.3630000e+00   2.0000000e-03
   5.5249000e+00   1.3640000e+00   1.0000000e-03
   5.5556000e+00   1.3630000e+00   0.0000000e+00
   5.5866000e+00   1.3620000e+00   0.0000000e+00
   5.6180000e+00   1.3600000e+00   0.0000000e+00
   5.6497000e+00   1.3570000e+00   0.0000000e+00
   5.6818000e+00   1.3560000e+00   0.0000000e+00
   5.7143000e+00   1.3570000e+00   2.0000000e-03
   5.7471000e+00   1.3570000e+00   1.0000000e-03
   5.7803000e+00   1.3560000e+00   1.0000000e-03
   5.8140000e+00   1.3560000e+00   0.0000000e+00
   5.8480000e+00   1.3560000e+00   0.0000000e+00
   5.8824000e+00   1.3550000e+00   0.0000000e+00
   5.9172000e+00   1.3520000e+00   0.0000000e+00
   5.9524000e+00   1.3500000e+00   0.0000000e+00
   5.9880000e+00   1.3470000e+00   0.0000000e+00
   6.0241000e+00   1.3470000e+00   0.0000000e+00
   6.0606000e+00   1.3460000e+00   1.0000000e-03
   6.0976000e+00   1.3460000e+00   1.0000000e-03
   6.1350000e+00   1.3450000e+00   1.0000000e-03
   6.1728000e+00   1.3440000e+00   1.0000000e-03
   6.2112000e+00   1.3430000e+00   1.0000000e-03
   6.2500000e+00   1.3420000e+00   0.0000000e+00
   6.2893000e+00   1.3380000e+00   0.0000000e+00
   6.3291000e+00   1.3360000e+00   1.0000000e-03
   6.3694000e+00   1.3360000e+00   3.0000000e-03
   6.4103000e+00   1.3350000e+00   2.0000000e-03
   6.4516000e+00   1.3330000e+00   1.0000000e-03
   6.4935000e+00   1.3290000e+00   0.0000000e+00
   6.5359000e+00   1.3250000e+00   2.0000000e-03
   6.5789000e+00   1.3230000e+00   3.0000000e-03
   6.6225000e+00   1.3180000e+00   5.0000000e-03
   6.6667000e+00   1.3130000e+00   8.0000000e-03
   6.7114000e+00   1.3080000e+00   1.3000000e-02
   6.7568000e+00   1.3060000e+00   2.3000000e-02
   6.8027000e+00   1.3120000e+00   3.3000000e-02
   6.8493000e+00   1.3230000e+00   3.6000000e-02
   6.8966000e+00   1.3310000e+00   2.8000000e-02
   6.9444000e+00   1.3320000e+00   1.9000000e-02
   6.9930000e+00   1.3230000e+00   1.7000000e-02
   7.0423000e+00   1.3210000e+00   2.6000000e-02
   7.0922000e+00   1.3260000e+00   8.0000000e-03
   7.1429000e+00   1.3110000e+00   0.0000000e+00
   7.1942000e+00   1.3050000e+00   8.0000000e-03
   7.2464000e+00   1.2970000e+00   3.0000000e-03
   7.2993000e+00   1.2870000e+00   1.0000000e-03
   7.3529000e+00   1.2750000e+00   1.0000000e-02
   7.4074000e+00   1.2600000e+00   0.0000000e+00
   7.4627000e+00   1.2380000e+00   5.0000000e-03
   7.5188000e+00   1.2040000e+00   1.9000000e-02
   7.5758000e+00   1.1910000e+00   9.7000000e-02
   7.6336000e+00   1.3060000e+00   1.3100000e-01
   7.6923000e+00   1.2800000e+00   2.8000000e-02
   7.7519000e+00   1.2240000e+00   2.5000000e-02
   7.8125000e+00   1.1500000e+00   3.2000000e-02
   7.8740000e+00   1.0360000e+00   1.3000000e-01
   7.9365000e+00   1.1160000e+00   3.8000000e-01
   8.0000000e+00   1.3010000e+00   4.4400000e-01
   8.0645000e+00   1.5880000e+00   3.6100000e-01
   8.1301000e+00   1.5580000e+00   1.0400000e-01
   8.1967000e+00   1.4550000e+00   4.3000000e-02
   8.2645000e+00   1.3930000e+00   4.0000000e-02
   8.3333000e+00   1.3520000e+00   4.5000000e-02
   8.4034000e+00   1.3360000e+00   9.5000000e-02
   8.4746000e+00   1.3840000e+00   9.5000000e-02
   8.5470000e+00   1.3850000e+00   5.0000000e-02
   8.6207000e+00   1.3600000e+00   3.5000000e-02
   8.6957000e+00   1.3320000e+00   1.8000000e-02
   8.7719000e+00   1.3010000e+00   2.4000000e-02
   8.8496000e+00   1.2800000e+00   1.9000000e-02
   8.9286000e+00   1.2510000e+00   2.0000000e-02
   9.0090000e+00   1.2150000e+00   3.1000000e-02
   9.0909000e+00   1.1740000e+00   3.5000000e-02
   9.1743000e+00   1.1030000e+00   6.1000000e-02
   9.2593000e+00   1.0070000e+00   1.1900000e-01
   9.3458000e+00   9.1400000e-01   3.5700000e-01
   9.4340000e+00   1.1350000e+00   5.7300000e-01
   9.5238000e+00   1.2520000e+00   4.9300000e-01
   9.6154000e+00   1.2470000e+00   6.7300000e-01
   9.7087000e+00   1.6560000e+00   8.1300000e-01
   9.8039000e+00   1.9480000e+00   4.2100000e-01
   9.9010000e+00   1.8200000e+00   1.4400000e-01
   1.0000000e+01   1.6950000e+00   6.6000000e-02
   1.0101000e+01   1.6180000e+00   4.2000000e-02
   1.0204100e+01   1.5600000e+00   3.0000000e-02
   1.0309300e+01   1.5200000e+00   2.3000000e-02
   1.0416700e+01   1.4840000e+00   2.1000000e-02
   1.0526300e+01   1.4340000e+00   2.2000000e-02
   1.0638300e+01   1.3860000e+00   3.1000000e-02
   1.0752700e+01   1.3060000e+00   8.2000000e-02
   1.0869600e+01   1.3040000e+00   2.6500000e-01
   1.0989000e+01   1.5150000e+00   3.1700000e-01
   1.1111100e+01   1.5690000e+00   2.1000000e-01
   1.1236000e+01   1.6240000e+00   1.3000000e-01
   1.1363600e+01   1.5630000e+00   4.4000000e-02
   1.1494300e+01   1.5180000e+00   2.4000000e-02
   1.1627900e+01   1.4700000e+00   2.4000000e-02
   1.1764700e+01   1.4280000e+00   2.1000000e-02
   1.1904800e+01   1.3670000e+00   3.4000000e-02
   1.2048200e+01   1.2470000e+00   1.2200000e-01
   1.2195100e+01   1.4040000e+00   4.3500000e-01
   1.2345700e+01   1.6470000e+00   1.6100000e-01
   1.2500000e+01   1.4810000e+00   9.8000000e-02
   1.2658200e+01   1.4760000e+00   2.9400000e-01
   1.2820500e+01   1.7120000e+00   1.3400000e-01
   1.2987000e+01   1.6230000e+00   3.7000000e-02
   1.3157900e+01   1.5760000e+00   1.6000000e-02
   1.3333300e+01   1.5450000e+00   1.5000000e-02
   1.3513500e+01   1.5240000e+00   1.2000000e-02
   1.3698600e+01   1.4950000e+00   1.2000000e-02
   1.3888900e+01   1.4590000e+00   3.9000000e-02
   1.4084500e+01   1.5500000e+00   1.0500000e-01
   1.4285700e+01   1.5410000e+00   3.0000000e-02
   1.4492800e+01   1.5230000e+00   1.4000000e-02
   1.4705900e+01   1.5090000e+00   1.2000000e-02
   1.4925400e+01   1.5050000e+00   9.0000000e-03
   1.5151500e+01   1.4900000e+00   5.0000000e-03
   1.5384600e+01   1.4860000e+00   5.0000000e-03
   1.5625000e+01   1.4780000e+00   7.0000000e-03
   1.5873000e+01   1.4780000e+00   6.0000000e-03
   1.6129000e+01   1.4780000e+00   6.0000000e-03
   1.6393400e+01   1.4630000e+00   4.0000000e-03
   1.6666700e+01   1.4630000e+00   4.0000000e-03
   1.6949200e+01   1.4530000e+00   0.0000000e+00
   1.7241400e+01   1.4460000e+00   0.0000000e+00
   1.7543900e+01   1.4380000e+00   0.0000000e+00
   1.7857100e+01   1.4330000e+00   0.0000000e+00
   1.8181800e+01   1.4190000e+00   2.0000000e-03
   1.8518500e+01   1.4100000e+00   3.0000000e-03
   1.8867900e+01   1.3810000e+00   7.0000000e-03
   1.9230800e+01   1.3490000e+00   1.2000000e-02
   1.9607800e+01   1.2880000e+00   1.0500000e-01
   2.0000000e+01   1.4550000e+00   2.6900000e-01
   2.0408200e+01   1.5150000e+00   7.4000000e-02
   2.0833300e+01   1.4580000e+00   6.1000000e-02
   2.1276600e+01   1.4610000e+00   9.9000000e-02
   2.1739100e+01   1.4950000e+00   7.5000000e-02
   2.2222200e+01   1.4840000e+00   5.3000000e-02
   2.2727300e+01   1.4720000e+00   3.4000000e-02
   2.3255600e+01   1.4370000e+00   3.5000000e-02
   2.3809500e+01   1.3930000e+00   1.0900000e-01
   2.4390200e+01   1.5200000e+00   1.2600000e-01
   2.5000000e+01   1.5270000e+00   1.1100000e-01
   2.5641000e+01   1.5500000e+00   4.9000000e-02
   2.6315800e+01   1.5240000e+00   1.6000000e-02
   2.7027000e+01   1.5020000e+00   6.0000000e-03
   2.7777800e+01   1.4830000e+00   2.0000000e-03
   2.8571400e+01   1.4700000e+00   4.0000000e-03
   2.9411800e+01   1.4560000e+00   7.0000000e-03
   3.0303000e+01   1.4370000e+00   1.7000000e-02
   3.1250000e+01   1.4240000e+00   4.4000000e-02
   3.2258100e+01   1.4550000e+00   8.6000000e-02
   3.3333300e+01   1.5030000e+00   6.2000000e-02
   3.4482800e+01   1.4960000e+00   2.8000000e-02
   3.5714300e+01   1.4800000e+00   1.6000000e-02
   3.7037000e+01   1.4600000e+00   1.4000000e-02
   3.8461500e+01   1.4470000e+00   1.9000000e-02
   4.0000000e+01   1.4340000e+00   3.3000000e-02
   4.1666700e+01   1.4300000e+00   4.7000000e-02
   4.3478300e+01   1.4370000e+00   7.5000000e-02
   4.5454500e+01   1.4570000e+00   9.4000000e-02
   4.7619000e+01   1.4710000e+00   1.0200000e-01
   5.0000000e+01   1.5080000e+00   9.5000000e-02
   5.2631600e+01   1.5300000e+00   4.5000000e-02
   5.5555600e+01   1.5040000e+00   4.4000000e-02
