   2.1000000e-01   1.1410000e+00   1.3050000e+00
   2.2000000e-01   1.1250000e+00   1.3470000e+00
   2.3000000e-01   1.1100000e+00   1.4080000e+00
   2.4000000e-01   1.1040000e+00   1.4800000e+00
   2.5000000e-01   1.1090000e+00   1.5530000e+00
   2.6000000e-01   1.1170000e+00   1.6210000e+00
   2.7000000e-01   1.1270000e+00   1.6900000e+00
   2.8000000e-01   1.1340000e+00   1.7570000e+00
   2.9000000e-01   1.1420000e+00   1.8290000e+00
   3.0000000e-01   1.1550000e+00   1.9020000e+00
   3.1000000e-01   1.1640000e+00   1.9760000e+00
   3.2000000e-01   1.1790000e+00   2.0610000e+00
   3.3000000e-01   1.2070000e+00   2.1410000e+00
   3.4000000e-01   1.2340000e+00   2.2170000e+00
   3.5000000e-01   1.2620000e+00   2.2950000e+00
   3.6000000e-01   1.2960000e+00   2.3750000e+00
   3.7000000e-01   1.3390000e+00   2.4540000e+00
   3.8000000e-01   1.3900000e+00   2.5260000e+00
   3.9000000e-01   1.4420000e+00   2.5880000e+00
   4.0000000e-01   1.4920000e+00   2.6440000e+00
   4.1000000e-01   1.5380000e+00   2.6980000e+00
   4.2000000e-01   1.5830000e+00   2.7530000e+00
   4.3000000e-01   1.6310000e+00   2.8060000e+00
   4.4000000e-01   1.6820000e+00   2.8580000e+00
   4.5000000e-01   1.7360000e+00   2.9060000e+00
   4.6000000e-01   1.7900000e+00   2.9490000e+00
   4.7000000e-01   1.8460000e+00   2.9890000e+00
   4.8000000e-01   1.9030000e+00   3.0190000e+00
   4.9000000e-01   1.9520000e+00   3.0430000e+00
   5.0000000e-01   1.9960000e+00   3.0670000e+00
   5.1000000e-01   2.0390000e+00   3.0910000e+00
   5.2000000e-01   2.0800000e+00   3.1130000e+00
   5.3000000e-01   2.1190000e+00   3.1340000e+00
   5.4000000e-01   2.1560000e+00   3.1530000e+00
   5.5000000e-01   2.1890000e+00   3.1710000e+00
   5.6000000e-01   2.2190000e+00   3.1900000e+00
   5.7000000e-01   2.2520000e+00   3.2100000e+00
   5.8000000e-01   2.2810000e+00   3.2230000e+00
   5.9000000e-01   2.3050000e+00   3.2410000e+00
   6.0000000e-01   2.3280000e+00   3.2590000e+00
   6.1000000e-01   2.3500000e+00   3.2770000e+00
   6.2000000e-01   2.3700000e+00   3.2970000e+00
   6.3000000e-01   2.3910000e+00   3.3170000e+00
   6.4000000e-01   2.4080000e+00   3.3360000e+00
   6.5000000e-01   2.4270000e+00   3.3610000e+00
   6.6000000e-01   2.4480000e+00   3.3830000e+00
   6.7000000e-01   2.4680000e+00   3.4040000e+00
   6.8000000e-01   2.4860000e+00   3.4230000e+00
   6.9000000e-01   2.5030000e+00   3.4430000e+00
   7.0000000e-01   2.5190000e+00   3.4630000e+00
   7.1000000e-01   2.5330000e+00   3.4850000e+00
   7.2000000e-01   2.5490000e+00   3.5070000e+00
   7.3000000e-01   2.5640000e+00   3.5270000e+00
   7.4000000e-01   2.5770000e+00   3.5490000e+00
   7.5000000e-01   2.5870000e+00   3.5690000e+00
   7.6000000e-01   2.5970000e+00   3.5950000e+00
   7.7000000e-01   2.6110000e+00   3.6190000e+00
   7.8000000e-01   2.6230000e+00   3.6420000e+00
   7.9000000e-01   2.6330000e+00   3.6690000e+00
   8.0000000e-01   2.6490000e+00   3.6930000e+00
   8.1000000e-01   2.6570000e+00   3.7140000e+00
   8.2000000e-01   2.6660000e+00   3.7410000e+00
   8.3000000e-01   2.6780000e+00   3.7690000e+00
   8.4000000e-01   2.6890000e+00   3.7950000e+00
   8.5000000e-01   2.7000000e+00   3.8220000e+00
   8.6000000e-01   2.7130000e+00   3.8520000e+00
   8.7000000e-01   2.7290000e+00   3.8790000e+00
   8.8000000e-01   2.7420000e+00   3.9030000e+00
   8.9000000e-01   2.7570000e+00   3.9260000e+00
   9.0000000e-01   2.7660000e+00   3.9480000e+00
   9.1000000e-01   2.7770000e+00   3.9760000e+00
   9.2000000e-01   2.7900000e+00   4.0010000e+00
   9.3000000e-01   2.8020000e+00   4.0260000e+00
   9.4000000e-01   2.8120000e+00   4.0470000e+00
   9.5000000e-01   2.8210000e+00   4.0750000e+00
   9.6000000e-01   2.8360000e+00   4.0990000e+00
   9.7000000e-01   2.8450000e+00   4.1220000e+00
   9.8000000e-01   2.8570000e+00   4.1450000e+00
   9.9000000e-01   2.8630000e+00   4.1640000e+00
   1.0000000e+00   2.8680000e+00   4.1920000e+00
   1.0100000e+00   2.8770000e+00   4.2160000e+00
   1.0200000e+00   2.8830000e+00   4.2430000e+00
   1.0300000e+00   2.8910000e+00   4.2700000e+00
   1.0400000e+00   2.8990000e+00   4.2990000e+00
   1.0500000e+00   2.9100000e+00   4.3250000e+00
   1.0600000e+00   2.9180000e+00   4.3500000e+00
   1.0700000e+00   2.9270000e+00   4.3770000e+00
   1.0800000e+00   2.9370000e+00   4.4050000e+00
   1.0900000e+00   2.9480000e+00   4.4310000e+00
   1.1000000e+00   2.9570000e+00   4.4540000e+00
   1.1100000e+00   2.9650000e+00   4.4790000e+00
   1.1200000e+00   2.9720000e+00   4.5030000e+00
   1.1300000e+00   2.9800000e+00   4.5300000e+00
   1.1400000e+00   2.9870000e+00   4.5560000e+00
   1.1500000e+00   2.9960000e+00   4.5810000e+00
   1.1600000e+00   3.0020000e+00   4.6050000e+00
   1.1700000e+00   3.0090000e+00   4.6320000e+00
   1.1800000e+00   3.0160000e+00   4.6560000e+00
   1.1900000e+00   3.0280000e+00   4.6810000e+00
   1.2000000e+00   3.0220000e+00   4.6990000e+00
   1.2100000e+00   3.0180000e+00   4.7430000e+00
   1.2200000e+00   3.0360000e+00   4.7730000e+00
   1.2300000e+00   3.0460000e+00   4.8000000e+00
   1.2400000e+00   3.0560000e+00   4.8270000e+00
   1.2500000e+00   3.0640000e+00   4.8520000e+00
   1.2600000e+00   3.0710000e+00   4.8800000e+00
   1.2700000e+00   3.0830000e+00   4.9080000e+00
   1.2800000e+00   3.0910000e+00   4.9310000e+00
   1.2900000e+00   3.0960000e+00   4.9570000e+00
   1.3000000e+00   3.1050000e+00   4.9850000e+00
   1.3100000e+00   3.1140000e+00   5.0080000e+00
   1.3200000e+00   3.1180000e+00   5.0340000e+00
   1.3300000e+00   3.1250000e+00   5.0610000e+00
   1.3400000e+00   3.1350000e+00   5.0860000e+00
   1.3500000e+00   3.1410000e+00   5.1090000e+00
   1.3600000e+00   3.1450000e+00   5.1330000e+00
   1.3700000e+00   3.1480000e+00   5.1590000e+00
   1.3800000e+00   3.1510000e+00   5.1880000e+00
   1.3900000e+00   3.1560000e+00   5.2170000e+00
   1.4000000e+00   3.1620000e+00   5.2460000e+00
   1.4100000e+00   3.1700000e+00   5.2730000e+00
   1.4200000e+00   3.1760000e+00   5.3000000e+00
   1.4300000e+00   3.1810000e+00   5.3270000e+00
   1.4400000e+00   3.1860000e+00   5.3550000e+00
   1.4500000e+00   3.1940000e+00   5.3850000e+00
   1.4600000e+00   3.2010000e+00   5.4100000e+00
   1.4700000e+00   3.2050000e+00   5.4380000e+00
   1.4800000e+00   3.2120000e+00   5.4690000e+00
   1.4900000e+00   3.2210000e+00   5.4960000e+00
   1.5000000e+00   3.2290000e+00   5.5220000e+00
   1.5100000e+00   3.2340000e+00   5.5490000e+00
   1.5200000e+00   3.2420000e+00   5.5780000e+00
   1.5300000e+00   3.2510000e+00   5.6000000e+00
   1.5400000e+00   3.2530000e+00   5.6270000e+00
   1.5500000e+00   3.2600000e+00   5.6570000e+00
   1.5600000e+00   3.2700000e+00   5.6830000e+00
   1.5700000e+00   3.2750000e+00   5.7070000e+00
   1.5800000e+00   3.2810000e+00   5.7330000e+00
   1.5900000e+00   3.2860000e+00   5.7590000e+00
   1.6000000e+00   3.2940000e+00   5.7840000e+00
   1.6100000e+00   3.2960000e+00   5.8090000e+00
   1.6200000e+00   3.3010000e+00   5.8370000e+00
   1.6300000e+00   3.3070000e+00   5.8630000e+00
   1.6400000e+00   3.3110000e+00   5.8890000e+00
   1.6500000e+00   3.3150000e+00   5.9150000e+00
   1.6600000e+00   3.3180000e+00   5.9410000e+00
   1.6700000e+00   3.3230000e+00   5.9700000e+00
   1.6800000e+00   3.3260000e+00   5.9960000e+00
   1.6900000e+00   3.3290000e+00   6.0270000e+00
   1.7000000e+00   3.3350000e+00   6.0520000e+00
   1.7100000e+00   3.3380000e+00   6.0800000e+00
   1.7200000e+00   3.3430000e+00   6.1090000e+00
   1.7300000e+00   3.3470000e+00   6.1360000e+00
   1.7400000e+00   3.3510000e+00   6.1670000e+00
   1.7500000e+00   3.3560000e+00   6.1960000e+00
   1.7600000e+00   3.3630000e+00   6.2240000e+00
   1.7700000e+00   3.3670000e+00   6.2510000e+00
   1.7800000e+00   3.3700000e+00   6.2810000e+00
   1.7900000e+00   3.3760000e+00   6.3110000e+00
   1.8000000e+00   3.3820000e+00   6.3420000e+00
   1.8100000e+00   3.3920000e+00   6.3700000e+00
   1.8200000e+00   3.3970000e+00   6.3960000e+00
   1.8300000e+00   3.4020000e+00   6.4240000e+00
   1.8400000e+00   3.4060000e+00   6.4540000e+00
   1.8500000e+00   3.4140000e+00   6.4860000e+00
   1.8600000e+00   3.4280000e+00   6.5110000e+00
   1.8700000e+00   3.4310000e+00   6.5340000e+00
   1.8800000e+00   3.4380000e+00   6.5610000e+00
   1.8900000e+00   3.4420000e+00   6.5860000e+00
   1.9000000e+00   3.4470000e+00   6.6120000e+00
   1.9100000e+00   3.4500000e+00   6.6360000e+00
   1.9200000e+00   3.4490000e+00   6.6670000e+00
   1.9300000e+00   3.4560000e+00   6.6990000e+00
   1.9400000e+00   3.4630000e+00   6.7280000e+00
   1.9500000e+00   3.4700000e+00   6.7550000e+00
   1.9600000e+00   3.4780000e+00   6.7820000e+00
   1.9700000e+00   3.4840000e+00   6.8060000e+00
   1.9800000e+00   3.4870000e+00   6.8310000e+00
   1.9900000e+00   3.4940000e+00   6.8550000e+00
   2.0000000e+00   3.4830000e+00   6.8790000e+00
   2.0100000e+00   3.4830000e+00   6.9270000e+00
   2.0200000e+00   3.5000000e+00   6.9560000e+00
   2.0300000e+00   3.5070000e+00   6.9810000e+00
   2.0400000e+00   3.5120000e+00   7.0120000e+00
   2.0500000e+00   3.5220000e+00   7.0420000e+00
   2.0600000e+00   3.5310000e+00   7.0680000e+00
   2.0700000e+00   3.5380000e+00   7.0940000e+00
   2.0800000e+00   3.5420000e+00   7.1200000e+00
   2.0900000e+00   3.5500000e+00   7.1510000e+00
   2.1000000e+00   3.5590000e+00   7.1750000e+00
   2.1100000e+00   3.5630000e+00   7.1990000e+00
   2.1200000e+00   3.5690000e+00   7.2270000e+00
   2.1300000e+00   3.5720000e+00   7.2540000e+00
   2.1400000e+00   3.5780000e+00   7.2910000e+00
   2.1500000e+00   3.5830000e+00   7.3090000e+00
   2.1600000e+00   3.5890000e+00   7.3380000e+00
   2.1700000e+00   3.5980000e+00   7.3660000e+00
   2.1800000e+00   3.6060000e+00   7.3900000e+00
   2.1900000e+00   3.6110000e+00   7.4150000e+00
   2.2000000e+00   3.6160000e+00   7.4400000e+00
   2.2100000e+00   3.6210000e+00   7.4660000e+00
   2.2200000e+00   3.6240000e+00   7.4910000e+00
   2.2300000e+00   3.6260000e+00   7.5190000e+00
   2.2400000e+00   3.6320000e+00   7.5480000e+00
   2.2500000e+00   3.6400000e+00   7.5730000e+00
   2.2600000e+00   3.6440000e+00   7.5990000e+00
   2.2700000e+00   3.6470000e+00   7.6260000e+00
   2.2800000e+00   3.6540000e+00   7.6520000e+00
   2.2900000e+00   3.6560000e+00   7.6770000e+00
   2.3000000e+00   3.6600000e+00   7.7050000e+00
   2.3100000e+00   3.6620000e+00   7.7320000e+00
   2.3200000e+00   3.6650000e+00   7.7630000e+00
   2.3300000e+00   3.6710000e+00   7.7900000e+00
   2.3400000e+00   3.6740000e+00   7.8200000e+00
   2.3500000e+00   3.6800000e+00   7.8490000e+00
   2.3600000e+00   3.6890000e+00   7.8770000e+00
   2.3700000e+00   3.6910000e+00   7.9030000e+00
   2.3800000e+00   3.6960000e+00   7.9360000e+00
   2.3900000e+00   3.7050000e+00   7.9660000e+00
   2.4000000e+00   3.7150000e+00   7.9910000e+00
   2.4100000e+00   3.7200000e+00   8.0140000e+00
   2.4200000e+00   3.7230000e+00   8.0420000e+00
   2.4300000e+00   3.7300000e+00   8.0710000e+00
   2.4400000e+00   3.7380000e+00   8.0950000e+00
   2.4500000e+00   3.7410000e+00   8.1200000e+00
   2.4600000e+00   3.7410000e+00   8.1490000e+00
   2.4700000e+00   3.7440000e+00   8.1830000e+00
   2.4800000e+00   3.7520000e+00   8.2160000e+00
   2.4900000e+00   3.7630000e+00   8.2470000e+00
   2.5063000e+00   3.7890000e+00   8.2940000e+00
   2.5126000e+00   3.7970000e+00   8.3070000e+00
   2.5189000e+00   3.8050000e+00   8.3200000e+00
   2.5253000e+00   3.8110000e+00   8.3330000e+00
   2.5316000e+00   3.8160000e+00   8.3460000e+00
   2.5381000e+00   3.8210000e+00   8.3580000e+00
   2.5445000e+00   3.8250000e+00   8.3720000e+00
   2.5510000e+00   3.8290000e+00   8.3850000e+00
   2.5575000e+00   3.8320000e+00   8.3980000e+00
   2.5641000e+00   3.8350000e+00   8.4120000e+00
   2.5707000e+00   3.8370000e+00   8.4260000e+00
   2.5773000e+00   3.8390000e+00   8.4400000e+00
   2.5840000e+00   3.8400000e+00   8.4550000e+00
   2.5907000e+00   3.8420000e+00   8.4700000e+00
   2.5974000e+00   3.8430000e+00   8.4850000e+00
   2.6042000e+00   3.8440000e+00   8.5020000e+00
   2.6110000e+00   3.8450000e+00   8.5180000e+00
   2.6178000e+00   3.8460000e+00   8.5350000e+00
   2.6247000e+00   3.8480000e+00   8.5530000e+00
   2.6316000e+00   3.8500000e+00   8.5700000e+00
   2.6385000e+00   3.8510000e+00   8.5880000e+00
   2.6455000e+00   3.8530000e+00   8.6060000e+00
   2.6525000e+00   3.8550000e+00   8.6240000e+00
   2.6596000e+00   3.8570000e+00   8.6420000e+00
   2.6667000e+00   3.8590000e+00   8.6600000e+00
   2.6738000e+00   3.8610000e+00   8.6790000e+00
   2.6810000e+00   3.8630000e+00   8.6970000e+00
   2.6882000e+00   3.8650000e+00   8.7160000e+00
   2.6954000e+00   3.8660000e+00   8.7350000e+00
   2.7027000e+00   3.8680000e+00   8.7540000e+00
   2.7100000e+00   3.8700000e+00   8.7740000e+00
   2.7174000e+00   3.8730000e+00   8.7940000e+00
   2.7248000e+00   3.8750000e+00   8.8140000e+00
   2.7322000e+00   3.8770000e+00   8.8340000e+00
   2.7397000e+00   3.8800000e+00   8.8540000e+00
   2.7473000e+00   3.8820000e+00   8.8740000e+00
   2.7548000e+00   3.8850000e+00   8.8950000e+00
   2.7624000e+00   3.8880000e+00   8.9150000e+00
   2.7701000e+00   3.8910000e+00   8.9360000e+00
   2.7778000e+00   3.8940000e+00   8.9570000e+00
   2.7855000e+00   3.8970000e+00   8.9780000e+00
   2.7933000e+00   3.9010000e+00   8.9990000e+00
   2.8011000e+00   3.9040000e+00   9.0200000e+00
   2.8090000e+00   3.9080000e+00   9.0410000e+00
   2.8169000e+00   3.9120000e+00   9.0620000e+00
   2.8249000e+00   3.9160000e+00   9.0830000e+00
   2.8329000e+00   3.9190000e+00   9.1040000e+00
   2.8409000e+00   3.9230000e+00   9.1250000e+00
   2.8490000e+00   3.9260000e+00   9.1460000e+00
   2.8571000e+00   3.9300000e+00   9.1670000e+00
   2.8653000e+00   3.9340000e+00   9.1890000e+00
   2.8736000e+00   3.9380000e+00   9.2110000e+00
   2.8818000e+00   3.9420000e+00   9.2320000e+00
   2.8902000e+00   3.9460000e+00   9.2540000e+00
   2.8986000e+00   3.9500000e+00   9.2750000e+00
   2.9070000e+00   3.9540000e+00   9.2960000e+00
   2.9155000e+00   3.9580000e+00   9.3180000e+00
   2.9240000e+00   3.9610000e+00   9.3400000e+00
   2.9326000e+00   3.9650000e+00   9.3620000e+00
   2.9412000e+00   3.9700000e+00   9.3830000e+00
   2.9499000e+00   3.9730000e+00   9.4050000e+00
   2.9586000e+00   3.9770000e+00   9.4260000e+00
   2.9674000e+00   3.9810000e+00   9.4480000e+00
   2.9762000e+00   3.9850000e+00   9.4710000e+00
   2.9851000e+00   3.9890000e+00   9.4930000e+00
   2.9940000e+00   3.9930000e+00   9.5140000e+00
   3.0030000e+00   3.9960000e+00   9.5360000e+00
   3.0120000e+00   4.0000000e+00   9.5580000e+00
   3.0211000e+00   4.0030000e+00   9.5800000e+00
   3.0303000e+00   4.0060000e+00   9.6020000e+00
   3.0395000e+00   4.0080000e+00   9.6240000e+00
   3.0488000e+00   4.0110000e+00   9.6470000e+00
   3.0581000e+00   4.0130000e+00   9.6700000e+00
   3.0675000e+00   4.0150000e+00   9.6930000e+00
   3.0769000e+00   4.0180000e+00   9.7170000e+00
   3.0864000e+00   4.0200000e+00   9.7410000e+00
   3.0960000e+00   4.0230000e+00   9.7650000e+00
   3.1056000e+00   4.0260000e+00   9.7890000e+00
   3.1153000e+00   4.0280000e+00   9.8120000e+00
   3.1250000e+00   4.0310000e+00   9.8360000e+00
   3.1348000e+00   4.0330000e+00   9.8600000e+00
   3.1447000e+00   4.0340000e+00   9.8650000e+00
   3.1546000e+00   4.0360000e+00   9.9100000e+00
   3.1646000e+00   4.0380000e+00   9.9360000e+00
   3.1746000e+00   4.0400000e+00   9.9620000e+00
   3.1847000e+00   4.0420000e+00   9.9880000e+00
   3.1949000e+00   4.0440000e+00   1.0014000e+01
   3.2051000e+00   4.0460000e+00   1.0040000e+01
   3.2154000e+00   4.0480000e+00   1.0067000e+01
   3.2258000e+00   4.0510000e+00   1.0094000e+01
   3.2362000e+00   4.0520000e+00   1.0121000e+01
   3.2468000e+00   4.0540000e+00   1.0100000e+01
   3.2573000e+00   4.0570000e+00   1.0177000e+01
   3.2680000e+00   4.0590000e+00   1.0205000e+01
   3.2787000e+00   4.0620000e+00   1.0233000e+01
   3.2895000e+00   4.0650000e+00   1.0262000e+01
   3.3003000e+00   4.0680000e+00   1.0291000e+01
   3.3113000e+00   4.0710000e+00   1.0320000e+01
   3.3223000e+00   4.0750000e+00   1.0349000e+01
   3.3333000e+00   4.0790000e+00   1.0377000e+01
   3.3445000e+00   4.0820000e+00   1.0406000e+01
   3.3557000e+00   4.0860000e+00   1.0435000e+01
   3.3670000e+00   4.0890000e+00   1.0463000e+01
   3.3784000e+00   4.0920000e+00   1.0492000e+01
   3.3898000e+00   4.0960000e+00   1.0522000e+01
   3.4014000e+00   4.0990000e+00   1.0551000e+01
   3.4130000e+00   4.1020000e+00   1.0581000e+01
   3.4247000e+00   4.1060000e+00   1.0610000e+01
   3.4364000e+00   4.1090000e+00   1.0640000e+01
   3.4483000e+00   4.1130000e+00   1.0670000e+01
   3.4602000e+00   4.1160000e+00   1.0699000e+01
   3.4722000e+00   4.1190000e+00   1.0729000e+01
   3.4843000e+00   4.1220000e+00   1.0759000e+01
   3.4965000e+00   4.1250000e+00   1.0789000e+01
   3.5088000e+00   4.1280000e+00   1.0819000e+01
   3.5211000e+00   4.1310000e+00   1.0849000e+01
   3.5336000e+00   4.1320000e+00   1.0879000e+01
   3.5461000e+00   4.1340000e+00   1.0910000e+01
   3.5587000e+00   4.1350000e+00   1.0941000e+01
   3.5714000e+00   4.1370000e+00   1.0973000e+01
   3.5842000e+00   4.1390000e+00   1.1004000e+01
   3.5971000e+00   4.1400000e+00   1.1036000e+01
   3.6101000e+00   4.1410000e+00   1.1068000e+01
   3.6232000e+00   4.1410000e+00   1.1101000e+01
   3.6364000e+00   4.1420000e+00   1.1134000e+01
   3.6496000e+00   4.1420000e+00   1.1147000e+01
   3.6630000e+00   4.1410000e+00   1.1201000e+01
   3.6765000e+00   4.1410000e+00   1.1237000e+01
   3.6900000e+00   4.1410000e+00   1.1272000e+01
   3.7037000e+00   4.1420000e+00   1.1309000e+01
   3.7175000e+00   4.1420000e+00   1.1345000e+01
   3.7313000e+00   4.1420000e+00   1.1382000e+01
   3.7453000e+00   4.1430000e+00   1.1420000e+01
   3.7594000e+00   4.1440000e+00   1.1457000e+01
   3.7736000e+00   4.1450000e+00   1.1495000e+01
   3.7879000e+00   4.1450000e+00   1.1533000e+01
   3.8023000e+00   4.1460000e+00   1.1572000e+01
   3.8168000e+00   4.1470000e+00   1.1612000e+01
   3.8314000e+00   4.1410000e+00   1.1652000e+01
   3.8462000e+00   4.1490000e+00   1.1692000e+01
   3.8610000e+00   4.1510000e+00   1.1733000e+01
   3.8760000e+00   4.1530000e+00   1.1774000e+01
   3.8911000e+00   4.1550000e+00   1.1815000e+01
   3.9063000e+00   4.1570000e+00   1.1857000e+01
   3.9216000e+00   4.1590000e+00   1.1898000e+01
   3.9370000e+00   4.1620000e+00   1.1940000e+01
   3.9526000e+00   4.1640000e+00   1.1982000e+01
   3.9683000e+00   4.1660000e+00   1.2024000e+01
   3.9841000e+00   4.1680000e+00   1.2068000e+01
   4.0000000e+00   4.1710000e+00   1.2111000e+01
   4.0161000e+00   4.1740000e+00   1.2156000e+01
   4.0323000e+00   4.1780000e+00   1.2200000e+01
   4.0486000e+00   4.1810000e+00   1.2243000e+01
   4.0650000e+00   4.1850000e+00   1.2287000e+01
   4.0816000e+00   4.1890000e+00   1.2330000e+01
   4.0984000e+00   4.1920000e+00   1.2374000e+01
   4.1152000e+00   4.1950000e+00   1.2418000e+01
   4.1322000e+00   4.1970000e+00   1.2462000e+01
   4.1494000e+00   4.2000000e+00   1.2507000e+01
   4.1667000e+00   4.2030000e+00   1.2552000e+01
   4.1841000e+00   4.2050000e+00   1.2597000e+01
   4.2017000e+00   4.2070000e+00   1.2642000e+01
   4.2194000e+00   4.2080000e+00   1.2688000e+01
   4.2373000e+00   4.2090000e+00   1.2734000e+01
   4.2553000e+00   4.2100000e+00   1.2782000e+01
   4.2735000e+00   4.2110000e+00   1.2830000e+01
   4.2918000e+00   4.2120000e+00   1.2878000e+01
   4.3103000e+00   4.2130000e+00   1.2927000e+01
   4.3290000e+00   4.2140000e+00   1.2977000e+01
   4.3478000e+00   4.2140000e+00   1.3026000e+01
   4.3668000e+00   4.2150000e+00   1.3077000e+01
   4.3860000e+00   4.2150000e+00   1.3129000e+01
   4.4053000e+00   4.2160000e+00   1.3181000e+01
   4.4248000e+00   4.2160000e+00   1.3234000e+01
   4.4444000e+00   4.2170000e+00   1.3288000e+01
   4.4643000e+00   4.2190000e+00   1.3341000e+01
   4.4843000e+00   4.2210000e+00   1.3395000e+01
   4.5045000e+00   4.2230000e+00   1.3449000e+01
   4.5249000e+00   4.2240000e+00   1.3503000e+01
   4.5455000e+00   4.2240000e+00   1.3557000e+01
   4.5662000e+00   4.2240000e+00   1.3613000e+01
   4.5872000e+00   4.2240000e+00   1.3669000e+01
   4.6083000e+00   4.2230000e+00   1.3726000e+01
   4.6296000e+00   4.2220000e+00   1.3784000e+01
   4.6512000e+00   4.2220000e+00   1.3843000e+01
   4.6729000e+00   4.2210000e+00   1.3903000e+01
   4.6948000e+00   4.2210000e+00   1.3964000e+01
   4.7170000e+00   4.2210000e+00   1.4025000e+01
   4.7393000e+00   4.2210000e+00   1.4087000e+01
   4.7619000e+00   4.2210000e+00   1.4150000e+01
   4.7847000e+00   4.2210000e+00   1.4213000e+01
   4.8077000e+00   4.2210000e+00   1.4278000e+01
   4.8309000e+00   4.2210000e+00   1.4343000e+01
   4.8544000e+00   4.2210000e+00   1.4409000e+01
   4.8780000e+00   4.2210000e+00   1.4476000e+01
   4.9020000e+00   4.2210000e+00   1.4544000e+01
   4.9261000e+00   4.2210000e+00   1.4613000e+01
   4.9505000e+00   4.2220000e+00   1.4682000e+01
   4.9751000e+00   4.2240000e+00   1.4752000e+01
   5.0000000e+00   4.2250000e+00   1.4823000e+01
   5.0251000e+00   4.2260000e+00   1.4894000e+01
   5.0505000e+00   4.2270000e+00   1.4966000e+01
   5.0761000e+00   4.2290000e+00   1.5039000e+01
   5.1020000e+00   4.2300000e+00   1.5113000e+01
   5.1282000e+00   4.2320000e+00   1.5187000e+01
   5.1546000e+00   4.2340000e+00   1.5262000e+01
   5.1813000e+00   4.2350000e+00   1.5338000e+01
   5.2083000e+00   4.2370000e+00   1.5414000e+01
   5.2356000e+00   4.2380000e+00   1.5492000e+01
   5.2632000e+00   4.2390000e+00   1.5570000e+01
   5.2910000e+00   4.2400000e+00   1.5650000e+01
   5.3191000e+00   4.2420000e+00   1.5731000e+01
   5.3476000e+00   4.2440000e+00   1.5814000e+01
   5.3763000e+00   4.2470000e+00   1.5896000e+01
   5.4054000e+00   4.2490000e+00   1.5980000e+01
   5.4348000e+00   4.2520000e+00   1.6064000e+01
   5.4645000e+00   4.2540000e+00   1.6149000e+01
   5.4945000e+00   4.2550000e+00   1.6236000e+01
   5.5249000e+00   4.2580000e+00   1.6325000e+01
   5.5556000e+00   4.2610000e+00   1.6414000e+01
   5.5866000e+00   4.2660000e+00   1.6504000e+01
   5.6180000e+00   4.2710000e+00   1.6594000e+01
   5.6497000e+00   4.2760000e+00   1.6684000e+01
   5.6818000e+00   4.2800000e+00   1.6774000e+01
   5.7143000e+00   4.2830000e+00   1.6865000e+01
   5.7471000e+00   4.2840000e+00   1.6957000e+01
   5.7803000e+00   4.2850000e+00   1.7052000e+01
   5.8140000e+00   4.2860000e+00   1.7149000e+01
   5.8480000e+00   4.2880000e+00   1.7248000e+01
   5.8824000e+00   4.2910000e+00   1.7348000e+01
   5.9172000e+00   4.2940000e+00   1.7449000e+01
   5.9524000e+00   4.2960000e+00   1.7551000e+01
   5.9880000e+00   4.2990000e+00   1.7655000e+01
   6.0241000e+00   4.3010000e+00   1.7761000e+01
   6.0606000e+00   4.3050000e+00   1.7868000e+01
   6.0976000e+00   4.3090000e+00   1.7976000e+01
   6.1350000e+00   4.3130000e+00   1.8085000e+01
   6.1728000e+00   4.3160000e+00   1.8195000e+01
   6.2112000e+00   4.3190000e+00   1.8307000e+01
   6.2500000e+00   4.3210000e+00   1.8422000e+01
   6.2893000e+00   4.3240000e+00   1.8538000e+01
   6.3291000e+00   4.3270000e+00   1.8656000e+01
   6.3694000e+00   4.3310000e+00   1.8776000e+01
   6.4103000e+00   4.3340000e+00   1.8899000e+01
   6.4516000e+00   4.3380000e+00   1.9025000e+01
   6.4935000e+00   4.3440000e+00   1.9153000e+01
   6.5359000e+00   4.3510000e+00   1.9281000e+01
   6.5789000e+00   4.3580000e+00   1.9412000e+01
   6.6225000e+00   4.3660000e+00   1.9544000e+01
   6.6667000e+00   4.3740000e+00   1.9678000e+01
   6.7114000e+00   4.3830000e+00   1.9814000e+01
   6.7568000e+00   4.3930000e+00   1.9952000e+01
   6.8027000e+00   4.4050000e+00   2.0020000e+01
   6.8493000e+00   4.4170000e+00   2.0233000e+01
   6.8966000e+00   4.4300000e+00   2.0375000e+01
   6.9444000e+00   4.4420000e+00   2.0518000e+01
   6.9930000e+00   4.4550000e+00   2.0664000e+01
   7.0423000e+00   4.4690000e+00   2.0813000e+01
   7.0922000e+00   4.4840000e+00   2.0963000e+01
   7.1429000e+00   4.5000000e+00   2.1115000e+01
   7.1942000e+00   4.5170000e+00   2.1269000e+01
   7.2464000e+00   4.5340000e+00   2.1423000e+01
   7.2993000e+00   4.5520000e+00   2.1580000e+01
   7.3529000e+00   4.5690000e+00   2.1739000e+01
   7.4074000e+00   4.5870000e+00   2.1901000e+01
   7.4627000e+00   4.6060000e+00   2.2065000e+01
   7.5188000e+00   4.6280000e+00   2.2232000e+01
   7.5758000e+00   4.6520000e+00   2.2399000e+01
   7.6336000e+00   4.6760000e+00   2.2565000e+01
   7.6923000e+00   4.6980000e+00   2.2733000e+01
   7.7519000e+00   4.7180000e+00   2.2904000e+01
   7.8125000e+00   4.7390000e+00   2.3080000e+01
   7.8740000e+00   4.7610000e+00   2.3259000e+01
   7.9365000e+00   4.7860000e+00   2.3442000e+01
   8.0000000e+00   4.8140000e+00   2.3626000e+01
   8.0645000e+00   4.8440000e+00   2.3809000e+01
   8.1301000e+00   4.8730000e+00   2.3992000e+01
   8.1967000e+00   4.9010000e+00   2.4177000e+01
   8.2645000e+00   4.9280000e+00   2.4365000e+01
   8.3333000e+00   4.9550000e+00   2.4554000e+01
   8.4034000e+00   4.9820000e+00   2.4746000e+01
   8.4746000e+00   5.0090000e+00   2.4941000e+01
   8.5470000e+00   5.0360000e+00   2.5136000e+01
   8.6207000e+00   5.0610000e+00   2.5334000e+01
   8.6957000e+00   5.0840000e+00   2.5534000e+01
   8.7719000e+00   5.1040000e+00   2.5738000e+01
   8.8496000e+00   5.1220000e+00   2.5946000e+01
   8.9286000e+00   5.1380000e+00   2.6161000e+01
   9.0090000e+00   5.1550000e+00   2.6382000e+01
   9.0909000e+00   5.1710000e+00   2.6608000e+01
   9.1743000e+00   5.1880000e+00   2.6836000e+01
   9.2593000e+00   5.2050000e+00   2.7075000e+01
   9.3458000e+00   5.2210000e+00   2.7317000e+01
   9.4340000e+00   5.2390000e+00   2.7566000e+01
   9.5238000e+00   5.2590000e+00   2.7820000e+01
   9.6153000e+00   5.2790000e+00   2.8078000e+01
   9.7087000e+00   5.2980000e+00   2.8342000e+01
   9.8039000e+00   5.3180000e+00   2.8613000e+01
   9.9010000e+00   5.3390000e+00   2.8891000e+01
   1.0000000e+01   5.3620000e+00   2.9175000e+01
   1.0101000e+01   5.3870000e+00   2.9466000e+01
   1.0204100e+01   5.4150000e+00   2.9762000e+01
   1.0309300e+01   5.4440000e+00   3.0064000e+01
   1.0416700e+01   5.4750000e+00   3.0371000e+01
   1.0526300e+01   5.5070000e+00   3.0682000e+01
   1.0638300e+01   5.5390000e+00   3.0999000e+01
   1.0752700e+01   5.5690000e+00   3.1323000e+01
   1.0869600e+01   5.6000000e+00   3.1654000e+01
   1.0989000e+01   5.6300000e+00   3.1994000e+01
   1.1111100e+01   5.6620000e+00   3.2342000e+01
   1.1236000e+01   5.6930000e+00   3.2699000e+01
   1.1363600e+01   5.7260000e+00   3.3065000e+01
   1.1494300e+01   5.7600000e+00   3.3441000e+01
   1.1627900e+01   5.7960000e+00   3.3827000e+01
   1.1764700e+01   5.8320000e+00   3.4222000e+01
   1.1904800e+01   5.8670000e+00   3.4629000e+01
   1.2048200e+01   5.9070000e+00   3.5050000e+01
   1.2195100e+01   5.9510000e+00   3.5486000e+01
   1.2345700e+01   6.0050000e+00   3.5930000e+01
   1.2500000e+01   6.0630000e+00   3.6380000e+01
   1.2658200e+01   6.1220000e+00   3.6839000e+01
   1.2820500e+01   6.1810000e+00   3.7309000e+01
   1.2987000e+01   6.2430000e+00   3.7793000e+01
   1.3157900e+01   6.3080000e+00   3.8289000e+01
   1.3333300e+01   6.3790000e+00   3.8797000e+01
   1.3513500e+01   6.4530000e+00   3.9316000e+01
   1.3698600e+01   6.5300000e+00   3.9847000e+01
   1.3888900e+01   6.6090000e+00   4.0389000e+01
   1.4084500e+01   6.6890000e+00   4.0946000e+01
   1.4285700e+01   6.7700000e+00   4.1516000e+01
   1.4492800e+01   6.8510000e+00   4.2102000e+01
   1.4705900e+01   6.9310000e+00   4.2706000e+01
   1.4925400e+01   7.0110000e+00   4.3332000e+01
   1.5151500e+01   7.0950000e+00   4.3981000e+01
   1.5384600e+01   7.1820000e+00   4.4654000e+01
   1.5625000e+01   7.2750000e+00   4.5352000e+01
   1.5873000e+01   7.3790000e+00   4.6076000e+01
   1.6129000e+01   7.4950000e+00   4.6822000e+01
   1.6393400e+01   7.6240000e+00   4.7586000e+01
   1.6666700e+01   7.7580000e+00   4.8367000e+01
   1.6949200e+01   7.8940000e+00   4.9168000e+01
   1.7241400e+01   8.0280000e+00   4.9996000e+01
   1.7543900e+01   8.1670000e+00   5.0854000e+01
   1.7857100e+01   8.3100000e+00   5.1742000e+01
   1.8181800e+01   8.4590000e+00   5.2659000e+01
   1.8518500e+01   8.6040000e+00   5.3611000e+01
   1.8867900e+01   8.7490000e+00   5.4608000e+01
   1.9230800e+01   8.9010000e+00   5.5652000e+01
   1.9607800e+01   9.0660000e+00   5.6742000e+01
   2.0000000e+01   9.2380000e+00   5.7878000e+01
   2.0408200e+01   9.4130000e+00   5.9066000e+01
   2.0833300e+01   9.5890000e+00   6.0320000e+01
   2.1276600e+01   9.7790000e+00   6.1651000e+01
   2.1739100e+01   9.9910000e+00   6.3067000e+01
   2.2222200e+01   1.0249000e+01   6.4565000e+01
   2.2727300e+01   1.0553000e+01   6.6135000e+01
   2.3255800e+01   1.0907000e+01   6.7770000e+01
   2.3809500e+01   1.1294000e+01   6.9477000e+01
   2.4390200e+01   1.1721000e+01   7.1267000e+01
   2.5000000e+01   1.2195000e+01   7.3151000e+01
   2.5641000e+01   1.2729000e+01   7.5133000e+01
   2.6315800e+01   1.3336000e+01   7.7211000e+01
   2.7027000e+01   1.4017000e+01   7.9390000e+01
   2.7777800e+01   1.4786000e+01   8.1664000e+01
   2.8571400e+01   1.5637000e+01   8.4044000e+01
   2.9411800e+01   1.6597000e+01   8.6524000e+01
   3.0303000e+01   1.7653000e+01   8.9100000e+01
   3.1250000e+01   1.8813000e+01   9.1768000e+01
   3.2258100e+01   2.0050000e+01   9.4541000e+01
   3.3333300e+01   2.1354000e+01   9.7458000e+01
   3.4482800e+01   2.2745000e+01   1.0056300e+02
   3.5714300e+01   2.4261000e+01   1.0390200e+02
   3.7037000e+01   2.5982000e+01   1.0746500e+02
   3.8461500e+01   2.7921000e+01   1.1124000e+02
   4.0000000e+01   3.0095000e+01   1.1520500e+02
   4.1666700e+01   3.2461000e+01   1.1941300e+02
   4.3479300e+01   3.5070000e+01   1.2392900e+02
   4.5454500e+01   3.7988000e+01   1.2883200e+02
   4.7619000e+01   4.1364000e+01   1.3411000e+02
   5.0000000e+01   4.5257000e+01   1.3975400e+02
   5.2631600e+01   4.9736000e+01   1.4574500e+02
   5.5555600e+01   5.4848000e+01   1.5213300e+02
