   2.1000000e-01   1.2020000e+00   1.2070000e+00
   2.2000000e-01   1.4710000e+00   1.2910000e+00
   2.3000000e-01   1.6590000e+00   1.3090000e+00
   2.4000000e-01   1.7900000e+00   1.3090000e+00
   2.5000000e-01   1.8990000e+00   1.3150000e+00
   2.6000000e-01   2.0070000e+00   1.3170000e+00
   2.7000000e-01   2.1100000e+00   1.3000000e+00
   2.8000000e-01   2.1970000e+00   1.2700000e+00
   2.9000000e-01   2.2610000e+00   1.2330000e+00
   3.0000000e-01   2.3070000e+00   1.2080000e+00
   3.1000000e-01   2.3570000e+00   1.1950000e+00
   3.2000000e-01   2.4160000e+00   1.1690000e+00
   3.3000000e-01   2.4540000e+00   1.1220000e+00
   3.4000000e-01   2.4500000e+00   1.0850000e+00
   3.5000000e-01   2.4300000e+00   1.0930000e+00
   3.6000000e-01   2.4330000e+00   1.1400000e+00
   3.7000000e-01   2.4700000e+00   1.2020000e+00
   3.8000000e-01   2.5450000e+00   1.2580000e+00
   3.9000000e-01   2.6450000e+00   1.2910000e+00
   4.0000000e-01   2.7560000e+00   1.2940000e+00
   4.1000000e-01   2.8630000e+00   1.2710000e+00
   4.2000000e-01   2.9620000e+00   1.2310000e+00
   4.3000000e-01   3.0520000e+00   1.1730000e+00
   4.4000000e-01   3.1260000e+00   1.1010000e+00
   4.5000000e-01   3.1810000e+00   1.0200000e+00
   4.6000000e-01   3.2170000e+00   9.4300000e-01
   4.7000000e-01   3.2420000e+00   8.7400000e-01
   4.8000000e-01   3.2640000e+00   8.0900000e-01
   4.9000000e-01   3.2800000e+00   7.4100000e-01
   5.0000000e-01   3.2820000e+00   6.7500000e-01
   5.1000000e-01   3.2720000e+00   6.2200000e-01
   5.2000000e-01   3.2620000e+00   5.8700000e-01
   5.3000000e-01   3.2660000e+00   5.6400000e-01
   5.4000000e-01   3.2860000e+00   5.3800000e-01
   5.5000000e-01   3.3180000e+00   4.9800000e-01
   5.6000000e-01   3.3480000e+00   4.3700000e-01
   5.7000000e-01   3.3610000e+00   3.5700000e-01
   5.8000000e-01   3.3480000e+00   2.7400000e-01
   5.9000000e-01   3.3120000e+00   2.0200000e-01
   6.0000000e-01   3.2650000e+00   1.4900000e-01
   6.1000000e-01   3.2180000e+00   1.1400000e-01
   6.2000000e-01   3.1750000e+00   8.9000000e-02
   6.3000000e-01   3.1350000e+00   7.3000000e-02
   6.4000000e-01   3.1020000e+00   6.5000000e-02
   6.5000000e-01   3.0740000e+00   5.7000000e-02
   6.6000000e-01   3.0510000e+00   5.1000000e-02
   6.7000000e-01   3.0290000e+00   4.3000000e-02
   6.8000000e-01   3.0080000e+00   3.8000000e-02
   6.9000000e-01   2.9900000e+00   3.4000000e-02
   7.0000000e-01   2.9720000e+00   3.1000000e-02
   7.1000000e-01   2.9560000e+00   2.8000000e-02
   7.2000000e-01   2.9420000e+00   2.6000000e-02
   7.3000000e-01   2.9290000e+00   2.4000000e-02
   7.4000000e-01   2.9160000e+00   2.2000000e-02
   7.5000000e-01   2.9030000e+00   2.1000000e-02
   7.6000000e-01   2.8920000e+00   2.0000000e-02
   7.7000000e-01   2.8820000e+00   2.0000000e-02
   7.8000000e-01   2.8720000e+00   1.9000000e-02
   7.9000000e-01   2.8620000e+00   1.9000000e-02
   8.0000000e-01   2.8530000e+00   2.0000000e-02
   8.1000000e-01   2.8450000e+00   2.2000000e-02
   8.2000000e-01   2.8380000e+00   2.4000000e-02
   8.3000000e-01   2.8330000e+00   2.5000000e-02
   8.4000000e-01   2.8280000e+00   2.6000000e-02
   8.5000000e-01   2.8240000e+00   2.7000000e-02
   8.6000000e-01   2.8200000e+00   2.7000000e-02
   8.7000000e-01   2.8160000e+00   2.6000000e-02
   8.8000000e-01   2.8130000e+00   2.6000000e-02
   8.9000000e-01   2.8090000e+00   2.6000000e-02
   9.0000000e-01   2.8050000e+00   2.4000000e-02
   9.1000000e-01   2.8010000e+00   2.4000000e-02
   9.2000000e-01   2.7980000e+00   2.3000000e-02
   9.3000000e-01   2.7940000e+00   2.3000000e-02
   9.4000000e-01   2.7910000e+00   2.3000000e-02
   9.5000000e-01   2.7890000e+00   2.2000000e-02
   9.6000000e-01   2.7870000e+00   2.1000000e-02
   9.7000000e-01   2.7840000e+00   2.0000000e-02
   9.8000000e-01   2.7810000e+00   1.8000000e-02
   9.9000000e-01   2.7780000e+00   1.7000000e-02
   1.0000000e+00   2.7750000e+00   1.5000000e-02
   1.0100000e+00   2.7710000e+00   1.5000000e-02
   1.0200000e+00   2.7680000e+00   1.4000000e-02
   1.0300000e+00   2.7650000e+00   1.3000000e-02
   1.0400000e+00   2.7620000e+00   1.2000000e-02
   1.0500000e+00   2.7590000e+00   1.1000000e-02
   1.0600000e+00   2.7550000e+00   1.1000000e-02
   1.0700000e+00   2.7530000e+00   1.1000000e-02
   1.0800000e+00   2.7500000e+00   1.1000000e-02
   1.0900000e+00   2.7470000e+00   1.1000000e-02
   1.1000000e+00   2.7450000e+00   1.1000000e-02
   1.1100000e+00   2.7420000e+00   1.1000000e-02
   1.1200000e+00   2.7400000e+00   1.1000000e-02
   1.1300000e+00   2.7390000e+00   1.1000000e-02
   1.1400000e+00   2.7370000e+00   1.0000000e-02
   1.1500000e+00   2.7340000e+00   1.0000000e-02
   1.1600000e+00   2.7320000e+00   9.0000000e-03
   1.1700000e+00   2.7290000e+00   9.0000000e-03
   1.1800000e+00   2.7270000e+00   1.0000000e-02
   1.1900000e+00   2.7250000e+00   1.0000000e-02
   1.2000000e+00   2.7230000e+00   1.1000000e-02
   1.2100000e+00   2.7210000e+00   1.1000000e-02
   1.2200000e+00   2.7190000e+00   1.1000000e-02
   1.2300000e+00   2.7180000e+00   1.1000000e-02
   1.2400000e+00   2.7160000e+00   1.1000000e-02
   1.2500000e+00   2.7150000e+00   1.1000000e-02
   1.2600000e+00   2.7140000e+00   1.1000000e-02
   1.2700000e+00   2.7120000e+00   1.0000000e-02
   1.2800000e+00   2.7090000e+00   1.0000000e-02
   1.2900000e+00   2.7080000e+00   1.1000000e-02
   1.3000000e+00   2.7060000e+00   1.2000000e-02
   1.3100000e+00   2.7050000e+00   1.3000000e-02
   1.3200000e+00   2.7040000e+00   1.3000000e-02
   1.3300000e+00   2.7030000e+00   1.3000000e-02
   1.3400000e+00   2.7020000e+00   1.3000000e-02
   1.3500000e+00   2.7000000e+00   1.3000000e-02
   1.3600000e+00   2.6990000e+00   1.3000000e-02
   1.3700000e+00   2.6970000e+00   1.3000000e-02
   1.3800000e+00   2.6960000e+00   1.4000000e-02
   1.3900000e+00   2.6950000e+00   1.5000000e-02
   1.4000000e+00   2.6930000e+00   1.5000000e-02
   1.4100000e+00   2.6930000e+00   1.6000000e-02
   1.4200000e+00   2.6920000e+00   1.7000000e-02
   1.4300000e+00   2.6920000e+00   1.7000000e-02
   1.4400000e+00   2.6910000e+00   1.7000000e-02
   1.4500000e+00   2.6900000e+00   1.7000000e-02
   1.4600000e+00   2.6890000e+00   1.7000000e-02
   1.4700000e+00   2.6870000e+00   1.7000000e-02
   1.4800000e+00   2.6860000e+00   1.8000000e-02
   1.4900000e+00   2.6860000e+00   1.8000000e-02
   1.5000000e+00   2.6850000e+00   1.9000000e-02
   1.5100000e+00   2.6840000e+00   1.9000000e-02
   1.5200000e+00   2.6830000e+00   1.9000000e-02
   1.5300000e+00   2.6830000e+00   2.0000000e-02
   1.5400000e+00   2.6820000e+00   2.1000000e-02
   1.5500000e+00   2.6820000e+00   2.1000000e-02
   1.5600000e+00   2.6820000e+00   2.0000000e-02
   1.5700000e+00   2.6810000e+00   2.0000000e-02
   1.5800000e+00   2.6800000e+00   2.0000000e-02
   1.5900000e+00   2.6790000e+00   2.1000000e-02
   1.6000000e+00   2.6780000e+00   2.2000000e-02
   1.6100000e+00   2.6770000e+00   2.3000000e-02
   1.6200000e+00   2.6770000e+00   2.3000000e-02
   1.6300000e+00   2.6770000e+00   2.4000000e-02
   1.6400000e+00   2.6770000e+00   2.4000000e-02
   1.6500000e+00   2.6770000e+00   2.4000000e-02
   1.6600000e+00   2.6760000e+00   2.4000000e-02
   1.6700000e+00   2.6760000e+00   2.4000000e-02
   1.6800000e+00   2.6760000e+00   2.4000000e-02
   1.6900000e+00   2.6750000e+00   2.4000000e-02
   1.7000000e+00   2.6740000e+00   2.4000000e-02
   1.7100000e+00   2.6740000e+00   2.4000000e-02
   1.7200000e+00   2.6730000e+00   2.5000000e-02
   1.7300000e+00   2.6730000e+00   2.5000000e-02
   1.7400000e+00   2.6730000e+00   2.5000000e-02
   1.7500000e+00   2.6720000e+00   2.5000000e-02
   1.7600000e+00   2.6720000e+00   2.5000000e-02
   1.7700000e+00   2.6710000e+00   2.6000000e-02
   1.7800000e+00   2.6720000e+00   2.6000000e-02
   1.7900000e+00   2.6710000e+00   2.5000000e-02
   1.8000000e+00   2.6700000e+00   2.4000000e-02
   1.8100000e+00   2.6690000e+00   2.5000000e-02
   1.8200000e+00   2.6680000e+00   2.5000000e-02
   1.8300000e+00   2.6670000e+00   2.6000000e-02
   1.8400000e+00   2.6660000e+00   2.6000000e-02
   1.8500000e+00   2.6650000e+00   2.7000000e-02
   1.8600000e+00   2.6640000e+00   2.9000000e-02
   1.8700000e+00   2.6640000e+00   3.1000000e-02
   1.8800000e+00   2.6650000e+00   3.2000000e-02
   1.8900000e+00   2.6660000e+00   3.2000000e-02
   1.9000000e+00   2.6670000e+00   3.2000000e-02
   1.9100000e+00   2.6670000e+00   3.2000000e-02
   1.9200000e+00   2.6670000e+00   3.2000000e-02
   1.9300000e+00   2.6670000e+00   3.2000000e-02
   1.9400000e+00   2.6670000e+00   3.2000000e-02
   1.9500000e+00   2.6670000e+00   3.1000000e-02
   1.9600000e+00   2.6670000e+00   3.1000000e-02
   1.9700000e+00   2.6660000e+00   3.1000000e-02
   1.9800000e+00   2.6660000e+00   3.1000000e-02
   1.9900000e+00   2.6650000e+00   3.1000000e-02
   2.0000000e+00   2.6650000e+00   3.1000000e-02
   2.0100000e+00   2.6650000e+00   3.2000000e-02
   2.0200000e+00   2.6650000e+00   3.2000000e-02
   2.0300000e+00   2.6650000e+00   3.2000000e-02
   2.0400000e+00   2.6650000e+00   3.2000000e-02
   2.0500000e+00   2.6640000e+00   3.2000000e-02
   2.0600000e+00   2.6640000e+00   3.3000000e-02
   2.0700000e+00   2.6640000e+00   3.3000000e-02
   2.0800000e+00   2.6640000e+00   3.3000000e-02
   2.0900000e+00   2.6640000e+00   3.3000000e-02
   2.1000000e+00   2.6640000e+00   3.2000000e-02
   2.1100000e+00   2.6640000e+00   3.3000000e-02
   2.1200000e+00   2.6630000e+00   3.3000000e-02
   2.1300000e+00   2.6630000e+00   3.3000000e-02
   2.1400000e+00   2.6630000e+00   3.3000000e-02
   2.1500000e+00   2.6630000e+00   3.3000000e-02
   2.1600000e+00   2.6630000e+00   3.4000000e-02
   2.1700000e+00   2.6630000e+00   3.4000000e-02
   2.1800000e+00   2.6630000e+00   3.4000000e-02
   2.1900000e+00   2.6620000e+00   3.4000000e-02
   2.2000000e+00   2.6620000e+00   3.4000000e-02
   2.2100000e+00   2.6620000e+00   3.4000000e-02
   2.2200000e+00   2.6620000e+00   3.4000000e-02
   2.2300000e+00   2.6620000e+00   3.4000000e-02
   2.2400000e+00   2.6620000e+00   3.4000000e-02
   2.2500000e+00   2.6620000e+00   3.4000000e-02
   2.2600000e+00   2.6620000e+00   3.4000000e-02
   2.2700000e+00   2.6620000e+00   3.4000000e-02
   2.2800000e+00   2.6620000e+00   3.4000000e-02
   2.2900000e+00   2.6620000e+00   3.4000000e-02
   2.3000000e+00   2.6620000e+00   3.4000000e-02
   2.3100000e+00   2.6610000e+00   3.4000000e-02
   2.3200000e+00   2.6610000e+00   3.4000000e-02
   2.3300000e+00   2.6610000e+00   3.4000000e-02
   2.3400000e+00   2.6610000e+00   3.4000000e-02
   2.3500000e+00   2.6610000e+00   3.4000000e-02
   2.3600000e+00   2.6610000e+00   3.4000000e-02
   2.3700000e+00   2.6600000e+00   3.4000000e-02
   2.3800000e+00   2.6600000e+00   3.4000000e-02
   2.3900000e+00   2.6600000e+00   3.5000000e-02
   2.4000000e+00   2.6600000e+00   3.4000000e-02
   2.4100000e+00   2.6600000e+00   3.4000000e-02
   2.4200000e+00   2.6590000e+00   3.4000000e-02
   2.4300000e+00   2.6590000e+00   3.5000000e-02
   2.4400000e+00   2.6590000e+00   3.5000000e-02
   2.4500000e+00   2.6600000e+00   3.5000000e-02
   2.4600000e+00   2.6600000e+00   3.4000000e-02
   2.4700000e+00   2.6590000e+00   3.4000000e-02
   2.4800000e+00   2.6590000e+00   3.4000000e-02
   2.4900000e+00   2.6580000e+00   3.3000000e-02
   2.5000000e+00   2.6580000e+00   3.4000000e-02
   2.5063000e+00   2.6580000e+00   3.4000000e-02
   2.5126000e+00   2.6580000e+00   3.4000000e-02
   2.5189000e+00   2.6570000e+00   3.4000000e-02
   2.5253000e+00   2.6570000e+00   3.5000000e-02
   2.5316000e+00   2.6570000e+00   3.5000000e-02
   2.5381000e+00   2.6580000e+00   3.6000000e-02
   2.5445000e+00   2.6580000e+00   3.6000000e-02
   2.5510000e+00   2.6580000e+00   3.5000000e-02
   2.5575000e+00   2.6580000e+00   3.6000000e-02
   2.5641000e+00   2.6580000e+00   3.6000000e-02
   2.5707000e+00   2.6590000e+00   3.6000000e-02
   2.5773000e+00   2.6590000e+00   3.5000000e-02
   2.5840000e+00   2.6590000e+00   3.5000000e-02
   2.5907000e+00   2.6590000e+00   3.5000000e-02
   2.5974000e+00   2.6590000e+00   3.5000000e-02
   2.6042000e+00   2.6590000e+00   3.5000000e-02
   2.6110000e+00   2.6590000e+00   3.4000000e-02
   2.6178000e+00   2.6590000e+00   3.4000000e-02
   2.6247000e+00   2.6590000e+00   3.4000000e-02
   2.6316000e+00   2.6590000e+00   3.3000000e-02
   2.6385000e+00   2.6580000e+00   3.3000000e-02
   2.6455000e+00   2.6570000e+00   3.3000000e-02
   2.6525000e+00   2.6570000e+00   3.4000000e-02
   2.6596000e+00   2.6580000e+00   3.4000000e-02
   2.6667000e+00   2.6590000e+00   3.4000000e-02
   2.6738000e+00   2.6590000e+00   3.3000000e-02
   2.6810000e+00   2.6580000e+00   3.2000000e-02
   2.6882000e+00   2.6570000e+00   3.2000000e-02
   2.6954000e+00   2.6570000e+00   3.2000000e-02
   2.7027000e+00   2.6570000e+00   3.2000000e-02
   2.7100000e+00   2.6570000e+00   3.2000000e-02
   2.7174000e+00   2.6570000e+00   3.2000000e-02
   2.7248000e+00   2.6570000e+00   3.2000000e-02
   2.7322000e+00   2.6560000e+00   3.2000000e-02
   2.7397000e+00   2.6560000e+00   3.2000000e-02
   2.7473000e+00   2.6550000e+00   3.2000000e-02
   2.7548000e+00   2.6550000e+00   3.2000000e-02
   2.7624000e+00   2.6560000e+00   3.2000000e-02
   2.7701000e+00   2.6560000e+00   3.2000000e-02
   2.7778000e+00   2.6550000e+00   3.1000000e-02
   2.7855000e+00   2.6550000e+00   3.1000000e-02
   2.7933000e+00   2.6550000e+00   3.1000000e-02
   2.8011000e+00   2.6550000e+00   3.1000000e-02
   2.8090000e+00   2.6540000e+00   3.1000000e-02
   2.8169000e+00   2.6540000e+00   3.1000000e-02
   2.8249000e+00   2.6540000e+00   3.1000000e-02
   2.8329000e+00   2.6530000e+00   3.1000000e-02
   2.8409000e+00   2.6530000e+00   3.1000000e-02
   2.8490000e+00   2.6530000e+00   3.1000000e-02
   2.8571000e+00   2.6530000e+00   3.1000000e-02
   2.8653000e+00   2.6520000e+00   3.1000000e-02
   2.8736000e+00   2.6520000e+00   3.1000000e-02
   2.8818000e+00   2.6520000e+00   3.1000000e-02
   2.8902000e+00   2.6520000e+00   3.1000000e-02
   2.8986000e+00   2.6510000e+00   3.1000000e-02
   2.9070000e+00   2.6510000e+00   3.1000000e-02
   2.9155000e+00   2.6510000e+00   3.1000000e-02
   2.9240000e+00   2.6500000e+00   3.1000000e-02
   2.9326000e+00   2.6500000e+00   3.1000000e-02
   2.9412000e+00   2.6500000e+00   3.1000000e-02
   2.9499000e+00   2.6500000e+00   3.2000000e-02
   2.9586000e+00   2.6500000e+00   3.2000000e-02
   2.9674000e+00   2.6500000e+00   3.2000000e-02
   2.9762000e+00   2.6500000e+00   3.2000000e-02
   2.9851000e+00   2.6500000e+00   3.2000000e-02
   2.9940000e+00   2.6500000e+00   3.2000000e-02
   3.0030000e+00   2.6500000e+00   3.2000000e-02
   3.0120000e+00   2.6500000e+00   3.1000000e-02
   3.0211000e+00   2.6490000e+00   3.1000000e-02
   3.0303000e+00   2.6490000e+00   3.1000000e-02
   3.0395000e+00   2.6480000e+00   3.1000000e-02
   3.0488000e+00   2.6480000e+00   3.2000000e-02
   3.0581000e+00   2.6480000e+00   3.1000000e-02
   3.0675000e+00   2.6480000e+00   3.1000000e-02
   3.0769000e+00   2.6480000e+00   3.1000000e-02
   3.0864000e+00   2.6480000e+00   3.1000000e-02
   3.0960000e+00   2.6470000e+00   3.0000000e-02
   3.1056000e+00   2.6470000e+00   3.0000000e-02
   3.1153000e+00   2.6460000e+00   3.0000000e-02
   3.1250000e+00   2.6460000e+00   3.1000000e-02
   3.1348000e+00   2.6460000e+00   3.1000000e-02
   3.1447000e+00   2.6460000e+00   3.1000000e-02
   3.1546000e+00   2.6450000e+00   3.1000000e-02
   3.1646000e+00   2.6450000e+00   3.1000000e-02
   3.1746000e+00   2.6440000e+00   3.1000000e-02
   3.1847000e+00   2.6440000e+00   3.1000000e-02
   3.1949000e+00   2.6440000e+00   3.1000000e-02
   3.2051000e+00   2.6440000e+00   3.1000000e-02
   3.2154000e+00   2.6430000e+00   3.1000000e-02
   3.2258000e+00   2.6430000e+00   3.1000000e-02
   3.2362000e+00   2.6430000e+00   3.2000000e-02
   3.2468000e+00   2.6430000e+00   3.1000000e-02
   3.2573000e+00   2.6430000e+00   3.1000000e-02
   3.2680000e+00   2.6420000e+00   3.1000000e-02
   3.2787000e+00   2.6420000e+00   3.1000000e-02
   3.2895000e+00   2.6420000e+00   3.1000000e-02
   3.3003000e+00   2.6420000e+00   3.1000000e-02
   3.3113000e+00   2.6400000e+00   3.2000000e-02
   3.3223000e+00   2.6400000e+00   3.2000000e-02
   3.3333000e+00   2.6410000e+00   3.2000000e-02
   3.3445000e+00   2.6410000e+00   3.2000000e-02
   3.3557000e+00   2.6410000e+00   3.2000000e-02
   3.3670000e+00   2.6410000e+00   3.2000000e-02
   3.3784000e+00   2.6410000e+00   3.2000000e-02
   3.3898000e+00   2.6410000e+00   3.2000000e-02
   3.4014000e+00   2.6400000e+00   3.2000000e-02
   3.4130000e+00   2.6410000e+00   3.2000000e-02
   3.4247000e+00   2.6400000e+00   3.1000000e-02
   3.4364000e+00   2.6400000e+00   3.1000000e-02
   3.4483000e+00   2.6400000e+00   3.1000000e-02
   3.4602000e+00   2.6390000e+00   3.1000000e-02
   3.4722000e+00   2.6390000e+00   3.1000000e-02
   3.4843000e+00   2.6390000e+00   3.0000000e-02
   3.4965000e+00   2.6380000e+00   3.0000000e-02
   3.5088000e+00   2.6380000e+00   3.0000000e-02
   3.5211000e+00   2.6380000e+00   3.0000000e-02
   3.5336000e+00   2.6370000e+00   3.0000000e-02
   3.5461000e+00   2.6370000e+00   3.0000000e-02
   3.5587000e+00   2.6360000e+00   3.0000000e-02
   3.5714000e+00   2.6350000e+00   3.0000000e-02
   3.5842000e+00   2.6350000e+00   3.0000000e-02
   3.5971000e+00   2.6350000e+00   3.1000000e-02
   3.6101000e+00   2.6350000e+00   3.1000000e-02
   3.6232000e+00   2.6350000e+00   3.0000000e-02
   3.6364000e+00   2.6340000e+00   3.0000000e-02
   3.6496000e+00   2.6340000e+00   3.0000000e-02
   3.6630000e+00   2.6340000e+00   3.0000000e-02
   3.6765000e+00   2.6330000e+00   3.0000000e-02
   3.6900000e+00   2.6330000e+00   3.0000000e-02
   3.7037000e+00   2.6320000e+00   2.9000000e-02
   3.7175000e+00   2.6320000e+00   3.0000000e-02
   3.7313000e+00   2.6310000e+00   3.0000000e-02
   3.7453000e+00   2.6310000e+00   3.0000000e-02
   3.7594000e+00   2.6310000e+00   3.0000000e-02
   3.7736000e+00   2.6300000e+00   2.9000000e-02
   3.7879000e+00   2.6300000e+00   2.9000000e-02
   3.8023000e+00   2.6290000e+00   2.9000000e-02
   3.8168000e+00   2.6280000e+00   2.9000000e-02
   3.8314000e+00   2.6280000e+00   3.0000000e-02
   3.8462000e+00   2.6280000e+00   3.0000000e-02
   3.8610000e+00   2.6270000e+00   3.0000000e-02
   3.8760000e+00   2.6270000e+00   2.9000000e-02
   3.6911000e+00   2.6270000e+00   3.0000000e-02
   3.9063000e+00   2.6260000e+00   2.9000000e-02
   3.9216000e+00   2.6250000e+00   3.0000000e-02
   3.9370000e+00   2.6250000e+00   3.0000000e-02
   3.9526000e+00   2.6250000e+00   2.9000000e-02
   3.9683000e+00   2.6240000e+00   2.9000000e-02
   3.9841000e+00   2.6240000e+00   2.9000000e-02
   4.0000000e+00   2.6240000e+00   2.9000000e-02
   4.0161000e+00   2.6230000e+00   2.9000000e-02
   4.0323000e+00   2.6230000e+00   2.9000000e-02
   4.0486000e+00   2.6220000e+00   2.9000000e-02
   4.0650000e+00   2.6210000e+00   2.8000000e-02
   4.0816000e+00   2.6200000e+00   2.8000000e-02
   4.0984000e+00   2.6200000e+00   2.9000000e-02
   4.1152000e+00   2.6190000e+00   2.9000000e-02
   4.1322000e+00   2.6190000e+00   2.8000000e-02
   4.1494000e+00   2.6180000e+00   2.8000000e-02
   4.1667000e+00   2.6160000e+00   2.8000000e-02
   4.1841000e+00   2.6150000e+00   2.9000000e-02
   4.2017000e+00   2.6150000e+00   3.0000000e-02
   4.2194000e+00   2.6160000e+00   3.0000000e-02
   4.2373000e+00   2.6160000e+00   3.0000000e-02
   4.2553000e+00   2.6150000e+00   2.9000000e-02
   4.2735000e+00   2.6150000e+00   2.8000000e-02
   4.2918000e+00   2.6130000e+00   2.8000000e-02
   4.3103000e+00   2.6120000e+00   2.8000000e-02
   4.3290000e+00   2.6110000e+00   2.8000000e-02
   4.3478000e+00   2.6100000e+00   2.8000000e-02
   4.3668000e+00   2.6090000e+00   2.8000000e-02
   4.3860000e+00   2.6090000e+00   2.9000000e-02
   4.4053000e+00   2.6080000e+00   2.9000000e-02
   4.4248000e+00   2.6070000e+00   2.9000000e-02
   4.4444000e+00   2.6070000e+00   3.0000000e-02
   4.4643000e+00   2.6060000e+00   3.0000000e-02
   4.4843000e+00   2.6050000e+00   3.0000000e-02
   4.5045000e+00   2.6050000e+00   3.0000000e-02
   4.5249000e+00   2.6040000e+00   3.0000000e-02
   4.5455000e+00   2.6040000e+00   3.0000000e-02
   4.5662000e+00   2.6030000e+00   3.0000000e-02
   4.5872000e+00   2.6020000e+00   3.0000000e-02
   4.6083000e+00   2.6020000e+00   3.0000000e-02
   4.6296000e+00   2.6010000e+00   3.0000000e-02
   4.6512000e+00   2.6000000e+00   3.0000000e-02
   4.6729000e+00   2.5990000e+00   3.0000000e-02
   4.6948000e+00   2.5980000e+00   3.0000000e-02
   4.7170000e+00   2.5980000e+00   3.0000000e-02
   4.7393000e+00   2.5970000e+00   3.0000000e-02
   4.7619000e+00   2.5960000e+00   3.0000000e-02
   4.7847000e+00   2.5950000e+00   3.0000000e-02
   4.8077000e+00   2.5950000e+00   3.0000000e-02
   4.8309000e+00   2.5930000e+00   3.0000000e-02
   4.8544000e+00   2.5930000e+00   3.0000000e-02
   4.8780000e+00   2.5920000e+00   3.0000000e-02
   4.9020000e+00   2.5910000e+00   3.1000000e-02
   4.9261000e+00   2.5900000e+00   3.1000000e-02
   4.9505000e+00   2.5880000e+00   3.1000000e-02
   4.9751000e+00   2.5880000e+00   3.1000000e-02
   5.0000000e+00   2.5870000e+00   3.1000000e-02
   5.0251000e+00   2.5860000e+00   3.1000000e-02
   5.0505000e+00   2.5850000e+00   3.0000000e-02
   5.0761000e+00   2.5840000e+00   3.1000000e-02
   5.1020000e+00   2.5830000e+00   3.1000000e-02
   5.1282000e+00   2.5820000e+00   3.1000000e-02
   5.1546000e+00   2.5810000e+00   3.1000000e-02
   5.1813000e+00   2.5800000e+00   3.1000000e-02
   5.2083000e+00   2.5790000e+00   3.1000000e-02
   5.2356000e+00   2.5780000e+00   3.1000000e-02
   5.2632000e+00   2.5760000e+00   3.1000000e-02
   5.2910000e+00   2.5750000e+00   3.1000000e-02
   5.3191000e+00   2.5750000e+00   3.1000000e-02
   5.3476000e+00   2.5730000e+00   3.1000000e-02
   5.3763000e+00   2.5720000e+00   3.1000000e-02
   5.4054000e+00   2.5700000e+00   3.1000000e-02
   5.4348000e+00   2.5690000e+00   3.1000000e-02
   5.4645000e+00   2.5680000e+00   3.1000000e-02
   5.4945000e+00   2.5670000e+00   3.2000000e-02
   5.5249000e+00   2.5650000e+00   3.2000000e-02
   5.5556000e+00   2.5640000e+00   3.2000000e-02
   5.5866000e+00   2.5620000e+00   3.2000000e-02
   5.6180000e+00   2.5610000e+00   3.2000000e-02
   5.6497000e+00   2.5600000e+00   3.2000000e-02
   5.6818000e+00   2.5590000e+00   3.2000000e-02
   5.7143000e+00   2.5570000e+00   3.2000000e-02
   5.7471000e+00   2.5560000e+00   3.2000000e-02
   5.7803000e+00   2.5540000e+00   3.1000000e-02
   5.8140000e+00   2.5520000e+00   3.2000000e-02
   5.8480000e+00   2.5510000e+00   3.2000000e-02
   5.8824000e+00   2.5490000e+00   3.2000000e-02
   5.9172000e+00   2.5470000e+00   3.1000000e-02
   5.9524000e+00   2.5450000e+00   3.1000000e-02
   5.9880000e+00   2.5430000e+00   3.2000000e-02
   6.0241000e+00   2.5420000e+00   3.2000000e-02
   6.0606000e+00   2.5410000e+00   3.2000000e-02
   6.0976000e+00   2.5390000e+00   3.2000000e-02
   6.1350000e+00   2.5360000e+00   3.1000000e-02
   6.1728000e+00   2.5340000e+00   3.1000000e-02
   6.2112000e+00   2.5320000e+00   3.1000000e-02
   6.2500000e+00   2.5290000e+00   3.2000000e-02
   6.2893000e+00   2.5270000e+00   3.2000000e-02
   6.3291000e+00   2.5250000e+00   3.3000000e-02
   6.3694000e+00   2.5240000e+00   3.3000000e-02
   6.4103000e+00   2.5220000e+00   3.3000000e-02
   6.4516000e+00   2.5200000e+00   3.3000000e-02
   6.4935000e+00   2.5170000e+00   3.3000000e-02
   6.5359000e+00   2.5160000e+00   3.3000000e-02
   6.5789000e+00   2.5140000e+00   3.3000000e-02
   6.6225000e+00   2.5110000e+00   3.2000000e-02
   6.6667000e+00   2.5080000e+00   3.1000000e-02
   6.7114000e+00   2.5050000e+00   3.2000000e-02
   6.7568000e+00   2.5030000e+00   3.2000000e-02
   6.8027000e+00   2.5000000e+00   3.2000000e-02
   6.8493000e+00   2.4980000e+00   3.2000000e-02
   6.8966000e+00   2.4940000e+00   3.1000000e-02
   6.9444000e+00   2.4910000e+00   3.1000000e-02
   6.9930000e+00   2.4880000e+00   3.1000000e-02
   7.0423000e+00   2.4850000e+00   3.0000000e-02
   7.0922000e+00   2.4810000e+00   3.0000000e-02
   7.1429000e+00   2.4770000e+00   3.0000000e-02
   7.1942000e+00   2.4740000e+00   3.0000000e-02
   7.2464000e+00   2.4690000e+00   3.0000000e-02
   7.2993000e+00   2.4660000e+00   3.0000000e-02
   7.3529000e+00   2.4620000e+00   2.9000000e-02
   7.4074000e+00   2.4570000e+00   2.9000000e-02
   7.4627000e+00   2.4520000e+00   3.0000000e-02
   7.5188000e+00   2.4470000e+00   3.1000000e-02
   7.5758000e+00   2.4430000e+00   3.1000000e-02
   7.6336000e+00   2.4380000e+00   3.1000000e-02
   7.6923000e+00   2.4330000e+00   3.2000000e-02
   7.7519000e+00   2.4280000e+00   3.3000000e-02
   7.8125000e+00   2.4230000e+00   3.4000000e-02
   7.8740000e+00   2.4180000e+00   3.5000000e-02
   7.9365000e+00   2.4140000e+00   3.5000000e-02
   8.0000000e+00   2.4090000e+00   3.6000000e-02
   8.0645000e+00   2.4040000e+00   3.6000000e-02
   8.1301000e+00   2.3980000e+00   3.7000000e-02
   8.1967000e+00   2.3920000e+00   3.8000000e-02
   8.2645000e+00   2.3860000e+00   3.9000000e-02
   8.3333000e+00   2.3810000e+00   3.9000000e-02
   8.4034000e+00   2.3750000e+00   4.0000000e-02
   8.4746000e+00   2.3690000e+00   4.1000000e-02
   8.5470000e+00   2.3630000e+00   4.2000000e-02
   8.6207000e+00   2.3560000e+00   4.3000000e-02
   8.6957000e+00   2.3490000e+00   4.4000000e-02
   8.7719000e+00   2.3440000e+00   4.4000000e-02
   8.8496000e+00   2.3370000e+00   4.4000000e-02
   8.9286000e+00   2.3290000e+00   4.4000000e-02
   9.0090000e+00   2.3210000e+00   4.4000000e-02
   9.0909000e+00   2.3120000e+00   4.5000000e-02
   9.1743000e+00   2.3030000e+00   4.6000000e-02
   9.2593000e+00   2.2940000e+00   4.7000000e-02
   9.3458000e+00   2.2840000e+00   4.8000000e-02
   9.4340000e+00   2.2750000e+00   5.0000000e-02
   9.5238000e+00   2.2650000e+00   5.2000000e-02
   9.6154000e+00   2.2560000e+00   5.4000000e-02
   9.7087000e+00   2.2460000e+00   5.5000000e-02
   9.8039000e+00   2.2360000e+00   5.5000000e-02
   9.9010000e+00   2.2240000e+00   5.5000000e-02
   1.0000000e+01   2.2120000e+00   5.6000000e-02
   1.0101000e+01   2.1990000e+00   5.7000000e-02
   1.0204100e+01   2.1850000e+00   5.8000000e-02
   1.0309300e+01   2.1700000e+00   6.0000000e-02
   1.0416700e+01   2.1550000e+00   6.4000000e-02
   1.0526300e+01   2.1410000e+00   6.6000000e-02
   1.0638300e+01   2.1260000e+00   6.9000000e-02
   1.0752700e+01   2.1100000e+00   7.2000000e-02
   1.0869600e+01   2.0950000e+00   7.6000000e-02
   1.0989000e+01   2.0810000e+00   7.9000000e-02
   1.1111100e+01   2.0650000e+00   7.8000000e-02
   1.1236000e+01   2.0450000e+00   7.7000000e-02
   1.1363600e+01   2.0230000e+00   7.6000000e-02
   1.1494300e+01   1.9990000e+00   7.7000000e-02
   1.1627900e+01   1.9740000e+00   8.0000000e-02
   1.1764700e+01   1.9490000e+00   8.1000000e-02
   1.1904800e+01   1.9210000e+00   8.3000000e-02
   1.2048200e+01   1.8910000e+00   8.5000000e-02
   1.2195100e+01   1.8570000e+00   8.8000000e-02
   1.2345700e+01   1.8230000e+00   9.3000000e-02
   1.2500000e+01   1.7860000e+00   9.7000000e-02
   1.2658200e+01   1.7450000e+00   1.0200000e-01
   1.2820500e+01   1.7020000e+00   1.0600000e-01
   1.2987000e+01   1.6530000e+00   1.1100000e-01
   1.3157900e+01   1.5970000e+00   1.1900000e-01
   1.3333300e+01   1.5360000e+00   1.3200000e-01
   1.3513500e+01   1.4710000e+00   1.4700000e-01
   1.3698600e+01   1.3990000e+00   1.6700000e-01
   1.3888900e+01   1.3220000e+00   1.9200000e-01
   1.4084500e+01   1.2380000e+00   2.2100000e-01
   1.4285700e+01   1.1450000e+00   2.5600000e-01
   1.4492800e+01   1.0370000e+00   2.9700000e-01
   1.4705900e+01   9.1000000e-01   3.5000000e-01
   1.4925400e+01   7.5400000e-01   4.4000000e-01
   1.5151500e+01   6.0100000e-01   5.8600000e-01
   1.5384600e+01   4.7800000e-01   7.7900000e-01
   1.5625000e+01   4.0300000e-01   9.9400000e-01
   1.5873000e+01   3.6100000e-01   1.2010000e+00
   1.6129000e+01   3.2700000e-01   1.4060000e+00
   1.6393400e+01   3.0700000e-01   1.6240000e+00
   1.6666700e+01   3.0400000e-01   1.8550000e+00
   1.6949200e+01   3.1800000e-01   2.0960000e+00
   1.7241400e+01   3.4200000e-01   2.3580000e+00
   1.7543900e+01   3.9500000e-01   2.6690000e+00
   1.7857100e+01   5.2200000e-01   3.0350000e+00
   1.8181800e+01   7.8700000e-01   3.4360000e+00
   1.8518500e+01   1.2650000e+00   3.7910000e+00
   1.8867900e+01   2.0070000e+00   3.9110000e+00
   1.9230800e+01   2.8200000e+00   3.3680000e+00
   1.9607800e+01   2.6730000e+00   2.2920000e+00
   2.0000000e+01   1.7640000e+00   2.0540000e+00
   2.0408200e+01   1.1050000e+00   2.5530000e+00
   2.0833300e+01   9.0200000e-01   3.3280000e+00
   2.1276600e+01   1.0150000e+00   4.0680000e+00
   2.1739100e+01   1.2680000e+00   4.9930000e+00
   2.2222200e+01   2.2300000e+00   6.3030000e+00
   2.2727300e+01   4.9920000e+00   6.9910000e+00
   2.3255800e+01   7.4310000e+00   4.0770000e+00
   2.3809500e+01   6.2290000e+00   1.5870000e+00
   2.4390200e+01   4.9660000e+00   9.8200000e-01
   2.5000000e+01   4.1000000e+00   7.1800000e-01
   2.5641000e+01   3.2620000e+00   6.5600000e-01
   2.6315800e+01   2.3830000e+00   8.0300000e-01
   2.7027000e+01   1.5540000e+00   1.3900000e+00
   2.7777800e+01   1.0300000e+00   2.2540000e+00
   2.8571400e+01   8.0800000e-01   3.2450000e+00
   2.9411800e+01   8.4600000e-01   4.2840000e+00
   3.0303000e+01   1.0050000e+00   5.3820000e+00
   3.1250000e+01   1.4020000e+00   6.9220000e+00
   3.2258100e+01   2.6810000e+00   9.0620000e+00
   3.3333300e+01   6.4940000e+00   1.1145000e+01
   3.4482800e+01   1.2585000e+01   8.3060000e+00
   3.5714300e+01   1.1932000e+01   2.1500000e+00
   3.7037000e+01   9.4330000e+00   7.8200000e-01
   3.8461500e+01   8.3120000e+00   3.8900000e-01
   4.0000000e+01   7.2900000e+00   1.3200000e-01
   4.1666700e+01   6.6490000e+00   6.0100000e-01
   4.3478300e+01   7.0220000e+00   6.6800000e-01
   4.5454500e+01   6.7890000e+00   3.0000000e-02
   4.7619000e+01   6.3590000e+00  -7.4000000e-02
   5.0000000e+01   6.0940000e+00  -1.1700000e-01
   5.2631600e+01   5.8440000e+00  -1.4800000e-01
   5.5555600e+01   5.6580000e+00  -1.4400000e-01
   5.8823500e+01   5.5090000e+00  -1.3400000e-01
   6.2500000e+01   5.3870000e+00  -1.2400000e-01
   6.6666700e+01   5.2850000e+00  -1.1300000e-01
   7.1428600e+01   5.1980000e+00  -1.0300000e-01
   7.6923100e+01   5.1240000e+00  -9.4000000e-02
   8.3333300e+01   5.0600000e+00  -8.5000000e-02
   9.0909100e+01   5.0050000e+00  -7.6000000e-02
