   2.0000000e-01   2.0995340e+00   0.0000000e+00
   2.1100000e-01   1.9237810e+00   0.0000000e+00
   2.2260000e-01   1.8341350e+00   0.0000000e+00
   2.3480000e-01   1.7762895e+00   0.0000000e+00
   2.4770000e-01   1.7346877e+00   0.0000000e+00
   2.6130000e-01   1.7031248e+00   0.0000000e+00
   2.7570000e-01   1.6782033e+00   0.0000000e+00
   2.9080000e-01   1.6582177e+00   0.0000000e+00
   3.0680000e-01   1.6417191e+00   0.0000000e+00
   3.2360000e-01   1.6280321e+00   0.0000000e+00
   3.4140000e-01   1.6164460e+00   0.0000000e+00
   3.6010000e-01   1.6066341e+00   0.0000000e+00
   3.7990000e-01   1.5981966e+00   0.0000000e+00
   4.0080000e-01   1.5909215e+00   0.0000000e+00
   4.2280000e-01   1.5846323e+00   0.0000000e+00
   4.4600000e-01   1.5791596e+00   0.0000000e+00
   4.7050000e-01   1.5743726e+00   0.0000000e+00
   4.9640000e-01   1.5701684e+00   0.0000000e+00
   5.2360000e-01   1.5664887e+00   0.0000000e+00
   5.5240000e-01   1.5632332e+00   0.0000000e+00
   5.8270000e-01   1.5603652e+00   0.0000000e+00
   6.1470000e-01   1.5578234e+00   0.0000000e+00
   6.4850000e-01   1.5555669e+00   0.0000000e+00
   6.8410000e-01   1.5535663e+00   0.0000000e+00
   7.2170000e-01   1.5517848e+00   0.0000000e+00
   7.6140000e-01   1.5501971e+00   0.0000000e+00
   8.0320000e-01   1.5487844e+00   0.0000000e+00
   8.4730000e-01   1.5475230e+00   0.0000000e+00
   8.9380000e-01   1.5463962e+00   0.0000000e+00
   9.4290000e-01   1.5453871e+00   0.0000000e+00
   9.9470000e-01   1.5444833e+00   0.0000000e+00
   1.0490000e+00   1.5436777e+00   0.0000000e+00
   1.1070000e+00   1.5429456e+00   0.0000000e+00
   1.1680000e+00   1.5422900e+00   0.0000000e+00
   1.2320000e+00   1.5417031e+00   0.0000000e+00
   1.3000000e+00   1.5411703e+00   0.0000000e+00
   1.3710000e+00   1.5406940e+00   0.0000000e+00
   1.4460000e+00   1.5402620e+00   0.0000000e+00
   1.5260000e+00   1.5398658e+00   0.0000000e+00
   1.6100000e+00   1.5395071e+00   0.0000000e+00
   1.6980000e+00   1.5391817e+00   0.0000000e+00
   1.7910000e+00   1.5388826e+00   0.0000000e+00
   1.8900000e+00   1.5386047e+00   0.0000000e+00
   1.9930000e+00   1.5383507e+00   0.0000000e+00
   2.1030000e+00   1.5381109e+00   0.0000000e+00
   2.2180000e+00   1.5378877e+00   0.0000000e+00
   2.3400000e+00   1.5376750e+00   0.0000000e+00
   2.4690000e+00   1.5374714e+00   0.0000000e+00
   2.6040000e+00   1.5372763e+00   0.0000000e+00
   2.7470000e+00   1.5370851e+00   0.0000000e+00
   2.8980000e+00   1.5368963e+00   0.0000000e+00
   3.0570000e+00   1.5367082e+00   0.0000000e+00
   3.2250000e+00   1.5365178e+00   0.0000000e+00
   3.4030000e+00   1.5363227e+00   0.0000000e+00
   3.5890000e+00   1.5361230e+00   0.0000000e+00
   3.7870000e+00   1.5359129e+00   0.0000000e+00
   3.9950000e+00   1.5356926e+00   0.0000000e+00
   4.2140000e+00   1.5354591e+00   0.0000000e+00
   4.4450000e+00   1.5352093e+00   0.0000000e+00
   4.6900000e+00   1.5349389e+00   0.0000000e+00
   4.9470000e+00   1.5346476e+00   0.0000000e+00
   5.2190000e+00   1.5343295e+00   0.0000000e+00
   5.5060000e+00   1.5339817e+00   0.0000000e+00
   5.8080000e+00   1.5336011e+00   0.0000000e+00
   6.1270000e+00   1.5331819e+00   0.0000000e+00
   6.4640000e+00   1.5327188e+00   0.0000000e+00
   6.8190000e+00   1.5322077e+00   0.0000000e+00
   7.1930000e+00   1.5316426e+00   0.0000000e+00
   7.5880000e+00   1.5310152e+00   0.0000000e+00
   8.0050000e+00   1.5303180e+00   0.0000000e+00
   8.4450000e+00   1.5295427e+00   0.0000000e+00
   8.9090000e+00   1.5286804e+00   0.0000000e+00
   9.3980000e+00   1.5277209e+00   0.0000000e+00
   9.9140000e+00   1.5266511e+00   0.0000000e+00
   1.0460000e+01   1.5254539e+00   0.0000000e+00
   1.1030000e+01   1.5241315e+00   0.0000000e+00
   1.1640000e+01   1.5226326e+00   0.0000000e+00
   1.2280000e+01   1.5209654e+00   0.0000000e+00
   1.2950000e+01   1.5191142e+00   0.0000000e+00
   1.3660000e+01   1.5170320e+00   0.0000000e+00
   1.4410000e+01   1.5146948e+00   0.0000000e+00
   1.5210000e+01   1.5120419e+00   0.0000000e+00
   1.6040000e+01   1.5091104e+00   0.0000000e+00
   1.6920000e+01   1.5057971e+00   0.0000000e+00
   1.7850000e+01   1.5020586e+00   0.0000000e+00
   1.8830000e+01   1.4978457e+00   0.0000000e+00
   1.9870000e+01   1.4930556e+00   0.0000000e+00
   2.0960000e+01   1.4876663e+00   0.0000000e+00
   2.2110000e+01   1.4815503e+00   0.0000000e+00
   2.3320000e+01   1.4746113e+00   0.0000000e+00
   2.4610000e+01   1.4666083e+00   0.0000000e+00
   2.5960000e+01   1.4575166e+00   0.0000000e+00
   2.7380000e+01   1.4470992e+00   0.0000000e+00
   2.8890000e+01   1.4349735e+00   0.0000000e+00
   3.0470000e+01   1.4210108e+00   0.0000000e+00
   3.2150000e+01   1.4045667e+00   0.0000000e+00
   3.3910000e+01   1.3853369e+00   0.0000000e+00
   3.5780000e+01   1.3623114e+00   0.0000000e+00
   3.7740000e+01   1.3347900e+00   0.0000000e+00
   3.9810000e+01   1.3011506e+00   0.0000000e+00
   4.2000000e+01   1.2591162e+00   0.0000000e+00
