   2.2000000e-01   1.6360000e+00   0.0000000e+00
   2.4000000e-01   1.5930000e+00   0.0000000e+00
   2.6000000e-01   1.5670000e+00   0.0000000e+00
   2.8000000e-01   1.5500000e+00   0.0000000e+00
   3.0000000e-01   1.5380000e+00   0.0000000e+00
   3.2000000e-01   1.5300000e+00   0.0000000e+00
   3.4000000e-01   1.5230000e+00   0.0000000e+00
   3.6000000e-01   1.5150000e+00   0.0000000e+00
   3.8000000e-01   1.5100000e+00   0.0000000e+00
   4.0000000e-01   1.5060000e+00   0.0000000e+00
   4.2000000e-01   1.5030000e+00   0.0000000e+00
   4.4000000e-01   1.4990000e+00   0.0000000e+00
   4.6000000e-01   1.4950000e+00   0.0000000e+00
   4.8000000e-01   1.4920000e+00   0.0000000e+00
   5.0000000e-01   1.4900000e+00   0.0000000e+00
   5.2000000e-01   1.4880000e+00   0.0000000e+00
   5.4000000e-01   1.4870000e+00   0.0000000e+00
   5.6000000e-01   1.4860000e+00   0.0000000e+00
   5.8000000e-01   1.4860000e+00   0.0000000e+00
   6.0000000e-01   1.4850000e+00   0.0000000e+00
   6.2000000e-01   1.4850000e+00   0.0000000e+00
   6.4000000e-01   1.4840000e+00   0.0000000e+00
   6.6000000e-01   1.4840000e+00   0.0000000e+00
   6.8000000e-01   1.4840000e+00   0.0000000e+00
   7.0000000e-01   1.4840000e+00   0.0000000e+00
   7.2000000e-01   1.4840000e+00   0.0000000e+00
   7.4000000e-01   1.4840000e+00   0.0000000e+00
   7.6000000e-01   1.4840000e+00   0.0000000e+00
   7.8000000e-01   1.4840000e+00   0.0000000e+00
   8.0000000e-01   1.4850000e+00   0.0000000e+00
   8.2000000e-01   1.4850000e+00   0.0000000e+00
   8.4000000e-01   1.4860000e+00   0.0000000e+00
   8.6000000e-01   1.4860000e+00   0.0000000e+00
   8.8000000e-01   1.4860000e+00   0.0000000e+00
   9.0000000e-01   1.4860000e+00   0.0000000e+00
   9.2000000e-01   1.4870000e+00   0.0000000e+00
   9.4000000e-01   1.4870000e+00   0.0000000e+00
   9.6000000e-01   1.4870000e+00   0.0000000e+00
   9.8000000e-01   1.4880000e+00   0.0000000e+00
   1.0000000e+00   1.4880000e+00   0.0000000e+00
   1.0200000e+00   1.4880000e+00   0.0000000e+00
   1.0400000e+00   1.4890000e+00   0.0000000e+00
   1.0600000e+00   1.4890000e+00   0.0000000e+00
   1.0800000e+00   1.4890000e+00   0.0000000e+00
   1.1000000e+00   1.4890000e+00   0.0000000e+00
   1.1200000e+00   1.4900000e+00   0.0000000e+00
   1.1400000e+00   1.4900000e+00   0.0000000e+00
   1.1600000e+00   1.4900000e+00   0.0000000e+00
   1.2000000e+00   1.4890000e+00   0.0000000e+00
   1.2200000e+00   1.4890000e+00   0.0000000e+00
   1.2400000e+00   1.4890000e+00   0.0000000e+00
   1.2600000e+00   1.4890000e+00   0.0000000e+00
   1.2800000e+00   1.4880000e+00   0.0000000e+00
   1.3000000e+00   1.4880000e+00   0.0000000e+00
   1.3200000e+00   1.4880000e+00   0.0000000e+00
   1.3400000e+00   1.4880000e+00   0.0000000e+00
   1.3600000e+00   1.4880000e+00   0.0000000e+00
   1.3800000e+00   1.4880000e+00   0.0000000e+00
   1.4000000e+00   1.4870000e+00   0.0000000e+00
   1.4200000e+00   1.4870000e+00   0.0000000e+00
   1.4400000e+00   1.4870000e+00   0.0000000e+00
   1.4600000e+00   1.4870000e+00   0.0000000e+00
   1.4800000e+00   1.4870000e+00   0.0000000e+00
   1.5000000e+00   1.4860000e+00   0.0000000e+00
   1.5200000e+00   1.4860000e+00   0.0000000e+00
   1.5400000e+00   1.4860000e+00   0.0000000e+00
   1.5600000e+00   1.4860000e+00   0.0000000e+00
   1.5800000e+00   1.4860000e+00   0.0000000e+00
   1.6000000e+00   1.4860000e+00   0.0000000e+00
   1.6200000e+00   1.4860000e+00   0.0000000e+00
   1.6400000e+00   1.4860000e+00   0.0000000e+00
   1.6600000e+00   1.4860000e+00   0.0000000e+00
   1.6800000e+00   1.4860000e+00   0.0000000e+00
   1.7000000e+00   1.4850000e+00   0.0000000e+00
   1.7200000e+00   1.4850000e+00   0.0000000e+00
   1.7400000e+00   1.4850000e+00   0.0000000e+00
   1.7600000e+00   1.4850000e+00   0.0000000e+00
   1.7800000e+00   1.4850000e+00   0.0000000e+00
   1.8000000e+00   1.4850000e+00   0.0000000e+00
   1.8200000e+00   1.4850000e+00   0.0000000e+00
   1.8400000e+00   1.4850000e+00   0.0000000e+00
   1.8600000e+00   1.4850000e+00   0.0000000e+00
   1.8800000e+00   1.4850000e+00   0.0000000e+00
   1.9000000e+00   1.4850000e+00   0.0000000e+00
   1.9200000e+00   1.4850000e+00   0.0000000e+00
   1.9400000e+00   1.4850000e+00   0.0000000e+00
   1.9600000e+00   1.4850000e+00   0.0000000e+00
   1.9800000e+00   1.4850000e+00   0.0000000e+00
   2.0000000e+00   1.4840000e+00   0.0000000e+00
   2.0200000e+00   1.4840000e+00   0.0000000e+00
   2.0400000e+00   1.4840000e+00   0.0000000e+00
   2.0600000e+00   1.4840000e+00   0.0000000e+00
   2.0800000e+00   1.4840000e+00   0.0000000e+00
   2.1000000e+00   1.4840000e+00   0.0000000e+00
   2.1200000e+00   1.4830000e+00   0.0000000e+00
   2.1400000e+00   1.4830000e+00   0.0000000e+00
   2.1600000e+00   1.4830000e+00   0.0000000e+00
   2.1800000e+00   1.4830000e+00   0.0000000e+00
   2.2000000e+00   1.4820000e+00   0.0000000e+00
   2.2200000e+00   1.4820000e+00   0.0000000e+00
   2.2400000e+00   1.4820000e+00   0.0000000e+00
   2.2600000e+00   1.4820000e+00   0.0000000e+00
   2.2800000e+00   1.4820000e+00   0.0000000e+00
   2.3000000e+00   1.4820000e+00   0.0000000e+00
   2.3200000e+00   1.4810000e+00   0.0000000e+00
   2.3400000e+00   1.4810000e+00   0.0000000e+00
   2.3600000e+00   1.4800000e+00   0.0000000e+00
   2.3800000e+00   1.4800000e+00   0.0000000e+00
   2.4000000e+00   1.4800000e+00   0.0000000e+00
   2.4200000e+00   1.4790000e+00   0.0000000e+00
   2.4400000e+00   1.4790000e+00   0.0000000e+00
   2.4600000e+00   1.4790000e+00   0.0000000e+00
   2.4800000e+00   1.4780000e+00   0.0000000e+00
   2.5000000e+00   1.4780000e+00   0.0000000e+00
   2.5126000e+00   1.4780000e+00   0.0000000e+00
   2.5253000e+00   1.4780000e+00   0.0000000e+00
   2.5381000e+00   1.4780000e+00   0.0000000e+00
   2.5510000e+00   1.4780000e+00   0.0000000e+00
   2.5641000e+00   1.4780000e+00   0.0000000e+00
   2.5773000e+00   1.4780000e+00   0.0000000e+00
   2.5907000e+00   1.4780000e+00   0.0000000e+00
   2.6042000e+00   1.4780000e+00   0.0000000e+00
   2.6178000e+00   1.4780000e+00   0.0000000e+00
   2.6316000e+00   1.4780000e+00   0.0000000e+00
   2.6455000e+00   1.4780000e+00   0.0000000e+00
   2.6596000e+00   1.4780000e+00   0.0000000e+00
   2.6738000e+00   1.4780000e+00   0.0000000e+00
   2.6882000e+00   1.4780000e+00   0.0000000e+00
   2.7027000e+00   1.4780000e+00   0.0000000e+00
   2.7174000e+00   1.4780000e+00   0.0000000e+00
   2.7322000e+00   1.4780000e+00   0.0000000e+00
   2.7473000e+00   1.4780000e+00   0.0000000e+00
   2.7624000e+00   1.4780000e+00   0.0000000e+00
   2.7778000e+00   1.4780000e+00   0.0000000e+00
   2.7933000e+00   1.4780000e+00   0.0000000e+00
   2.8090000e+00   1.4780000e+00   0.0000000e+00
   2.8249000e+00   1.4780000e+00   0.0000000e+00
   2.8409000e+00   1.4780000e+00   0.0000000e+00
   2.8571000e+00   1.4780000e+00   0.0000000e+00
   2.8736000e+00   1.4780000e+00   0.0000000e+00
   2.8902000e+00   1.4780000e+00   0.0000000e+00
   2.9070000e+00   1.4780000e+00   0.0000000e+00
   2.9240000e+00   1.4770000e+00   0.0000000e+00
   2.9412000e+00   1.4770000e+00   0.0000000e+00
   2.9586000e+00   1.4770000e+00   0.0000000e+00
   2.9762000e+00   1.4770000e+00   0.0000000e+00
   2.9940000e+00   1.4770000e+00   0.0000000e+00
   3.0120000e+00   1.4770000e+00   0.0000000e+00
   3.0303000e+00   1.4770000e+00   0.0000000e+00
   3.0488000e+00   1.4770000e+00   0.0000000e+00
   3.0675000e+00   1.4770000e+00   0.0000000e+00
   3.0864000e+00   1.4770000e+00   0.0000000e+00
   3.1056000e+00   1.4770000e+00   0.0000000e+00
   3.1250000e+00   1.4770000e+00   0.0000000e+00
   3.1447000e+00   1.4770000e+00   0.0000000e+00
   3.1646000e+00   1.4770000e+00   0.0000000e+00
   3.1847000e+00   1.4770000e+00   0.0000000e+00
   3.2051000e+00   1.4770000e+00   0.0000000e+00
   3.2258000e+00   1.4770000e+00   0.0000000e+00
   3.2468000e+00   1.4770000e+00   0.0000000e+00
   3.2680000e+00   1.4760000e+00   0.0000000e+00
   3.2895000e+00   1.4760000e+00   0.0000000e+00
   3.3113000e+00   1.4760000e+00   0.0000000e+00
   3.3333000e+00   1.4760000e+00   0.0000000e+00
   3.3557000e+00   1.4760000e+00   0.0000000e+00
   3.3784000e+00   1.4760000e+00   0.0000000e+00
   3.4014000e+00   1.4760000e+00   0.0000000e+00
   3.4247000e+00   1.4760000e+00   0.0000000e+00
   3.4483000e+00   1.4760000e+00   0.0000000e+00
   3.4722000e+00   1.4760000e+00   0.0000000e+00
   3.4965000e+00   1.4760000e+00   0.0000000e+00
   3.5211000e+00   1.4760000e+00   0.0000000e+00
   3.5461000e+00   1.4760000e+00   0.0000000e+00
   3.5714000e+00   1.4760000e+00   0.0000000e+00
   3.5971000e+00   1.4760000e+00   0.0000000e+00
   3.6232000e+00   1.4760000e+00   0.0000000e+00
   3.6496000e+00   1.4760000e+00   0.0000000e+00
   3.6765000e+00   1.4750000e+00   0.0000000e+00
   3.7037000e+00   1.4750000e+00   0.0000000e+00
   3.7313000e+00   1.4750000e+00   0.0000000e+00
   3.7594000e+00   1.4750000e+00   0.0000000e+00
   3.7879000e+00   1.4750000e+00   0.0000000e+00
   3.8168000e+00   1.4750000e+00   0.0000000e+00
   3.8462000e+00   1.4750000e+00   0.0000000e+00
   3.8760000e+00   1.4750000e+00   0.0000000e+00
   3.9063000e+00   1.4750000e+00   0.0000000e+00
   3.9370000e+00   1.4750000e+00   0.0000000e+00
   3.9683000e+00   1.4750000e+00   0.0000000e+00
   4.0000000e+00   1.4750000e+00   0.0000000e+00
   4.0323000e+00   1.4750000e+00   0.0000000e+00
   4.0650000e+00   1.4750000e+00   0.0000000e+00
   4.0984000e+00   1.4750000e+00   0.0000000e+00
   4.1322000e+00   1.4750000e+00   0.0000000e+00
   4.1667000e+00   1.4740000e+00   0.0000000e+00
   4.2017000e+00   1.4740000e+00   0.0000000e+00
   4.2373000e+00   1.4740000e+00   0.0000000e+00
   4.2735000e+00   1.4740000e+00   0.0000000e+00
   4.3103000e+00   1.4740000e+00   0.0000000e+00
   4.3478000e+00   1.4740000e+00   0.0000000e+00
   4.3860000e+00   1.4740000e+00   0.0000000e+00
   4.4248000e+00   1.4740000e+00   0.0000000e+00
   4.4643000e+00   1.4740000e+00   0.0000000e+00
   4.5045000e+00   1.4740000e+00   1.0000000e-03
   4.5455000e+00   1.4740000e+00   0.0000000e+00
   4.5872000e+00   1.4730000e+00   0.0000000e+00
   4.6296000e+00   1.4730000e+00   1.0000000e-03
   4.6729000e+00   1.4730000e+00   0.0000000e+00
   4.7170000e+00   1.4730000e+00   1.0000000e-03
   4.7619000e+00   1.4730000e+00   0.0000000e+00
   4.8077000e+00   1.4720000e+00   1.0000000e-03
   4.8544000e+00   1.4720000e+00   1.0000000e-03
   4.9020000e+00   1.4720000e+00   1.0000000e-03
   4.9505000e+00   1.4720000e+00   1.0000000e-03
   5.0000000e+00   1.4720000e+00   1.0000000e-03
   5.0505000e+00   1.4720000e+00   1.0000000e-03
   5.1020000e+00   1.4720000e+00   1.0000000e-03
   5.1546000e+00   1.4710000e+00   1.0000000e-03
   5.2083000e+00   1.4710000e+00   1.0000000e-03
   5.2632000e+00   1.4710000e+00   2.0000000e-03
   5.3191000e+00   1.4710000e+00   1.0000000e-03
   5.3763000e+00   1.4700000e+00   2.0000000e-03
   5.4348000e+00   1.4700000e+00   2.0000000e-03
   5.4945000e+00   1.4700000e+00   2.0000000e-03
   5.5556000e+00   1.4700000e+00   2.0000000e-03
   5.6180000e+00   1.4700000e+00   2.0000000e-03
   5.6818000e+00   1.4700000e+00   3.0000000e-03
   5.7471000e+00   1.4700000e+00   2.0000000e-03
   5.8140000e+00   1.4690000e+00   3.0000000e-03
   5.8824000e+00   1.4690000e+00   3.0000000e-03
   5.9524000e+00   1.4690000e+00   3.0000000e-03
   6.0241000e+00   1.4690000e+00   3.0000000e-03
   6.0976000e+00   1.4690000e+00   3.0000000e-03
   6.1728000e+00   1.4680000e+00   3.0000000e-03
   6.2500000e+00   1.4680000e+00   3.0000000e-03
   6.3291000e+00   1.4680000e+00   4.0000000e-03
   6.4103000e+00   1.4680000e+00   4.0000000e-03
   6.4935000e+00   1.4680000e+00   4.0000000e-03
   6.5789000e+00   1.4680000e+00   4.0000000e-03
   6.6667000e+00   1.4680000e+00   4.0000000e-03
   6.7568000e+00   1.4670000e+00   4.0000000e-03
   6.8493000e+00   1.4670000e+00   4.0000000e-03
   6.9444000e+00   1.4670000e+00   5.0000000e-03
   7.0423000e+00   1.4670000e+00   4.0000000e-03
   7.1429000e+00   1.4660000e+00   5.0000000e-03
   7.2464000e+00   1.4660000e+00   5.0000000e-03
   7.3529000e+00   1.4660000e+00   5.0000000e-03
   7.4627000e+00   1.4660000e+00   5.0000000e-03
   7.5758000e+00   1.4660000e+00   5.0000000e-03
   7.6923000e+00   1.4650000e+00   5.0000000e-03
   7.8125000e+00   1.4650000e+00   5.0000000e-03
   7.9365000e+00   1.4650000e+00   5.0000000e-03
   8.0645000e+00   1.4640000e+00   5.0000000e-03
   8.1967000e+00   1.4640000e+00   5.0000000e-03
   8.3333000e+00   1.4640000e+00   5.0000000e-03
   8.4746000e+00   1.4630000e+00   5.0000000e-03
   8.6207000e+00   1.4630000e+00   5.0000000e-03
   8.7719000e+00   1.4620000e+00   5.0000000e-03
   8.9286000e+00   1.4620000e+00   5.0000000e-03
   9.0909000e+00   1.4610000e+00   5.0000000e-03
   9.2593000e+00   1.4600000e+00   5.0000000e-03
   9.4340000e+00   1.4600000e+00   5.0000000e-03
   9.6154000e+00   1.4590000e+00   5.0000000e-03
   9.8039000e+00   1.4580000e+00   5.0000000e-03
   1.0000000e+01   1.4580000e+00   5.0000000e-03
   1.0204100e+01   1.4570000e+00   5.0000000e-03
   1.0416700e+01   1.4560000e+00   4.0000000e-03
   1.0638300e+01   1.4550000e+00   5.0000000e-03
   1.0869600e+01   1.4540000e+00   5.0000000e-03
   1.1111100e+01   1.4530000e+00   4.0000000e-03
   1.1363600e+01   1.4510000e+00   4.0000000e-03
   1.1627900e+01   1.4500000e+00   5.0000000e-03
   1.1904800e+01   1.4480000e+00   5.0000000e-03
   1.2195100e+01   1.4470000e+00   6.0000000e-03
   1.2500000e+01   1.4450000e+00   6.0000000e-03
   1.2820500e+01   1.4440000e+00   6.0000000e-03
   1.3157900e+01   1.4420000e+00   7.0000000e-03
   1.3513500e+01   1.4400000e+00   7.0000000e-03
   1.3888900e+01   1.4390000e+00   8.0000000e-03
   1.4285700e+01   1.4370000e+00   8.0000000e-03
   1.4705900e+01   1.4350000e+00   8.0000000e-03
   1.5151500e+01   1.4330000e+00   8.0000000e-03
   1.5625000e+01   1.4300000e+00   8.0000000e-03
   1.6129000e+01   1.4270000e+00   8.0000000e-03
   1.6666700e+01   1.4240000e+00   8.0000000e-03
   1.7241400e+01   1.4200000e+00   6.0000000e-03
   1.7857100e+01   1.4150000e+00   6.0000000e-03
   1.8518500e+01   1.4110000e+00   6.0000000e-03
   1.9230800e+01   1.4040000e+00   4.0000000e-03
   2.0000000e+01   1.3960000e+00   3.0000000e-03
   2.0833300e+01   1.3860000e+00   5.0000000e-03
   2.1739100e+01   1.3780000e+00   6.0000000e-03
   2.2727300e+01   1.3670000e+00   5.0000000e-03
   2.3809500e+01   1.3540000e+00   6.0000000e-03
   2.5000000e+01   1.3380000e+00   5.0000000e-03
   2.6315800e+01   1.3180000e+00   7.0000000e-03
   2.7777800e+01   1.2970000e+00   1.0000000e-02
   2.9411800e+01   1.2690000e+00   9.0000000e-03
   3.1250000e+01   1.2290000e+00   8.0000000e-03
   3.3333300e+01   1.1740000e+00   1.3000000e-02
   3.5714300e+01   1.0930000e+00   2.3000000e-02
   3.8461500e+01   9.7900000e-01   6.7000000e-02
   4.1666700e+01   8.4300000e-01   1.6200000e-01
   4.5454500e+01   5.5300000e-01   4.1100000e-01
   5.0000000e+01   5.6600000e-01   5.6900000e-01
   5.5555600e+01   3.1100000e-01   1.1490000e+00
   6.2500000e+01   3.0300000e-01   2.4250000e+00
   7.1428600e+01   5.5000000e+00   3.3370000e+00
   8.3333300e+01   3.0100000e+00   2.4900000e-01
   1.0000000e+02   2.5610000e+00   1.8600000e-01
   1.2500000e+02   2.3600000e+00   1.7300000e-01
   1.6666670e+02   2.2900000e+00   1.5400000e-01
