   2.2000000e-01   9.5700000e-01   1.4210000e+00
   2.4000000e-01   9.8300000e-01   1.5310000e+00
   2.6000000e-01   1.0010000e+00   1.6520000e+00
   2.8000000e-01   1.0200000e+00   1.7830000e+00
   3.0000000e-01   1.0480000e+00   1.9210000e+00
   3.2000000e-01   1.0860000e+00   2.0720000e+00
   3.4000000e-01   1.1480000e+00   2.2190000e+00
   3.6000000e-01   1.2150000e+00   2.3510000e+00
   3.8000000e-01   1.2870000e+00   2.4840000e+00
   4.0000000e-01   1.3700000e+00   2.6120000e+00
   4.2000000e-01   1.4600000e+00   2.7240000e+00
   4.4000000e-01   1.5490000e+00   2.8270000e+00
   4.6000000e-01   1.6390000e+00   2.9260000e+00
   4.8000000e-01   1.7320000e+00   3.0120000e+00
   5.0000000e-01   1.8160000e+00   3.0930000e+00
   5.2000000e-01   1.9050000e+00   3.1700000e+00
   5.4000000e-01   1.9880000e+00   3.2390000e+00
   5.6000000e-01   2.0650000e+00   3.3030000e+00
   5.8000000e-01   2.1380000e+00   3.3800000e+00
   6.0000000e-01   2.2230000e+00   3.4420000e+00
   6.2000000e-01   2.2960000e+00   3.5010000e+00
   6.4000000e-01   2.3770000e+00   3.5610000e+00
   6.6000000e-01   2.4500000e+00   3.6060000e+00
   6.8000000e-01   2.5130000e+00   3.6540000e+00
   7.0000000e-01   2.5750000e+00   3.7100000e+00
   7.2000000e-01   2.6380000e+00   3.7640000e+00
   7.4000000e-01   2.7020000e+00   3.8190000e+00
   7.6000000e-01   2.7650000e+00   3.8760000e+00
   7.8000000e-01   2.8350000e+00   3.9320000e+00
   8.0000000e-01   2.9160000e+00   3.9870000e+00
   8.2000000e-01   2.9850000e+00   4.0110000e+00
   8.4000000e-01   3.0530000e+00   4.0520000e+00
   8.6000000e-01   3.1030000e+00   4.0660000e+00
   8.8000000e-01   3.1400000e+00   4.1030000e+00
   9.0000000e-01   3.1770000e+00   4.1610000e+00
   9.2000000e-01   3.2300000e+00   4.2250000e+00
   9.4000000e-01   3.2870000e+00   4.2650000e+00
   9.6000000e-01   3.3420000e+00   4.3230000e+00
   9.8000000e-01   3.4090000e+00   4.3820000e+00
   1.0000000e+00   3.4800000e+00   4.4120000e+00
   1.0200000e+00   3.5210000e+00   4.4570000e+00
   1.0400000e+00   3.5870000e+00   4.5060000e+00
   1.0600000e+00   3.6570000e+00   4.5500000e+00
   1.0800000e+00   3.7220000e+00   4.5920000e+00
   1.1000000e+00   3.7930000e+00   4.6240000e+00
   1.1200000e+00   3.8580000e+00   4.6490000e+00
   1.1400000e+00   3.9080000e+00   4.6730000e+00
   1.1600000e+00   3.9650000e+00   4.7090000e+00
   1.1800000e+00   4.0320000e+00   4.7410000e+00
   1.2000000e+00   4.0980000e+00   4.7510000e+00
   1.2200000e+00   4.1400000e+00   4.7730000e+00
   1.2400000e+00   4.1940000e+00   4.8010000e+00
   1.2600000e+00   4.2430000e+00   4.8260000e+00
   1.2800000e+00   4.2960000e+00   4.8580000e+00
   1.3000000e+00   4.3500000e+00   4.8670000e+00
   1.3200000e+00   4.3990000e+00   4.8820000e+00
   1.3400000e+00   4.4360000e+00   4.9110000e+00
   1.3600000e+00   4.4930000e+00   4.9330000e+00
   1.3800000e+00   4.5370000e+00   4.9410000e+00
   1.4000000e+00   4.5630000e+00   4.9620000e+00
   1.4200000e+00   4.6170000e+00   4.9930000e+00
   1.4400000e+00   4.6460000e+00   5.0060000e+00
   1.4600000e+00   4.7000000e+00   5.0370000e+00
   1.4800000e+00   4.7360000e+00   5.0600000e+00
   1.5000000e+00   4.7800000e+00   5.0800000e+00
   1.5200000e+00   4.8240000e+00   5.0960000e+00
   1.5400000e+00   4.8510000e+00   5.1120000e+00
   1.5600000e+00   4.8990000e+00   5.1390000e+00
   1.5800000e+00   4.9340000e+00   5.1550000e+00
   1.6000000e+00   4.9750000e+00   5.1710000e+00
   1.6200000e+00   5.0120000e+00   5.2060000e+00
   1.6400000e+00   5.0470000e+00   5.2140000e+00
   1.6600000e+00   5.0880000e+00   5.2330000e+00
   1.6800000e+00   5.1210000e+00   5.2560000e+00
   1.7000000e+00   5.1490000e+00   5.2800000e+00
   1.7200000e+00   5.1930000e+00   5.2900000e+00
   1.7400000e+00   5.2150000e+00   5.3250000e+00
   1.7600000e+00   5.2630000e+00   5.3340000e+00
   1.7800000e+00   5.2810000e+00   5.3590000e+00
   1.8000000e+00   5.3050000e+00   5.3700000e+00
   1.8200000e+00   5.3380000e+00   5.4120000e+00
   1.8400000e+00   5.3690000e+00   5.4550000e+00
   1.8600000e+00   5.4310000e+00   5.4670000e+00
   1.8800000e+00   5.4230000e+00   5.4910000e+00
   1.9000000e+00   5.4940000e+00   5.5680000e+00
   1.9200000e+00   5.5460000e+00   5.5920000e+00
   1.9400000e+00   5.6100000e+00   5.5940000e+00
   1.9600000e+00   5.6700000e+00   5.6110000e+00
   1.9800000e+00   5.7210000e+00   5.6220000e+00
   2.0000000e+00   5.7690000e+00   5.6100000e+00
   2.0200000e+00   5.8000000e+00   5.5930000e+00
   2.0400000e+00   5.8190000e+00   5.6090000e+00
   2.0600000e+00   5.8450000e+00   5.6260000e+00
   2.0800000e+00   5.8700000e+00   5.6370000e+00
   2.1000000e+00   5.9090000e+00   5.6590000e+00
   2.1200000e+00   5.9470000e+00   5.6780000e+00
   2.1400000e+00   5.9920000e+00   5.6800000e+00
   2.1600000e+00   6.0150000e+00   5.6830000e+00
   2.1800000e+00   6.0410000e+00   5.6980000e+00
   2.2000000e+00   6.0820000e+00   5.7110000e+00
   2.2200000e+00   6.1010000e+00   5.7070000e+00
   2.2400000e+00   6.1350000e+00   5.7150000e+00
   2.2600000e+00   6.1520000e+00   5.7420000e+00
   2.2800000e+00   6.1850000e+00   5.7320000e+00
   2.3000000e+00   6.1940000e+00   5.7520000e+00
   2.3200000e+00   6.2160000e+00   5.7700000e+00
   2.3400000e+00   6.2470000e+00   5.7900000e+00
   2.3600000e+00   6.2790000e+00   5.8040000e+00
   2.3800000e+00   6.2860000e+00   5.8070000e+00
   2.4000000e+00   6.3200000e+00   5.8380000e+00
   2.4200000e+00   6.3510000e+00   5.8730000e+00
   2.4400000e+00   6.3940000e+00   5.8770000e+00
   2.4600000e+00   6.4320000e+00   5.8830000e+00
   2.4800000e+00   6.4860000e+00   5.9010000e+00
   2.5000000e+00   6.5030000e+00   5.8310000e+00
   2.5126000e+00   6.4900000e+00   5.8420000e+00
   2.5253000e+00   6.4910000e+00   5.8510000e+00
   2.5381000e+00   6.4940000e+00   5.8630000e+00
   2.5510000e+00   6.4970000e+00   5.8770000e+00
   2.5641000e+00   6.5040000e+00   5.8890000e+00
   2.5773000e+00   6.5140000e+00   5.9060000e+00
   2.5907000e+00   6.5250000e+00   5.9190000e+00
   2.6042000e+00   6.5390000e+00   5.9360000e+00
   2.6178000e+00   6.5490000e+00   5.9490000e+00
   2.6316000e+00   6.5640000e+00   5.9670000e+00
   2.6455000e+00   6.5780000e+00   5.9790000e+00
   2.6596000e+00   6.5950000e+00   5.9920000e+00
   2.6738000e+00   6.6070000e+00   6.0030000e+00
   2.6882000e+00   6.6230000e+00   6.0210000e+00
   2.7027000e+00   6.6420000e+00   6.0340000e+00
   2.7174000e+00   6.6590000e+00   6.0470000e+00
   2.7322000e+00   6.6760000e+00   6.0590000e+00
   2.7473000e+00   6.6910000e+00   6.0720000e+00
   2.7624000e+00   6.7110000e+00   6.0890000e+00
   2.7778000e+00   6.7280000e+00   6.0980000e+00
   2.7933000e+00   6.7420000e+00   6.1150000e+00
   2.8090000e+00   6.7620000e+00   6.1280000e+00
   2.8249000e+00   6.7810000e+00   6.1410000e+00
   2.8409000e+00   6.7960000e+00   6.1580000e+00
   2.8571000e+00   6.8180000e+00   6.1710000e+00
   2.8736000e+00   6.8370000e+00   6.1840000e+00
   2.8902000e+00   6.8600000e+00   6.1970000e+00
   2.9070000e+00   6.8760000e+00   6.2100000e+00
   2.9240000e+00   6.8940000e+00   6.2300000e+00
   2.9412000e+00   6.9130000e+00   6.2430000e+00
   2.9586000e+00   6.9330000e+00   6.2560000e+00
   2.9762000e+00   6.9560000e+00   6.2690000e+00
   2.9940000e+00   6.9740000e+00   6.2780000e+00
   3.0120000e+00   6.9920000e+00   6.2960000e+00
   3.0303000e+00   7.0120000e+00   6.3100000e+00
   3.0488000e+00   7.0330000e+00   6.3250000e+00
   3.0675000e+00   7.0520000e+00   6.3430000e+00
   3.0864000e+00   7.0740000e+00   6.3560000e+00
   3.1056000e+00   7.0940000e+00   6.3700000e+00
   3.1250000e+00   7.1130000e+00   6.3900000e+00
   3.1447000e+00   7.1390000e+00   6.4080000e+00
   3.1646000e+00   7.1610000e+00   6.4220000e+00
   3.1847000e+00   7.1840000e+00   6.4420000e+00
   3.2051000e+00   7.2060000e+00   6.4560000e+00
   3.2258000e+00   7.2280000e+00   6.4700000e+00
   3.2468000e+00   7.2540000e+00   6.4850000e+00
   3.2680000e+00   7.2770000e+00   6.5030000e+00
   3.2895000e+00   7.3000000e+00   6.5170000e+00
   3.3113000e+00   7.3250000e+00   6.5330000e+00
   3.3333000e+00   7.3490000e+00   6.5470000e+00
   3.3557000e+00   7.3690000e+00   6.5660000e+00
   3.3784000e+00   7.3960000e+00   6.5870000e+00
   3.4014000e+00   7.4160000e+00   6.6010000e+00
   3.4247000e+00   7.4410000e+00   6.6220000e+00
   3.4483000e+00   7.4670000e+00   6.6360000e+00
   3.4722000e+00   7.4920000e+00   6.6520000e+00
   3.4965000e+00   7.5200000e+00   6.6720000e+00
   3.5211000e+00   7.5470000e+00   6.6930000e+00
   3.5461000e+00   7.5710000e+00   6.7070000e+00
   3.5714000e+00   7.5930000e+00   6.7240000e+00
   3.5971000e+00   7.6180000e+00   6.7440000e+00
   3.6232000e+00   7.6440000e+00   6.7660000e+00
   3.6496000e+00   7.6710000e+00   6.7870000e+00
   3.6765000e+00   7.7000000e+00   6.8090000e+00
   3.7037000e+00   7.7310000e+00   6.8300000e+00
   3.7313000e+00   7.7570000e+00   6.8510000e+00
   3.7594000e+00   7.7870000e+00   6.8670000e+00
   3.7879000e+00   7.8170000e+00   6.8890000e+00
   3.8168000e+00   7.8490000e+00   6.9040000e+00
   3.8462000e+00   7.8740000e+00   6.9270000e+00
   3.8760000e+00   7.9020000e+00   6.9490000e+00
   3.9063000e+00   7.9280000e+00   6.9720000e+00
   3.9370000e+00   7.9540000e+00   6.9940000e+00
   3.9683000e+00   7.9880000e+00   7.0230000e+00
   4.0000000e+00   8.0220000e+00   7.0520000e+00
   4.0323000e+00   8.0590000e+00   7.0740000e+00
   4.0650000e+00   8.0940000e+00   7.1050000e+00
   4.0984000e+00   8.1320000e+00   7.1270000e+00
   4.1322000e+00   8.1700000e+00   7.1500000e+00
   4.1667000e+00   8.2070000e+00   7.1650000e+00
   4.2017000e+00   8.2440000e+00   7.1880000e+00
   4.2373000e+00   8.2820000e+00   7.2110000e+00
   4.2735000e+00   8.3210000e+00   7.2340000e+00
   4.3103000e+00   8.3550000e+00   7.2580000e+00
   4.3478000e+00   8.3950000e+00   7.2810000e+00
   4.3860000e+00   8.4340000e+00   7.2980000e+00
   4.4248000e+00   8.4770000e+00   7.3220000e+00
   4.4643000e+00   8.5100000e+00   7.3400000e+00
   4.5045000e+00   8.5460000e+00   7.3560000e+00
   4.5455000e+00   8.5820000e+00   7.3800000e+00
   4.5872000e+00   8.6220000e+00   7.3980000e+00
   4.6296000e+00   8.6540000e+00   7.4230000e+00
   4.6729000e+00   8.6900000e+00   7.4480000e+00
   4.7170000e+00   8.7210000e+00   7.4740000e+00
   4.7619000e+00   8.7540000e+00   7.5080000e+00
   4.8077000e+00   8.7930000e+00   7.5420000e+00
   4.8544000e+00   8.8380000e+00   7.5740000e+00
   4.9020000e+00   8.8770000e+00   7.6080000e+00
   4.9505000e+00   8.9250000e+00   7.6420000e+00
   5.0000000e+00   8.9690000e+00   7.6760000e+00
   5.0505000e+00   9.0200000e+00   7.7100000e+00
   5.1020000e+00   9.0670000e+00   7.7420000e+00
   5.1546000e+00   9.1190000e+00   7.7690000e+00
   5.2083000e+00   9.1720000e+00   7.8030000e+00
   5.2632000e+00   9.2200000e+00   7.8390000e+00
   5.3191000e+00   9.2700000e+00   7.8650000e+00
   5.3763000e+00   9.3290000e+00   7.8990000e+00
   5.4348000e+00   9.3850000e+00   7.9340000e+00
   5.4945000e+00   9.4380000e+00   7.9700000e+00
   5.5556000e+00   9.5000000e+00   7.9940000e+00
   5.6180000e+00   9.5550000e+00   8.0130000e+00
   5.6818000e+00   9.6100000e+00   8.0490000e+00
   5.7471000e+00   9.6670000e+00   8.0780000e+00
   5.8140000e+00   9.7230000e+00   8.1040000e+00
   5.8824000e+00   9.7800000e+00   8.1410000e+00
   5.9524000e+00   9.8360000e+00   8.1790000e+00
   6.0241000e+00   9.8990000e+00   8.2070000e+00
   6.0976000e+00   9.9640000e+00   8.2440000e+00
   6.1728000e+00   1.0030000e+01   8.2720000e+00
   6.2500000e+00   1.0094000e+01   8.2990000e+00
   6.3291000e+00   1.0154000e+01   8.3290000e+00
   6.4103000e+00   1.0221000e+01   8.3660000e+00
   6.4935000e+00   1.0279000e+01   8.3970000e+00
   6.5789000e+00   1.0352000e+01   8.4340000e+00
   6.6667000e+00   1.0418000e+01   8.4610000e+00
   6.7568000e+00   1.0485000e+01   8.5030000e+00
   6.8493000e+00   1.0551000e+01   8.5220000e+00
   6.9444000e+00   1.0610000e+01   8.5630000e+00
   7.0423000e+00   1.0683000e+01   8.6140000e+00
   7.1429000e+00   1.0762000e+01   8.6430000e+00
   7.2464000e+00   1.0834000e+01   8.6830000e+00
   7.3529000e+00   1.0907000e+01   8.7260000e+00
   7.4627000e+00   1.0990000e+01   8.7640000e+00
   7.5758000e+00   1.1059000e+01   8.7970000e+00
   7.6923000e+00   1.1141000e+01   8.8360000e+00
   7.8125000e+00   1.1222000e+01   8.8800000e+00
   7.9365000e+00   1.1297000e+01   8.9250000e+00
   8.0645000e+00   1.1382000e+01   8.9790000e+00
   8.1967000e+00   1.1467000e+01   9.0200000e+00
   8.3333000e+00   1.1564000e+01   9.0750000e+00
   8.4746000e+00   1.1666000e+01   9.1130000e+00
   8.6207000e+00   1.1760000e+01   9.1430000e+00
   8.7719000e+00   1.1851000e+01   9.1880000e+00
   8.9286000e+00   1.1941000e+01   9.2190000e+00
   9.0909000e+00   1.2031000e+01   9.2650000e+00
   9.2593000e+00   1.2130000e+01   9.3060000e+00
   9.4340000e+00   1.2231000e+01   9.3510000e+00
   9.6154000e+00   1.2322000e+01   9.3830000e+00
   9.8039000e+00   1.2421000e+01   9.4300000e+00
   1.0000000e+01   1.2524000e+01   9.4750000e+00
   1.0204100e+01   1.2615000e+01   9.5210000e+00
   1.0416700e+01   1.2722000e+01   9.5710000e+00
   1.0638300e+01   1.2814000e+01   9.6180000e+00
   1.0869600e+01   1.2915000e+01   9.6670000e+00
   1.1111100e+01   1.3018000e+01   9.7170000e+00
   1.1363600e+01   1.3103000e+01   9.7720000e+00
   1.1627900e+01   1.3197000e+01   9.8430000e+00
   1.1904800e+01   1.3295000e+01   9.9140000e+00
   1.2195100e+01   1.3404000e+01   9.9830000e+00
   1.2500000e+01   1.3520000e+01   1.0065000e+01
   1.2820500e+01   1.3637000e+01   1.0134000e+01
   1.3157900e+01   1.3746000e+01   1.0207000e+01
   1.3513500e+01   1.3839000e+01   1.0268000e+01
   1.3888900e+01   1.3934000e+01   1.0367000e+01
   1.4285700e+01   1.4023000e+01   1.0470000e+01
   1.4705900e+01   1.4104000e+01   1.0597000e+01
   1.5151500e+01   1.4200000e+01   1.0736000e+01
   1.5625000e+01   1.4307000e+01   1.0901000e+01
   1.6129000e+01   1.4434000e+01   1.1085000e+01
   1.6666700e+01   1.4574000e+01   1.1266000e+01
   1.7241400e+01   1.4719000e+01   1.1478000e+01
   1.7857100e+01   1.4888000e+01   1.1690000e+01
   1.8518500e+01   1.5064000e+01   1.1925000e+01
   1.9230800e+01   1.5246000e+01   1.2156000e+01
   2.0000000e+01   1.5455000e+01   1.2430000e+01
   2.0833300e+01   1.5686000e+01   1.2712000e+01
   2.1739100e+01   1.5949000e+01   1.2998000e+01
   2.2727300e+01   1.6197000e+01   1.3256000e+01
   2.3809500e+01   1.6462000e+01   1.3676000e+01
   2.5000000e+01   1.6804000e+01   1.4056000e+01
   2.6315800e+01   1.7206000e+01   1.4483000e+01
   2.7777800e+01   1.7651000e+01   1.4892000e+01
   2.9411800e+01   1.8153000e+01   1.5293000e+01
   3.1250000e+01   1.8674000e+01   1.5646000e+01
   3.3333300e+01   1.9208000e+01   1.6018000e+01
   3.5714300e+01   1.9770000e+01   1.6406000e+01
   3.8461500e+01   2.0304000e+01   1.6823000e+01
   4.1666700e+01   2.0879000e+01   1.7215000e+01
   4.5454500e+01   2.1347000e+01   1.7619000e+01
   5.0000000e+01   2.1611000e+01   1.7981000e+01
   5.5555600e+01   2.1069000e+01   1.8390000e+01
