   4.0000000e-01   1.5081800e+00   2.3400000e-07
   4.1000000e-01   1.5067000e+00   2.1200000e-07
   4.2000000e-01   1.5053900e+00   2.0500000e-07
   4.3000000e-01   1.5042600e+00   1.9200000e-07
   4.4000000e-01   1.5034200e+00   1.6800000e-07
   4.5000000e-01   1.5022700e+00   1.7400000e-07
   4.6000000e-01   1.5011400e+00   1.4600000e-07
   4.7000000e-01   1.5005600e+00   1.3500000e-07
   4.8000000e-01   1.4995500e+00   1.5100000e-07
   4.9000000e-01   1.4987300e+00   1.4600000e-07
   5.0000000e-01   1.4979500e+00   1.5500000e-07
   5.1000000e-01   1.4972200e+00   1.4900000e-07
   5.2000000e-01   1.4963900e+00   1.5300000e-07
   5.3000000e-01   1.4959400e+00   1.5600000e-07
   5.4000000e-01   1.4952100e+00   1.6600000e-07
   5.5000000e-01   1.4946300e+00   1.7400000e-07
   5.6000000e-01   1.4940500e+00   1.7800000e-07
   5.7000000e-01   1.4937000e+00   1.8600000e-07
   5.8000000e-01   1.4932400e+00   1.9200000e-07
   5.9000000e-01   1.4927000e+00   1.7800000e-07
   6.0000000e-01   1.4921600e+00   2.4300000e-07
   6.1000000e-01   1.4917700e+00   2.1100000e-07
   6.2000000e-01   1.4914300e+00   1.9800000e-07
   6.3000000e-01   1.4908600e+00   1.7700000e-07
   6.4000000e-01   1.4905500e+00   1.7900000e-07
   6.5000000e-01   1.4903700e+00   1.5800000e-07
   6.6000000e-01   1.4899300e+00   1.4800000e-07
   6.7000000e-01   1.4899000e+00   1.3300000e-07
   6.8000000e-01   1.4894100e+00   1.1500000e-07
   6.9000000e-01   1.4891300e+00   1.2300000e-07
   7.0000000e-01   1.4887500e+00   1.3600000e-07
   7.1000000e-01   1.4884000e+00   1.3100000e-07
   7.2000000e-01   1.4883000e+00   1.5300000e-07
   7.3000000e-01   1.4878800e+00   1.6200000e-07
   7.4000000e-01   1.4874100e+00   1.6200000e-07
   7.5000000e-01   1.4869500e+00   1.4900000e-07
   7.6000000e-01   1.4867500e+00   1.0400000e-07
   7.7000000e-01   1.4866200e+00   6.3100000e-08
   7.8000000e-01   1.4859700e+00   1.4000000e-07
   7.9000000e-01   1.4860900e+00   1.1300000e-07
   8.0000000e-01   1.4855500e+00   9.9200000e-08
   8.1000000e-01   1.4856100e+00   8.9000000e-08
   8.2000000e-01   1.4857900e+00   1.2600000e-07
   8.3000000e-01   1.4858300e+00   3.6800000e-08
   8.4000000e-01   1.4853900e+00   7.5400000e-08
   8.5000000e-01   1.4856500e+00   1.0500000e-07
   8.6000000e-01   1.4856700e+00   1.5000000e-07
   8.7000000e-01   1.4854100e+00   3.8900000e-08
   8.8000000e-01   1.4850800e+00   6.3200000e-08
   8.9000000e-01   1.4850600e+00   4.5500000e-07
   9.0000000e-01   1.4848700e+00   1.8200000e-07
   9.1000000e-01   1.4846900e+00   8.7100000e-07
   9.2000000e-01   1.4844900e+00   6.4500000e-07
   9.3000000e-01   1.4844600e+00   4.6400000e-07
   9.4000000e-01   1.4842500e+00   4.3900000e-07
   9.5000000e-01   1.4841100e+00   8.9500000e-08
   9.6000000e-01   1.4840900e+00   6.1800000e-07
   9.7000000e-01   1.4839400e+00   7.4900000e-08
   9.8000000e-01   1.4836400e+00   9.9600000e-08
   9.9000000e-01   1.4835300e+00   4.8200000e-07
   1.0000000e+00   1.4835800e+00   1.2100000e-07
   1.0100000e+00   1.4835200e+00   8.8900000e-07
   1.0200000e+00   1.4835900e+00   7.9700000e-07
   1.0300000e+00   1.4810800e+00   7.8700000e-07
   1.0400000e+00   1.4805900e+00   7.9600000e-07
   1.0500000e+00   1.4811500e+00   6.9400000e-07
   1.0600000e+00   1.4808500e+00   6.9900000e-07
   1.0700000e+00   1.4806700e+00   6.3000000e-07
   1.0800000e+00   1.4809200e+00   6.0000000e-07
   1.0900000e+00   1.4809200e+00   7.7700000e-07
   1.1000000e+00   1.4805800e+00   7.5400000e-07
   1.1100000e+00   1.4807000e+00   1.2000000e-06
   1.1200000e+00   1.4804700e+00   1.6000000e-06
   1.1300000e+00   1.4800000e+00   2.7800000e-06
   1.1400000e+00   1.4795600e+00   4.0500000e-06
   1.1500000e+00   1.4795700e+00   5.1300000e-06
   1.1600000e+00   1.4794300e+00   6.9600000e-06
   1.1700000e+00   1.4800200e+00   8.6100000e-06
   1.1800000e+00   1.4800700e+00   8.5200000e-06
   1.1900000e+00   1.4795000e+00   5.9100000e-06
   1.2000000e+00   1.4793900e+00   4.1700000e-06
   1.2100000e+00   1.4789200e+00   2.7900000e-06
   1.2200000e+00   1.4787400e+00   1.8700000e-06
   1.2300000e+00   1.4789600e+00   1.5600000e-06
   1.2400000e+00   1.4785000e+00   1.3300000e-06
   1.2500000e+00   1.4783800e+00   1.1800000e-06
   1.2600000e+00   1.4787900e+00   9.5400000e-07
   1.2700000e+00   1.4793500e+00   1.1000000e-06
   1.2800000e+00   1.4787200e+00   1.0400000e-06
   1.2900000e+00   1.4780400e+00   1.0800000e-06
   1.3000000e+00   1.4779600e+00   1.0900000e-06
   1.3100000e+00   1.4780900e+00   1.1900000e-06
   1.3200000e+00   1.4782900e+00   1.4600000e-06
   1.3300000e+00   1.4772000e+00   2.3900000e-06
   1.3400000e+00   1.4776100e+00   6.2600000e-06
   1.3500000e+00   1.4774200e+00   8.9500000e-06
   1.3600000e+00   1.4776300e+00   1.0000000e-05
   1.3700000e+00   1.4783500e+00   1.1900000e-05
   1.3800000e+00   1.4775100e+00   1.2000000e-05
   1.3900000e+00   1.4772800e+00   1.2500000e-05
   1.4000000e+00   1.4770500e+00   1.1100000e-05
   1.4100000e+00   1.4775600e+00   1.1200000e-05
   1.4200000e+00   1.4776900e+00   1.2000000e-05
   1.4300000e+00   1.4777600e+00   1.1900000e-05
   1.4400000e+00   1.4770600e+00   1.0300000e-05
   1.4500000e+00   1.4770700e+00   7.8500000e-06
   1.4600000e+00   1.4767300e+00   6.0700000e-06
   1.4700000e+00   1.4771900e+00   5.4200000e-06
   1.4800000e+00   1.4779800e+00   3.9200000e-06
   1.4900000e+00   1.4774600e+00   3.9700000e-06
   1.5000000e+00   1.4768900e+00   3.4800000e-06
   1.5100000e+00   1.4763800e+00   3.1600000e-06
   1.5200000e+00   1.4761200e+00   2.9900000e-06
   1.5300000e+00   1.4761300e+00   2.9500000e-06
   1.5400000e+00   1.4764600e+00   2.9500000e-06
   1.5500000e+00   1.4770700e+00   3.3900000e-06
   1.5600000e+00   1.4767400e+00   3.4500000e-06
   1.5700000e+00   1.4763200e+00   3.6900000e-06
   1.5800000e+00   1.4762000e+00   4.0600000e-06
   1.5900000e+00   1.4759500e+00   4.5500000e-06
   1.6000000e+00   1.4759100e+00   5.1400000e-06
   1.6100000e+00   1.4760300e+00   6.4700000e-06
   1.6200000e+00   1.4761300e+00   9.3900000e-06
   1.6300000e+00   1.4754300e+00   1.0100000e-05
   1.6400000e+00   1.4757300e+00   1.1700000e-05
   1.6500000e+00   1.4755500e+00   1.8200000e-05
   1.6600000e+00   1.4752500e+00   4.1100000e-05
   1.6700000e+00   1.4750700e+00   6.0700000e-05
   1.6800000e+00   1.4756300e+00   8.4600000e-05
   1.6900000e+00   1.4754000e+00   6.4100000e-05
   1.7000000e+00   1.4751300e+00   6.7400000e-05
   1.7100000e+00   1.4750200e+00   6.2100000e-05
   1.7200000e+00   1.4752400e+00   6.3800000e-05
   1.7300000e+00   1.4751600e+00   5.8300000e-05
   1.7400000e+00   1.4747200e+00   5.0100000e-05
   1.7500000e+00   1.4748500e+00   4.1600000e-05
   1.7600000e+00   1.4743500e+00   3.4300000e-05
   1.7700000e+00   1.4747500e+00   3.1500000e-05
   1.7800000e+00   1.4752900e+00   3.3600000e-05
   1.7900000e+00   1.4746900e+00   3.0800000e-05
   1.8000000e+00   1.4746000e+00   2.5600000e-05
   1.8100000e+00   1.4748100e+00   2.1900000e-05
   1.8200000e+00   1.4747700e+00   2.0200000e-05
   1.8300000e+00   1.4742700e+00   2.0100000e-05
   1.8400000e+00   1.4746200e+00   2.0400000e-05
   1.8500000e+00   1.4739500e+00   2.2200000e-05
   1.8600000e+00   1.4746500e+00   2.3800000e-05
   1.8700000e+00   1.4747100e+00   2.2700000e-05
   1.8800000e+00   1.4749100e+00   2.5300000e-05
   1.8900000e+00   1.4746800e+00   3.6400000e-05
   1.9000000e+00   1.4746700e+00   6.0700000e-05
   1.9100000e+00   1.4743100e+00   7.2600000e-05
   1.9200000e+00   1.4746200e+00   5.1500000e-05
   1.9300000e+00   1.4745000e+00   3.7800000e-05
   1.9400000e+00   1.4744600e+00   3.7300000e-05
   1.9500000e+00   1.4744600e+00   3.9300000e-05
   1.9600000e+00   1.4741800e+00   3.0900000e-05
   1.9700000e+00   1.4743200e+00   2.4800000e-05
   1.9800000e+00   1.4735500e+00   2.3100000e-05
   1.9900000e+00   1.4737200e+00   2.2900000e-05
   2.0000000e+00   1.4739500e+00   2.3400000e-05
   2.0097000e+00   1.4607300e+00   2.3700000e-05
   2.0190000e+00   1.4597700e+00   2.4200000e-05
   2.0285000e+00   1.4603900e+00   2.4800000e-05
   2.0381000e+00   1.4610000e+00   2.5600000e-05
   2.0478000e+00   1.4611500e+00   2.6400000e-05
   2.0575000e+00   1.4631500e+00   2.7600000e-05
   2.0673000e+00   1.4647900e+00   2.8300000e-05
   2.0773000e+00   1.4653200e+00   3.0100000e-05
   2.0873000e+00   1.4674300e+00   3.4900000e-05
   2.0975000e+00   1.4699600e+00   3.5800000e-05
   2.1077000e+00   1.4708900e+00   4.2700000e-05
   2.1180000e+00   1.4708800e+00   5.1100000e-05
   2.1285000e+00   1.4707600e+00   5.2800000e-05
   2.1390000e+00   1.4706600e+00   5.6700000e-05
   2.1496000e+00   1.4706600e+00   5.6100000e-05
   2.1568000e+00   1.4711100e+00   5.3900000e-05
   2.1676000e+00   1.4708400e+00   5.5000000e-05
   2.1785000e+00   1.4701700e+00   5.6000000e-05
   2.1896000e+00   1.4703500e+00   6.3000000e-05
   2.1970000e+00   1.4704800e+00   7.5700000e-05
   2.2082000e+00   1.4702500e+00   9.5100000e-05
   2.2196000e+00   1.4702200e+00   6.4500000e-03
   2.2272000e+00   1.4706500e+00   6.4500000e-03
   2.2387000e+00   1.4714800e+00   6.2600000e-03
   2.2465000e+00   1.4723200e+00   5.9000000e-03
   2.2582000e+00   1.4732100e+00   5.4300000e-03
   2.2661000e+00   1.4738700e+00   5.6300000e-03
   2.2781000e+00   1.4729500e+00   5.3800000e-03
   2.2861000e+00   1.4710100e+00   5.0600000e-03
   2.2983000e+00   1.4689800e+00   5.0100000e-03
   2.3065000e+00   1.4696600e+00   5.0000000e-03
   2.3188000e+00   1.4717900e+00   5.1700000e-03
   2.3272000e+00   1.4723500e+00   5.1900000e-03
   2.3398000e+00   1.4721100e+00   4.9100000e-03
   2.3482000e+00   1.4717500e+00   5.0600000e-03
   2.3568000e+00   1.4715200e+00   5.3400000e-03
   2.3697000e+00   1.4708800e+00   5.9900000e-03
   2.3784000e+00   1.4702300e+00   5.7300000e-03
   2.3872000e+00   1.4704100e+00   5.1400000e-03
   2.3960000e+00   1.4708400e+00   4.9800000e-03
   2.4093000e+00   1.4715200e+00   5.6400000e-03
   2.4183000e+00   1.4716600e+00   5.8900000e-03
   2.4274000e+00   1.4715300e+00   5.8600000e-03
   2.4365000e+00   1.4716800e+00   5.6000000e-03
   2.4457000e+00   1.4718600e+00   5.2300000e-03
   2.4596000e+00   1.4711500e+00   5.1000000e-03
   2.4690000e+00   1.4708500e+00   4.9900000e-03
   2.4784000e+00   1.4702400e+00   4.3300000e-03
   2.4880000e+00   1.4693100e+00   3.7900000e-03
   2.4975000e+00   1.4689900e+00   3.9200000e-03
   2.5072000e+00   1.4691300e+00   4.5300000e-03
   2.5169000e+00   1.4695500e+00   5.0200000e-03
   2.5268000e+00   1.4705000e+00   5.3400000e-03
   2.5366000e+00   1.4713400e+00   5.5900000e-03
   2.5466000e+00   1.4718000e+00   5.2400000e-03
   2.5567000e+00   1.4716100e+00   4.4100000e-03
   2.5668000e+00   1.4699700e+00   3.9900000e-03
   2.5770000e+00   1.4684500e+00   3.6300000e-03
   2.5873000e+00   1.4678800e+00   3.8100000e-03
   2.5976000e+00   1.4681200e+00   4.7900000e-03
   2.6081000e+00   1.4686000e+00   5.7100000e-03
   2.6186000e+00   1.4692100e+00   5.6600000e-03
   2.6293000e+00   1.4697000e+00   5.6200000e-03
   2.6400000e+00   1.4698600e+00   5.6500000e-03
   2.6454000e+00   1.4698100e+00   5.5500000e-03
   2.6562000e+00   1.4700900e+00   5.3500000e-03
   2.6671000e+00   1.4701400e+00   4.8900000e-03
   2.6782000e+00   1.4704300e+00   4.5400000e-03
   2.6893000e+00   1.4706200e+00   4.3500000e-03
   2.6949000e+00   1.4704500e+00   4.5000000e-03
   2.7061000e+00   1.4694600e+00   4.9300000e-03
   2.7175000e+00   1.4687500e+00   5.2000000e-03
   2.7289000e+00   1.4689400e+00   5.5000000e-03
   2.7347000e+00   1.4692800e+00   5.5800000e-03
   2.7462000e+00   1.4696300e+00   5.3500000e-03
   2.7579000e+00   1.4698100e+00   5.3200000e-03
   2.7697000e+00   1.4688900e+00   4.8900000e-03
   2.7756000e+00   1.4686800e+00   4.5700000e-03
   2.7876000e+00   1.4687800e+00   4.3700000e-03
   2.7996000e+00   1.4690800e+00   4.8100000e-03
   2.8057000e+00   1.4694500e+00   5.0800000e-03
   2.8179000e+00   1.4698300e+00   5.4200000e-03
   2.8240000e+00   1.4694900e+00   5.4000000e-03
   2.8364000e+00   1.4689700e+00   4.5200000e-03
   2.8489000e+00   1.4691800e+00   3.3900000e-03
   2.8551000e+00   1.4691000e+00   3.1700000e-03
   2.8678000e+00   1.4684500e+00   3.3900000e-03
   2.8741000e+00   1.4678600e+00   3.4900000e-03
   2.8869000e+00   1.4669500e+00   3.4200000e-03
   2.8998000e+00   1.4674300e+00   4.4500000e-03
   2.9063000e+00   1.4675600e+00   5.0000000e-03
   2.9194000e+00   1.4676400e+00   5.2800000e-03
   2.9260000e+00   1.4679000e+00   5.2200000e-03
   2.9393000e+00   1.4685200e+00   4.9500000e-03
   2.9460000e+00   1.4682000e+00   4.8900000e-03
   2.9594000e+00   1.4677300e+00   4.5200000e-03
   2.9662000e+00   1.4681700e+00   4.4600000e-03
   2.9798000e+00   1.4683800e+00   4.9300000e-03
   2.9867000e+00   1.4680100e+00   5.1400000e-03
   2.9936000e+00   1.4676200e+00   5.1700000e-03
   3.0075000e+00   1.4666900e+00   4.7100000e-03
   3.0145000e+00   1.4662400e+00   4.3800000e-03
   3.0286000e+00   1.4660300e+00   3.6100000e-03
   3.0357000e+00   1.4662500e+00   3.4200000e-03
   3.0499000e+00   1.4668000e+00   3.2900000e-03
   3.0571000e+00   1.4669200e+00   3.3200000e-03
   3.0644000e+00   1.4665900e+00   3.6600000e-03
   3.0789000e+00   1.4655000e+00   4.2800000e-03
   3.0863000e+00   1.4652900e+00   4.2700000e-03
   3.0936000e+00   1.4650900e+00   4.2500000e-03
   3.1085000e+00   1.4649600e+00   4.6700000e-03
   3.1159000e+00   1.4651100e+00   4.8800000e-03
   3.1234000e+00   1.4651600e+00   5.0000000e-03
   3.1386000e+00   1.4643100e+00   4.9000000e-03
   3.1462000e+00   1.4640500e+00   4.5600000e-03
   3.1538000e+00   1.4640000e+00   4.6000000e-03
   3.1693000e+00   1.4633900e+00   5.4600000e-03
   3.1770000e+00   1.4630500e+00   5.5300000e-03
   3.1848000e+00   1.4627000e+00   5.4000000e-03
   3.1927000e+00   1.4619500e+00   5.0500000e-03
   3.2085000e+00   1.4603600e+00   4.5800000e-03
   3.2164000e+00   1.4600600e+00   4.7400000e-03
   3.2244000e+00   1.4596500e+00   4.9600000e-03
   3.2325000e+00   1.4590700e+00   5.0700000e-03
   3.2487000e+00   1.4581600e+00   4.9400000e-03
   3.2569000e+00   1.4575400e+00   4.8600000e-03
   3.2651000e+00   1.4562600e+00   5.1900000e-03
   3.2733000e+00   1.4544600e+00   6.0900000e-03
   3.2899000e+00   1.4511000e+00   9.6200000e-03
   3.2983000e+00   1.4496100e+00   1.2300000e-02
   3.3067000e+00   1.4484900e+00   1.5700000e-02
   3.3152000e+00   1.4483900e+00   2.0300000e-02
   3.3237000e+00   1.4501100e+00   2.5400000e-02
   3.3322000e+00   1.4540200e+00   2.9200000e-02
   3.3494000e+00   1.4633200e+00   2.7700000e-02
   3.3581000e+00   1.4637100e+00   2.4700000e-02
   3.3668000e+00   1.4612800e+00   2.5000000e-02
   3.3756000e+00   1.4604700e+00   3.0200000e-02
   3.3844000e+00   1.4656900e+00   3.6500000e-02
   3.3933000e+00   1.4749100e+00   3.7700000e-02
   3.4022000e+00   1.4819200e+00   3.3100000e-02
   3.4111000e+00   1.4847100e+00   2.7200000e-02
   3.4292000e+00   1.4857700e+00   1.9700000e-02
   3.4383000e+00   1.4850800e+00   1.7000000e-02
   3.4474000e+00   1.4841000e+00   1.5000000e-02
   3.4566000e+00   1.4833800e+00   1.3500000e-02
   3.4658000e+00   1.4830100e+00   1.2100000e-02
   3.4751000e+00   1.4824000e+00   1.0500000e-02
   3.4845000e+00   1.4811400e+00   9.1200000e-03
   3.4939000e+00   1.4795700e+00   8.1700000e-03
   3.5033000e+00   1.4784800e+00   8.1100000e-03
   3.5128000e+00   1.4784300e+00   8.6600000e-03
   3.5224000e+00   1.4790200e+00   8.5800000e-03
   3.5320000e+00   1.4793500e+00   7.5500000e-03
   3.5416000e+00   1.4789200e+00   6.4000000e-03
   3.5513000e+00   1.4779900e+00   5.5400000e-03
   3.5611000e+00   1.4769600e+00   4.9300000e-03
   3.5709000e+00   1.4761400e+00   4.6500000e-03
   3.5807000e+00   1.4757100e+00   4.5400000e-03
   3.5907000e+00   1.4750900e+00   4.4100000e-03
   3.6006000e+00   1.4742200e+00   4.5100000e-03
   3.6107000e+00   1.4735800e+00   4.8300000e-03
   3.6207000e+00   1.4733400e+00   4.6800000e-03
   3.6309000e+00   1.4732300e+00   4.1800000e-03
   3.6411000e+00   1.4728100e+00   3.9800000e-03
   3.6513000e+00   1.4722600e+00   4.1000000e-03
   3.6617000e+00   1.4719700e+00   4.1500000e-03
   3.6720000e+00   1.4718200e+00   3.9300000e-03
   3.6825000e+00   1.4715600e+00   3.7700000e-03
   3.6930000e+00   1.4713100e+00   3.8200000e-03
   3.7035000e+00   1.4712700e+00   3.8100000e-03
   3.7141000e+00   1.4714600e+00   3.6300000e-03
   3.7248000e+00   1.4713600e+00   3.5400000e-03
   3.7355000e+00   1.4708900e+00   3.7100000e-03
   3.7463000e+00   1.4705800e+00   4.0200000e-03
   3.7572000e+00   1.4703700e+00   4.3200000e-03
   3.7681000e+00   1.4698500e+00   4.5400000e-03
   3.7791000e+00   1.4693300e+00   4.5600000e-03
   3.7901000e+00   1.4692300e+00   4.3400000e-03
   3.8013000e+00   1.4691200e+00   4.1900000e-03
   3.8124000e+00   1.4689800e+00   4.3400000e-03
   3.8237000e+00   1.4689000e+00   4.3200000e-03
   3.8350000e+00   1.4688000e+00   4.0700000e-03
   3.8464000e+00   1.4688100e+00   3.9200000e-03
   3.8578000e+00   1.4689100e+00   3.8300000e-03
   3.8693000e+00   1.4688300e+00   3.8500000e-03
   3.8809000e+00   1.4685200e+00   4.1300000e-03
   3.8926000e+00   1.4681500e+00   4.4700000e-03
   3.9043000e+00   1.4678700e+00   4.3600000e-03
   3.9161000e+00   1.4677900e+00   3.9200000e-03
   3.9280000e+00   1.4679300e+00   3.8400000e-03
   3.9399000e+00   1.4680700e+00   4.0900000e-03
   3.9519000e+00   1.4681100e+00   4.1100000e-03
   3.9640000e+00   1.4680100e+00   3.9300000e-03
   3.9762000e+00   1.4678000e+00   4.0100000e-03
   3.9884000e+00   1.4676400e+00   4.3000000e-03
   4.0007000e+00   1.4672700e+00   4.4100000e-03
   4.0131000e+00   1.4666200e+00   4.1200000e-03
   4.0255000e+00   1.4662600e+00   3.8200000e-03
   4.0381000e+00   1.4664000e+00   3.8400000e-03
   4.0507000e+00   1.4664800e+00   3.9200000e-03
   4.0634000e+00   1.4661400e+00   3.9700000e-03
   4.0762000e+00   1.4656600e+00   3.9500000e-03
   4.0890000e+00   1.4653000e+00   3.8400000e-03
   4.1020000e+00   1.4650500e+00   3.7300000e-03
   4.1150000e+00   1.4650900e+00   3.6900000e-03
   4.1281000e+00   1.4653400e+00   3.8600000e-03
   4.1413000e+00   1.4652700e+00   4.0900000e-03
   4.1546000e+00   1.4648000e+00   4.0800000e-03
   4.1679000e+00   1.4646500e+00   3.9200000e-03
   4.1814000e+00   1.4648600e+00   3.8900000e-03
   4.1949000e+00   1.4648100e+00   3.9600000e-03
   4.2085000e+00   1.4647500e+00   4.1300000e-03
   4.2222000e+00   1.4648600e+00   4.4600000e-03
   4.2360000e+00   1.4639100e+00   5.0600000e-03
   4.2499000e+00   1.4631200e+00   5.4600000e-03
   4.2639000e+00   1.4634200e+00   5.0800000e-03
   4.2780000e+00   1.4633100e+00   4.4200000e-03
   4.2921000e+00   1.4630900e+00   3.9300000e-03
   4.3064000e+00   1.4632400e+00   3.9200000e-03
   4.3208000e+00   1.4632000e+00   3.8000000e-03
   4.3352000e+00   1.4627700e+00   3.4500000e-03
   4.3498000e+00   1.4622100e+00   3.2000000e-03
   4.3644000e+00   1.4619700e+00   3.2300000e-03
   4.3791000e+00   1.4619300e+00   3.5600000e-03
   4.3940000e+00   1.4617200e+00   3.8500000e-03
   4.4089000e+00   1.4614900e+00   3.8700000e-03
   4.4240000e+00   1.4614600e+00   3.7900000e-03
   4.4391000e+00   1.4614100e+00   3.8100000e-03
   4.4544000e+00   1.4612700e+00   3.7700000e-03
   4.4697000e+00   1.4610100e+00   3.6000000e-03
   4.4852000e+00   1.4606800e+00   3.4100000e-03
   4.5008000e+00   1.4601500e+00   3.2700000e-03
   4.5165000e+00   1.4594300e+00   3.3000000e-03
   4.5323000e+00   1.4589700e+00   3.5200000e-03
   4.5482000e+00   1.4589500e+00   3.6900000e-03
   4.5642000e+00   1.4591700e+00   3.7600000e-03
   4.5803000e+00   1.4591600e+00   3.8300000e-03
   4.5965000e+00   1.4587400e+00   4.0400000e-03
   4.6129000e+00   1.4583100e+00   4.1600000e-03
   4.6294000e+00   1.4578700e+00   4.1300000e-03
   4.6460000e+00   1.4574700e+00   4.0000000e-03
   4.6627000e+00   1.4571300e+00   3.9400000e-03
   4.6795000e+00   1.4568700e+00   4.1400000e-03
   4.6965000e+00   1.4567300e+00   4.3600000e-03
   4.7136000e+00   1.4566100e+00   4.3600000e-03
   4.7308000e+00   1.4562500e+00   4.3300000e-03
   4.7481000e+00   1.4557900e+00   4.3700000e-03
   4.7655000e+00   1.4555200e+00   4.3400000e-03
   4.7831000e+00   1.4549800e+00   4.4200000e-03
   4.8008000e+00   1.4541500e+00   4.4200000e-03
   4.8187000e+00   1.4538600e+00   4.2600000e-03
   4.8367000e+00   1.4538800e+00   4.1800000e-03
   4.8548000e+00   1.4534600e+00   4.2000000e-03
   4.8730000e+00   1.4530500e+00   4.3100000e-03
   4.8914000e+00   1.4529000e+00   4.5100000e-03
   4.9100000e+00   1.4525800e+00   4.5800000e-03
   4.9286000e+00   1.4519600e+00   4.5000000e-03
   4.9474000e+00   1.4514000e+00   4.3400000e-03
   4.9664000e+00   1.4510000e+00   4.2200000e-03
   4.9855000e+00   1.4504000e+00   4.2700000e-03
   5.0047000e+00   1.4497400e+00   4.5600000e-03
   5.0241000e+00   1.4491200e+00   4.6400000e-03
   5.0437000e+00   1.4482500e+00   4.6100000e-03
   5.0634000e+00   1.4481000e+00   4.8000000e-03
   5.0832000e+00   1.4479200e+00   4.9300000e-03
   5.1033000e+00   1.4471400e+00   4.9700000e-03
   5.1234000e+00   1.4463400e+00   4.9400000e-03
   5.1438000e+00   1.4457000e+00   4.8000000e-03
   5.1643000e+00   1.4449700e+00   4.7300000e-03
   5.1849000e+00   1.4441600e+00   4.4400000e-03
   5.2057000e+00   1.4431700e+00   4.2800000e-03
   5.2267000e+00   1.4420500e+00   4.4200000e-03
   5.2479000e+00   1.4408000e+00   4.3300000e-03
   5.2692000e+00   1.4395000e+00   3.9800000e-03
   5.2907000e+00   1.4380900e+00   4.0100000e-03
   5.3124000e+00   1.4362600e+00   4.1500000e-03
   5.3343000e+00   1.4344500e+00   4.1100000e-03
   5.3563000e+00   1.4326600e+00   4.1100000e-03
   5.3785000e+00   1.4305000e+00   4.0300000e-03
   5.4009000e+00   1.4283400e+00   4.0700000e-03
   5.4235000e+00   1.4262200e+00   4.5400000e-03
   5.4463000e+00   1.4237900e+00   4.8900000e-03
   5.4693000e+00   1.4206000e+00   4.8300000e-03
   5.4925000e+00   1.4166500e+00   4.8500000e-03
   5.5159000e+00   1.4125400e+00   5.3500000e-03
   5.5394000e+00   1.4077800e+00   5.9700000e-03
   5.5632000e+00   1.4018100e+00   6.5100000e-03
   5.5872000e+00   1.3937500e+00   7.0000000e-03
   5.6114000e+00   1.3837100e+00   7.8600000e-03
   5.6358000e+00   1.3695300e+00   8.7700000e-03
   5.6604000e+00   1.3466100e+00   1.1800000e-02
   5.6852000e+00   1.3093600e+00   2.2000000e-02
   5.7103000e+00   1.2530100e+00   8.3400000e-02
   5.7355000e+00   1.2364700e+00   2.2100000e-01
   5.7610000e+00   1.3452700e+00   3.5000000e-01
   5.7867000e+00   1.5332500e+00   3.6400000e-01
   5.8127000e+00   1.6570500e+00   2.4600000e-01
   5.8389000e+00   1.6549200e+00   1.0200000e-01
   5.8653000e+00   1.6014300e+00   3.9700000e-02
   5.8919000e+00   1.5598300e+00   2.4500000e-02
   5.9188000e+00   1.5376700e+00   1.9200000e-02
   5.9460000e+00   1.5249700e+00   1.5600000e-02
   5.9734000e+00   1.5137000e+00   1.2200000e-02
   6.0011000e+00   1.5041600e+00   1.0700000e-02
   6.0290000e+00   1.4971600e+00   9.9600000e-03
   6.0571000e+00   1.4909900e+00   9.6800000e-03
   6.0856000e+00   1.4863200e+00   9.7200000e-03
   6.1143000e+00   1.4830500e+00   9.6200000e-03
   6.1433000e+00   1.4798100e+00   9.4200000e-03
   6.1725000e+00   1.4764100e+00   9.4900000e-03
   6.2020000e+00   1.4732500e+00   8.9300000e-03
   6.2319000e+00   1.4707500e+00   8.2300000e-03
   6.2620000e+00   1.4678200e+00   8.0300000e-03
   6.2924000e+00   1.4643700e+00   7.7100000e-03
   6.3231000e+00   1.4611900e+00   7.5200000e-03
   6.3541000e+00   1.4583700e+00   7.8600000e-03
   6.3854000e+00   1.4559900e+00   8.5300000e-03
   6.4170000e+00   1.4533200e+00   8.5700000e-03
   6.4489000e+00   1.4502200e+00   7.8700000e-03
   6.4811000e+00   1.4467700e+00   7.4100000e-03
   6.5137000e+00   1.4426700e+00   7.7900000e-03
   6.5466000e+00   1.4386500e+00   8.4600000e-03
   6.5798000e+00   1.4328900e+00   8.5700000e-03
   6.6134000e+00   1.4248500e+00   9.5800000e-03
   6.6473000e+00   1.4121100e+00   1.4700000e-02
   6.6816000e+00   1.4001000e+00   3.0800000e-02
   6.7162000e+00   1.4040700e+00   5.3500000e-02
   6.7512000e+00   1.4192500e+00   6.4400000e-02
   6.7865000e+00   1.4283900e+00   6.1900000e-02
   6.8223000e+00   1.4264000e+00   6.2700000e-02
   6.8583000e+00   1.4271600e+00   7.6600000e-02
   6.8948000e+00   1.4420800e+00   9.1600000e-02
   6.9317000e+00   1.4648400e+00   9.4700000e-02
   6.9690000e+00   1.4923200e+00   8.3100000e-02
   7.0066000e+00   1.5057300e+00   5.4600000e-02
   7.0447000e+00   1.4927900e+00   2.7900000e-02
   7.0832000e+00   1.4711200e+00   1.9600000e-02
   7.1221000e+00   1.4567700e+00   2.3400000e-02
   7.1615000e+00   1.4512500e+00   3.2100000e-02
   7.2013000e+00   1.4553600e+00   3.9500000e-02
   7.2415000e+00   1.4611500e+00   3.7000000e-02
   7.2822000e+00   1.4595900e+00   2.9600000e-02
   7.3233000e+00   1.4546600e+00   2.5800000e-02
   7.3649000e+00   1.4506200e+00   2.3700000e-02
   7.4070000e+00   1.4453800e+00   2.1500000e-02
   7.4496000e+00   1.4394700e+00   2.0300000e-02
   7.4926000e+00   1.4326900e+00   2.0000000e-02
   7.5362000e+00   1.4252600e+00   2.0700000e-02
   7.5803000e+00   1.4171400e+00   2.2400000e-02
   7.6249000e+00   1.4074200e+00   2.4800000e-02
   7.6700000e+00   1.3960000e+00   2.9100000e-02
   7.7156000e+00   1.3827600e+00   3.7100000e-02
   7.7618000e+00   1.3666600e+00   5.3100000e-02
   7.8086000e+00   1.3594400e+00   8.3700000e-02
   7.8559000e+00   1.3762400e+00   1.1200000e-01
   7.9038000e+00   1.3978600e+00   1.1600000e-01
   7.9523000e+00   1.3982500e+00   1.1600000e-01
   8.0014000e+00   1.4012100e+00   1.3600000e-01
   8.0511000e+00   1.4317500e+00   1.5100000e-01
   8.1014000e+00   1.4626800e+00   1.3100000e-01
   8.1524000e+00   1.4608100e+00   9.4000000e-02
   8.2040000e+00   1.4274500e+00   7.5100000e-02
   8.2562000e+00   1.3804900e+00   9.2300000e-02
   8.3091000e+00   1.3574100e+00   1.5300000e-01
   8.3628000e+00   1.3921300e+00   2.1200000e-01
   8.4171000e+00   1.4449100e+00   2.1800000e-01
   8.4721000e+00   1.4623400e+00   2.0000000e-01
   8.5278000e+00   1.4559000e+00   2.0000000e-01
   8.5843000e+00   1.4485100e+00   2.2800000e-01
   8.6415000e+00   1.4751700e+00   2.9200000e-01
   8.6995000e+00   1.5746100e+00   3.3100000e-01
   8.7583000e+00   1.6801000e+00   2.7500000e-01
   8.8179000e+00   1.7092700e+00   1.7700000e-01
   8.8783000e+00   1.6876800e+00   1.1300000e-01
   8.9395000e+00   1.6612400e+00   7.8500000e-02
   9.0016000e+00   1.6385300e+00   5.7500000e-02
   9.0645000e+00   1.6190200e+00   4.4400000e-02
   9.1284000e+00   1.6023800e+00   3.6600000e-02
   9.1931000e+00   1.5887600e+00   3.3800000e-02
   9.2588000e+00   1.5777100e+00   3.4800000e-02
   9.3254000e+00   1.5724100e+00   3.8900000e-02
   9.3930000e+00   1.5748200e+00   3.9900000e-02
   9.4615000e+00   1.5767100e+00   2.9900000e-02
   9.5311000e+00   1.5689000e+00   1.6300000e-02
   9.6017000e+00   1.5560000e+00   1.0200000e-02
   9.6733000e+00   1.5457600e+00   8.7700000e-03
   9.7461000e+00   1.5365300e+00   8.5800000e-03
   9.8199000e+00   1.5251600e+00   9.7300000e-03
   9.8949000e+00   1.5100600e+00   1.5500000e-02
   9.9710000e+00   1.4976000e+00   3.3400000e-02
   1.0048000e+01   1.5034200e+00   5.7500000e-02
   1.0127000e+01   1.5239300e+00   6.7400000e-02
   1.0207000e+01   1.5376000e+00   6.1400000e-02
   1.0288000e+01   1.5421100e+00   5.6800000e-02
   1.0370000e+01   1.5494300e+00   5.3800000e-02
   1.0453000e+01   1.5560600e+00   4.3900000e-02
   1.0538000e+01   1.5556400e+00   3.2900000e-02
   1.0625000e+01   1.5509900e+00   2.6700000e-02
   1.0713000e+01   1.5440800e+00   2.4200000e-02
   1.0802000e+01   1.5380600e+00   2.4100000e-02
   1.0893000e+01   1.5359800e+00   2.5800000e-02
   1.0985000e+01   1.5380900e+00   2.4800000e-02
   1.1079000e+01   1.5392500e+00   1.9600000e-02
   1.1174000e+01   1.5354600e+00   1.4600000e-02
   1.1272000e+01   1.5304700e+00   1.3100000e-02
   1.1370000e+01   1.5255500e+00   1.3400000e-02
   1.1471000e+01   1.5202500e+00   1.4400000e-02
   1.1573000e+01   1.5157700e+00   1.7600000e-02
   1.1678000e+01   1.5126100e+00   2.3500000e-02
   1.1784000e+01   1.5155500e+00   3.2000000e-02
   1.1892000e+01   1.5268200e+00   3.5300000e-02
   1.2002000e+01   1.5338200e+00   2.8900000e-02
   1.2114000e+01   1.5323100e+00   2.2900000e-02
   1.2229000e+01   1.5298600e+00   2.1000000e-02
   1.2345000e+01   1.5291600e+00   2.0900000e-02
   1.2464000e+01   1.5287800e+00   1.7700000e-02
   1.2585000e+01   1.5253900e+00   1.2400000e-02
   1.2708000e+01   1.5200600e+00   1.0800000e-02
   1.2834000e+01   1.5138800e+00   1.2300000e-02
   1.2962000e+01   1.5084600e+00   1.7100000e-02
   1.3093000e+01   1.5030500e+00   2.8100000e-02
   1.3227000e+01   1.5116600e+00   4.4400000e-02
   1.3363000e+01   1.5375200e+00   4.4100000e-02
   1.3502000e+01   1.5496700e+00   2.3600000e-02
   1.3645000e+01   1.5416100e+00   1.0600000e-02
   1.3790000e+01   1.5323700e+00   6.2900000e-03
   1.3938000e+01   1.5283100e+00   3.8300000e-03
   1.4089000e+01   1.5254700e+00   3.6700000e-03
   1.4244000e+01   1.5237600e+00   3.8700000e-03
   1.4403000e+01   1.5215500e+00   3.9300000e-03
   1.4564000e+01   1.5183400e+00   3.6500000e-03
   1.4730000e+01   1.5158100e+00   3.5400000e-03
   1.4899000e+01   1.5154100e+00   3.2900000e-03
   1.5072000e+01   1.5150000e+00   1.9000000e-03
   1.5250000e+01   1.5126300e+00   2.6700000e-03
   1.5431000e+01   1.5112600e+00   4.5900000e-03
   1.5617000e+01   1.5097400e+00   6.4600000e-03
   1.5808000e+01   1.5064100e+00   7.2200000e-03
   1.6003000e+01   1.5059400e+00   6.8200000e-03
   1.6203000e+01   1.5086900e+00   5.7500000e-03
   1.6408000e+01   1.5099400e+00   4.5200000e-03
   1.6618000e+01   1.5091600e+00   3.2400000e-03
   1.6834000e+01   1.5065400e+00   4.2100000e-03
   1.7056000e+01   1.5048400e+00   6.3900000e-03
   1.7283000e+01   1.5040500e+00   5.1700000e-03
   1.7517000e+01   1.5013300e+00   4.3500000e-03
   1.7757000e+01   1.4979700e+00   5.5000000e-03
   1.8003000e+01   1.4984300e+00   6.0800000e-03
   1.8257000e+01   1.4998100e+00   6.9300000e-03
   1.8518000e+01   1.4977600e+00   8.5500000e-03
   1.8786000e+01   1.4954900e+00   1.0100000e-02
   1.9062000e+01   1.4930100e+00   1.3400000e-02
   1.9347000e+01   1.4878700e+00   1.5300000e-02
   1.9640000e+01   1.4855800e+00   1.6200000e-02
   1.9942000e+01   1.4881800e+00   1.6100000e-02
