   1.0468111e-01   7.2336640e-01   1.6094666e+00
   1.0875806e-01   7.9543533e-01   1.6900000e+00
   1.1337124e-01   8.8839747e-01   1.7758430e+00
   1.1986387e-01   1.0268995e+00   1.8699652e+00
   1.2781875e-01   1.1858477e+00   1.9500000e+00
   1.3776021e-01   1.3677286e+00   2.0400000e+00
   1.4903074e-01   1.5641550e+00   2.1280201e+00
   1.5482416e-01   1.6717922e+00   2.1857834e+00
   1.5981849e-01   1.7774839e+00   2.2239280e+00
   1.6481282e-01   1.8868331e+00   2.2516541e+00
   1.6980714e-01   1.9977980e+00   2.2697154e+00
   1.7480147e-01   2.1094467e+00   2.2778268e+00
   1.7979580e-01   2.2166503e+00   2.2725249e+00
   1.8479013e-01   2.3130627e+00   2.2621647e+00
   1.9034382e-01   2.4275135e+00   2.2666448e+00
   1.9573769e-01   2.5546254e+00   2.2463690e+00
   2.0189071e-01   2.6792912e+00   2.1810841e+00
   2.0804372e-01   2.7743042e+00   2.1199307e+00
   2.1420672e-01   2.8564306e+00   2.0637672e+00
   2.2035973e-01   2.9299705e+00   2.0105900e+00
   2.2651274e-01   2.9986569e+00   1.9624558e+00
   2.3267574e-01   3.0656025e+00   1.9153636e+00
   2.3882876e-01   3.1308859e+00   1.8683001e+00
   2.4498177e-01   3.1953921e+00   1.8201161e+00
   2.5113478e-01   3.2592396e+00   1.7684081e+00
   2.5729778e-01   3.3212387e+00   1.7109105e+00
   2.6345079e-01   3.3773939e+00   1.6454067e+00
   2.6960380e-01   3.4231566e+00   1.5747245e+00
   2.7576681e-01   3.4584620e+00   1.5050033e+00
   2.8191982e-01   3.4851767e+00   1.4373890e+00
   2.8807282e-01   3.5039752e+00   1.3732412e+00
   2.9422584e-01   3.5171971e+00   1.3154586e+00
   3.0038884e-01   3.5280436e+00   1.2629399e+00
   3.0654185e-01   3.5370883e+00   1.2135365e+00
   3.1269486e-01   3.5442010e+00   1.1676857e+00
   3.1885786e-01   3.5510013e+00   1.1258133e+00
   3.2502086e-01   3.5581008e+00   1.0852445e+00
   3.3117388e-01   3.5642136e+00   1.0455698e+00
   3.3732689e-01   3.5695972e+00   1.0083073e+00
   3.4347990e-01   3.5762999e+00   9.7306225e-01
   3.4963291e-01   3.5856439e+00   9.3656785e-01
   3.5579591e-01   3.5936786e+00   8.9265253e-01
   3.6194892e-01   3.5919315e+00   8.4320796e-01
   3.6810194e-01   3.5791865e+00   8.0060587e-01
   3.7426494e-01   3.5636482e+00   7.6974706e-01
   3.8041795e-01   3.5510396e+00   7.4502835e-01
   3.8658095e-01   3.5410021e+00   7.2257768e-01
   3.9273396e-01   3.5325740e+00   7.0199920e-01
   3.9887698e-01   3.5254215e+00   6.8256958e-01
   4.0503998e-01   3.5189385e+00   6.6375127e-01
   4.1119300e-01   3.5127088e+00   6.4583402e-01
   4.1734601e-01   3.5066925e+00   6.2906777e-01
   4.2351900e-01   3.5013541e+00   6.1363342e-01
   4.2967201e-01   3.4969124e+00   5.9869744e-01
   4.3582502e-01   3.4928288e+00   5.8389185e-01
   4.4198803e-01   3.4888334e+00   5.6954207e-01
   4.4813104e-01   3.4849406e+00   5.5572572e-01
   4.5429405e-01   3.4812111e+00   5.4255689e-01
   4.6043707e-01   3.4780215e+00   5.3009720e-01
   4.6660007e-01   3.4754387e+00   5.1759107e-01
   4.7276308e-01   3.4728205e+00   5.0456775e-01
   4.7892606e-01   3.4696288e+00   4.9172163e-01
   4.8507909e-01   3.4662185e+00   4.7971905e-01
   4.9123210e-01   3.4629485e+00   4.6815036e-01
   4.9738509e-01   3.4597277e+00   4.5685486e-01
   5.0353812e-01   3.4565516e+00   4.4593569e-01
   5.0969113e-01   3.4533993e+00   4.3520445e-01
   5.1584414e-01   3.4501850e+00   4.2475962e-01
   5.2199714e-01   3.4469546e+00   4.1464183e-01
   5.2817015e-01   3.4436978e+00   4.0473679e-01
   5.3432314e-01   3.4403908e+00   3.9514409e-01
   5.4047616e-01   3.4370190e+00   3.8587448e-01
   5.4662917e-01   3.4336912e+00   3.7702942e-01
   5.5278220e-01   3.4304673e+00   3.6841298e-01
   5.5894519e-01   3.4272675e+00   3.5999347e-01
   5.6510818e-01   3.4241282e+00   3.5184597e-01
   5.7126119e-01   3.4210106e+00   3.4380861e-01
   5.7741421e-01   3.4178021e+00   3.3599624e-01
   5.8356724e-01   3.4146264e+00   3.2857350e-01
   5.8974021e-01   3.4116403e+00   3.2135559e-01
   5.9589321e-01   3.4087608e+00   3.1411012e-01
   6.0203625e-01   3.4056437e+00   3.0682941e-01
   6.0817928e-01   3.4024221e+00   3.0014661e-01
   6.1434228e-01   3.3995084e+00   2.9371399e-01
   6.2049530e-01   3.3966721e+00   2.8700781e-01
   6.2664829e-01   3.3935931e+00   2.8036713e-01
   6.3283126e-01   3.3901042e+00   2.7380406e-01
   6.3896431e-01   3.3864576e+00   2.6811246e-01
   6.4512732e-01   3.3833437e+00   2.6308046e-01
   6.5130029e-01   3.3806194e+00   2.5757312e-01
   6.5745330e-01   3.3776438e+00   2.5196727e-01
   6.6358635e-01   3.3745261e+00   2.4681748e-01
   6.6975934e-01   3.3714774e+00   2.4187990e-01
   6.7589236e-01   3.3685981e+00   2.3723110e-01
   6.8207536e-01   3.3659485e+00   2.3265516e-01
   6.8821839e-01   3.3633597e+00   2.2788085e-01
   6.9439136e-01   3.3605071e+00   2.2313059e-01
   7.0051442e-01   3.3575725e+00   2.1887153e-01
   7.0667739e-01   3.3549639e+00   2.1502657e-01
   7.1286040e-01   3.3526664e+00   2.1090327e-01
   7.1902339e-01   3.3502200e+00   2.0658423e-01
   7.2516640e-01   3.3478155e+00   2.0269256e-01
   7.3133940e-01   3.3454166e+00   1.9840435e-01
   7.3747242e-01   3.3426017e+00   1.9426003e-01
   7.4363544e-01   3.3398461e+00   1.9092098e-01
   7.4979843e-01   3.3375157e+00   1.8755402e-01
   7.5593145e-01   3.3354128e+00   1.8413071e-01
   7.6212444e-01   3.3332146e+00   1.8034022e-01
   7.6826747e-01   3.3308213e+00   1.7675439e-01
   7.7442045e-01   3.3285119e+00   1.7339077e-01
   7.8056348e-01   3.3261336e+00   1.6976110e-01
   7.8671652e-01   3.3235731e+00   1.6642048e-01
   7.9285954e-01   3.3208871e+00   1.6310951e-01
   7.9905248e-01   3.3181924e+00   1.6026132e-01
   8.0517552e-01   3.3154559e+00   1.5730479e-01
   8.1134852e-01   3.3126270e+00   1.5505565e-01
   8.1751151e-01   3.3106483e+00   1.5343639e-01
   8.2365457e-01   3.3088085e+00   1.5053247e-01
   8.2983750e-01   3.3067164e+00   1.4844077e-01
   8.3600053e-01   3.3054404e+00   1.4635644e-01
   8.4213359e-01   3.3036976e+00   1.4253480e-01
   8.4830657e-01   3.3006158e+00   1.3956909e-01
   8.5444957e-01   3.2977639e+00   1.3821249e-01
   8.6057263e-01   3.2960116e+00   1.3710254e-01
   8.6677559e-01   3.2949597e+00   1.3534417e-01
   8.7287863e-01   3.2939944e+00   1.3273437e-01
   8.7908163e-01   3.2915573e+00   1.2889640e-01
   8.8523460e-01   3.2883094e+00   1.2758605e-01
   8.9135766e-01   3.2867029e+00   1.2741049e-01
   8.9755062e-01   3.2854071e+00   1.2529381e-01
   9.0371363e-01   3.2845351e+00   1.2495478e-01
   9.0981669e-01   3.2848880e+00   1.2276576e-01
   9.1600965e-01   3.2838174e+00   1.1853704e-01
   9.2215271e-01   3.2813677e+00   1.1596409e-01
   9.2829571e-01   3.2793021e+00   1.1430712e-01
   9.3446871e-01   3.2776645e+00   1.1257359e-01
   9.4064171e-01   3.2769431e+00   1.1126402e-01
   9.4675473e-01   3.2759563e+00   1.0748583e-01
   9.5294772e-01   3.2729617e+00   1.0404616e-01
   1.0490937e+00   3.2471036e+00   8.6479163e-02
   1.1655267e+00   3.2279197e+00   7.0064855e-02
   1.3110307e+00   3.2091931e+00   5.1542848e-02
   1.4987785e+00   3.1887812e+00   3.6035702e-02
   1.7482901e+00   3.1688938e+00   2.3596411e-02
   1.8969425e+00   3.1585844e+00   1.7489099e-02
   2.0919653e+00   3.1462222e+00   1.2649009e-02
   2.3185859e+00   3.1341906e+00   1.0069443e-02
   2.6209409e+00   3.1214891e+00   8.7603180e-03
   2.9760645e+00   3.1089715e+00   8.2584060e-03
   3.4965803e+00   3.0923320e+00   9.0335070e-03
   3.7839169e+00   3.0828621e+00   9.7772730e-03
   4.0316243e+00   3.0742951e+00   1.1163108e-02
   4.2955475e+00   3.0649262e+00   1.3196731e-02
   4.6924419e+00   3.0505027e+00   1.7375613e-02
   5.1004784e+00   3.0345694e+00   2.2382774e-02
   5.5968392e+00   3.0129066e+00   3.0369106e-02
   6.2622654e+00   2.9802779e+00   4.5736409e-02
   6.9851958e+00   2.9390925e+00   6.8853617e-02
   7.4689270e+00   2.9051132e+00   8.9396222e-02
   8.0002702e+00   2.8636822e+00   1.2316754e-01
   8.3773100e+00   2.8318010e+00   1.5455046e-01
   8.7312808e+00   2.8011358e+00   1.9145697e-01
   9.0499407e+00   2.7736254e+00   2.3198558e-01
   9.3927415e+00   2.7461517e+00   2.8447455e-01
   9.6862646e+00   2.7251472e+00   3.3783122e-01
   1.0000338e+01   2.7090113e+00   4.0481724e-01
   1.0418839e+01   2.7030056e+00   5.0606893e-01
   1.0734562e+01   2.7118315e+00   5.9200067e-01
   1.1000372e+01   2.7332841e+00   6.6910476e-01
   1.1374696e+01   2.7861427e+00   7.7411029e-01
   1.1696621e+01   2.8530882e+00   8.5920858e-01
   1.2000405e+01   2.9353617e+00   9.2682844e-01
   1.2523655e+01   3.0916214e+00   1.0011935e+00
   1.2781875e+01   3.1795631e+00   1.0216501e+00
   1.3000439e+01   3.2551831e+00   1.0246322e+00
   1.3331633e+01   3.3606458e+00   1.0112562e+00
   1.3624636e+01   3.4465978e+00   9.8403396e-01
   1.4000473e+01   3.5369359e+00   9.3114382e-01
   1.5000507e+01   3.6946039e+00   7.8018762e-01
   1.5498023e+01   3.7409355e+00   6.9749841e-01
   1.6000540e+01   3.7662598e+00   6.2349729e-01
   1.6531225e+01   3.7798015e+00   5.5552107e-01
   1.7000574e+01   3.7835975e+00   5.0345651e-01
   1.7586410e+01   3.7829862e+00   4.4850234e-01
   1.8000608e+01   3.7790996e+00   4.1480859e-01
   1.8505103e+01   3.7729841e+00   3.7955377e-01
   1.9000642e+01   3.7658243e+00   3.4956837e-01
   1.9525069e+01   3.7574033e+00   3.2210842e-01
   2.0000675e+01   3.7489348e+00   3.0097241e-01
   2.1538106e+01   3.7285879e+00   2.4807848e-01
   2.3691917e+01   3.7045798e+00   1.9731941e-01
   2.6061108e+01   3.6826639e+00   1.6074299e-01
   2.8667219e+01   3.6642137e+00   1.3384309e-01
   3.1533941e+01   3.6491383e+00   1.1336731e-01
   3.4687335e+01   3.6369015e+00   9.7332108e-02
   3.8156068e+01   3.6269792e+00   8.4469158e-02
   4.1971676e+01   3.6189243e+00   7.3939468e-02
   4.6168843e+01   3.6123724e+00   6.5170975e-02
   5.0785728e+01   3.6070311e+00   5.7762945e-02
   5.5864300e+01   3.6026669e+00   5.1427750e-02
