0.28	1.659	2.02E-04
0.29	1.659	2.02E-04
0.3	1.659	2.02E-04
0.301	1.659	1.95E-04
0.302	1.652	1.89E-04
0.303	1.648	1.83E-04
0.304	1.645	1.78E-04
0.305	1.641	1.72E-04
0.306	1.638	1.67E-04
0.307	1.635	1.61E-04
0.308	1.632	1.56E-04
0.309	1.629	1.51E-04
0.31	1.626	1.47E-04
0.311	1.623	1.42E-04
0.312	1.62	1.38E-04
0.313	1.618	1.33E-04
0.314	1.615	1.29E-04
0.315	1.613	1.25E-04
0.316	1.611	1.21E-04
0.317	1.609	1.17E-04
0.318	1.606	1.14E-04
0.319	1.604	1.10E-04
0.32	1.603	1.07E-04
0.321	1.601	1.04E-04
0.322	1.599	1.00E-04
0.323	1.597	9.74E-05
0.324	1.596	9.45E-05
0.325	1.594	9.17E-05
0.326	1.593	8.91E-05
0.327	1.592	8.66E-05
0.328	1.591	8.42E-05
0.329	1.589	8.19E-05
0.33	1.588	7.97E-05
0.331	1.588	8.03E-05
0.332	1.589	8.07E-05
0.333	1.589	8.10E-05
0.334	1.589	8.10E-05
0.335	1.589	8.07E-05
0.336	1.589	8.01E-05
0.337	1.589	7.94E-05
0.338	1.589	7.85E-05
0.339	1.589	7.76E-05
0.34	1.589	7.68E-05
0.341	1.589	7.59E-05
0.342	1.589	7.48E-05
0.343	1.589	7.38E-05
0.344	1.589	7.27E-05
0.345	1.588	7.14E-05
0.346	1.588	6.99E-05
0.347	1.588	6.84E-05
0.348	1.587	6.69E-05
0.349	1.587	6.54E-05
0.35	1.586	6.40E-05
0.351	1.586	6.28E-05
0.352	1.586	6.16E-05
0.353	1.586	6.03E-05
0.354	1.585	5.92E-05
0.355	1.585	5.79E-05
0.356	1.585	5.67E-05
0.357	1.585	5.54E-05
0.358	1.585	5.42E-05
0.359	1.585	5.28E-05
0.36	1.585	5.15E-05
0.361	1.584	5.02E-05
0.362	1.584	4.89E-05
0.363	1.583	4.75E-05
0.364	1.582	4.61E-05
0.365	1.582	4.49E-05
0.366	1.582	4.37E-05
0.367	1.581	4.27E-05
0.368	1.581	4.17E-05
0.369	1.58	4.08E-05
0.37	1.579	4.00E-05
0.371	1.579	3.93E-05
0.372	1.578	3.85E-05
0.373	1.578	3.76E-05
0.374	1.578	3.67E-05
0.375	1.578	3.58E-05
0.376	1.577	3.49E-05
0.377	1.577	3.40E-05
0.378	1.576	3.32E-05
0.379	1.576	3.26E-05
0.38	1.576	3.20E-05
0.381	1.575	3.13E-05
0.382	1.575	3.06E-05
0.383	1.575	3.00E-05
0.384	1.574	2.95E-05
0.385	1.574	2.90E-05
0.386	1.573	2.85E-05
0.387	1.573	2.81E-05
0.388	1.572	2.76E-05
0.389	1.572	2.71E-05
0.39	1.571	2.64E-05
0.391	1.571	2.56E-05
0.392	1.571	2.48E-05
0.393	1.57	2.41E-05
0.394	1.569	2.34E-05
0.395	1.569	2.29E-05
0.396	1.568	2.24E-05
0.397	1.568	2.20E-05
0.398	1.567	2.15E-05
0.399	1.566	2.10E-05
0.4	1.566	2.05E-05
0.401	1.565	2.00E-05
0.402	1.565	1.95E-05
0.403	1.564	1.90E-05
0.404	1.564	1.84E-05
0.405	1.563	1.80E-05
0.406	1.562	1.75E-05
0.407	1.562	1.71E-05
0.408	1.562	1.67E-05
0.409	1.561	1.63E-05
0.41	1.561	1.60E-05
0.411	1.56	1.57E-05
0.412	1.56	1.54E-05
0.413	1.559	1.52E-05
0.414	1.559	1.50E-05
0.415	1.559	1.48E-05
0.416	1.558	1.45E-05
0.417	1.558	1.42E-05
0.418	1.558	1.39E-05
0.419	1.557	1.37E-05
0.42	1.557	1.35E-05
0.421	1.556	1.33E-05
0.422	1.556	1.32E-05
0.423	1.556	1.30E-05
0.424	1.555	1.29E-05
0.425	1.555	1.27E-05
0.426	1.555	1.26E-05
0.427	1.554	1.25E-05
0.428	1.554	1.23E-05
0.429	1.554	1.21E-05
0.43	1.554	1.20E-05
0.431	1.554	1.19E-05
0.432	1.553	1.18E-05
0.433	1.553	1.17E-05
0.434	1.553	1.17E-05
0.435	1.553	1.16E-05
0.436	1.553	1.16E-05
0.437	1.553	1.16E-05
0.438	1.552	1.15E-05
0.439	1.552	1.14E-05
0.44	1.552	1.12E-05
0.441	1.552	1.12E-05
0.442	1.552	1.11E-05
0.443	1.552	1.10E-05
0.444	1.551	1.10E-05
0.445	1.551	1.10E-05
0.446	1.551	1.09E-05
0.447	1.551	1.09E-05
0.448	1.551	1.08E-05
0.449	1.551	1.07E-05
0.45	1.551	1.05E-05
0.451	1.55	1.04E-05
0.452	1.55	1.03E-05
0.453	1.55	1.03E-05
0.454	1.55	1.04E-05
0.455	1.55	1.04E-05
0.456	1.55	1.04E-05
0.457	1.55	1.04E-05
0.458	1.549	1.03E-05
0.459	1.549	1.03E-05
0.46	1.549	1.02E-05
0.461	1.549	1.02E-05
0.462	1.549	1.01E-05
0.463	1.548	1.00E-05
0.464	1.548	9.99E-06
0.465	1.548	9.94E-06
0.466	1.548	9.88E-06
0.467	1.547	9.84E-06
0.468	1.547	9.83E-06
0.469	1.547	9.80E-06
0.47	1.547	9.77E-06
0.471	1.546	9.70E-06
0.472	1.546	9.65E-06
0.473	1.546	9.61E-06
0.474	1.545	9.58E-06
0.475	1.545	9.61E-06
0.476	1.545	9.68E-06
0.477	1.545	9.73E-06
0.478	1.544	9.74E-06
0.479	1.544	9.73E-06
0.48	1.544	9.71E-06
0.481	1.543	9.66E-06
0.482	1.543	9.61E-06
0.483	1.543	9.58E-06
0.484	1.543	9.56E-06
0.485	1.542	9.56E-06
0.486	1.542	9.58E-06
0.487	1.542	9.56E-06
0.488	1.542	9.51E-06
0.489	1.542	9.47E-06
0.49	1.541	9.47E-06
0.491	1.541	9.45E-06
0.492	1.541	9.40E-06
0.493	1.541	9.37E-06
0.494	1.541	9.31E-06
0.495	1.541	9.23E-06
0.496	1.541	9.17E-06
0.497	1.541	9.09E-06
0.498	1.541	8.97E-06
0.499	1.541	8.85E-06
0.5	1.54	8.76E-06
0.501	1.54	8.68E-06
0.502	1.54	8.56E-06
0.503	1.54	8.48E-06
0.504	1.54	8.43E-06
0.505	1.54	8.36E-06
0.506	1.54	8.31E-06
0.507	1.54	8.25E-06
0.508	1.541	8.15E-06
0.509	1.541	8.05E-06
0.51	1.541	8.04E-06
0.511	1.541	8.01E-06
0.512	1.541	7.97E-06
0.513	1.54	7.93E-06
0.514	1.54	7.89E-06
0.515	1.54	7.82E-06
0.516	1.54	7.75E-06
0.517	1.54	7.68E-06
0.518	1.54	7.59E-06
0.519	1.54	7.51E-06
0.52	1.54	7.41E-06
0.521	1.54	7.36E-06
0.522	1.54	7.31E-06
0.523	1.54	7.28E-06
0.524	1.54	7.28E-06
0.525	1.54	7.27E-06
0.526	1.54	7.30E-06
0.527	1.54	7.28E-06
0.528	1.54	7.28E-06
0.529	1.54	7.22E-06
0.53	1.54	7.22E-06
0.531	1.54	7.19E-06
0.532	1.54	7.18E-06
0.533	1.54	7.19E-06
0.534	1.54	7.20E-06
0.535	1.54	7.21E-06
0.536	1.54	7.18E-06
0.537	1.54	7.12E-06
0.538	1.54	6.99E-06
0.539	1.54	6.91E-06
0.54	1.54	6.83E-06
0.541	1.54	6.81E-06
0.542	1.54	6.84E-06
0.543	1.54	6.91E-06
0.544	1.54	6.97E-06
0.545	1.54	6.99E-06
0.546	1.54	7.01E-06
0.547	1.54	7.00E-06
0.548	1.54	6.99E-06
0.549	1.54	6.95E-06
0.55	1.54	6.92E-06
0.551	1.54	6.85E-06
0.552	1.54	6.85E-06
0.553	1.54	6.84E-06
0.554	1.54	6.82E-06
0.555	1.539	6.79E-06
0.556	1.539	6.75E-06
0.557	1.539	6.68E-06
0.558	1.539	6.61E-06
0.559	1.539	6.54E-06
0.56	1.539	6.45E-06
0.561	1.539	6.41E-06
0.562	1.539	6.40E-06
0.563	1.538	6.41E-06
0.564	1.538	6.43E-06
0.565	1.538	6.41E-06
0.566	1.538	6.40E-06
0.567	1.538	6.37E-06
0.568	1.538	6.29E-06
0.569	1.538	6.27E-06
0.57	1.537	6.22E-06
0.571	1.537	6.17E-06
0.572	1.537	6.12E-06
0.573	1.537	6.07E-06
0.574	1.537	6.02E-06
0.575	1.537	5.98E-06
0.576	1.537	5.95E-06
0.577	1.537	5.95E-06
0.578	1.536	5.94E-06
0.579	1.536	5.96E-06
0.58	1.536	5.95E-06
0.581	1.536	5.94E-06
0.582	1.536	5.94E-06
0.583	1.536	6.01E-06
0.584	1.536	6.09E-06
0.585	1.536	6.21E-06
0.586	1.536	6.31E-06
0.587	1.536	6.41E-06
0.588	1.536	6.44E-06
0.589	1.536	6.45E-06
0.59	1.536	6.53E-06
0.591	1.536	6.58E-06
0.592	1.536	6.59E-06
0.593	1.536	6.62E-06
0.594	1.536	6.65E-06
0.595	1.536	6.69E-06
0.596	1.536	6.71E-06
0.597	1.536	6.69E-06
0.598	1.536	6.68E-06
0.599	1.535	6.73E-06
0.6	1.535	6.84E-06
0.601	1.535	6.93E-06
0.602	1.535	7.01E-06
0.603	1.535	7.07E-06
0.604	1.535	7.11E-06
0.605	1.535	7.18E-06
0.606	1.535	7.24E-06
0.607	1.535	7.30E-06
0.608	1.535	7.39E-06
0.609	1.535	7.44E-06
0.61	1.535	7.50E-06
0.611	1.534	7.51E-06
0.612	1.534	7.50E-06
0.613	1.534	7.40E-06
0.614	1.534	7.30E-06
0.615	1.534	7.23E-06
0.616	1.534	7.20E-06
0.617	1.533	7.23E-06
0.618	1.533	7.28E-06
0.619	1.533	7.31E-06
0.62	1.533	7.39E-06
0.621	1.533	7.45E-06
0.622	1.533	7.47E-06
0.623	1.533	7.50E-06
0.624	1.533	7.51E-06
0.625	1.532	7.50E-06
0.626	1.532	7.48E-06
0.627	1.532	7.48E-06
0.628	1.532	7.51E-06
0.629	1.532	7.57E-06
0.63	1.532	7.56E-06
0.631	1.532	7.58E-06
0.632	1.532	7.55E-06
0.633	1.532	7.53E-06
0.634	1.532	7.49E-06
0.635	1.532	7.42E-06
0.636	1.532	7.35E-06
0.637	1.532	7.31E-06
0.638	1.532	7.27E-06
0.639	1.532	7.27E-06
0.64	1.532	7.21E-06
0.641	1.532	7.20E-06
0.642	1.532	7.24E-06
0.643	1.532	7.26E-06
0.644	1.532	7.21E-06
0.645	1.532	7.17E-06
0.646	1.532	7.09E-06
0.647	1.532	7.01E-06
0.648	1.531	6.95E-06
0.649	1.531	6.93E-06
0.65	1.531	6.88E-06
0.651	1.531	6.91E-06
0.652	1.531	6.89E-06
0.653	1.531	6.89E-06
0.654	1.531	6.85E-06
0.655	1.531	6.81E-06
0.656	1.53	6.75E-06
0.657	1.53	6.75E-06
0.658	1.53	6.78E-06
0.659	1.53	6.82E-06
0.66	1.53	6.91E-06
0.661	1.53	6.93E-06
0.662	1.529	7.01E-06
0.663	1.529	7.06E-06
0.664	1.529	7.10E-06
0.665	1.529	7.11E-06
0.666	1.529	7.12E-06
0.667	1.529	7.09E-06
0.668	1.528	7.04E-06
0.669	1.528	6.93E-06
0.67	1.528	6.88E-06
0.671	1.528	6.81E-06
0.672	1.528	6.82E-06
0.673	1.528	6.89E-06
0.674	1.528	7.04E-06
0.675	1.527	7.23E-06
0.676	1.527	7.42E-06
0.677	1.527	7.52E-06
0.678	1.527	7.55E-06
0.679	1.527	7.52E-06
0.68	1.527	7.54E-06
0.681	1.527	7.55E-06
0.682	1.527	7.59E-06
0.683	1.527	7.66E-06
0.684	1.527	7.71E-06
0.685	1.527	7.79E-06
0.686	1.527	7.81E-06
0.687	1.527	7.81E-06
0.688	1.527	7.80E-06
0.689	1.527	7.70E-06
0.69	1.527	7.58E-06
0.691	1.527	7.47E-06
0.692	1.527	7.37E-06
0.693	1.527	7.27E-06
0.694	1.527	7.14E-06
0.695	1.527	7.08E-06
0.696	1.527	7.07E-06
0.697	1.527	7.02E-06
0.698	1.527	6.89E-06
0.699	1.527	6.75E-06
0.7	1.527	6.62E-06
0.701	1.527	6.51E-06
0.702	1.527	6.41E-06
0.703	1.527	6.29E-06
0.704	1.527	6.22E-06
0.705	1.527	6.17E-06
0.706	1.527	6.14E-06
0.707	1.527	6.12E-06
0.708	1.527	6.07E-06
0.709	1.527	6.08E-06
0.71	1.527	6.11E-06
0.711	1.527	6.17E-06
0.712	1.527	6.17E-06
0.713	1.527	6.24E-06
0.714	1.527	6.32E-06
0.715	1.527	6.41E-06
0.716	1.527	6.45E-06
0.717	1.527	6.52E-06
0.718	1.527	6.59E-06
0.719	1.527	6.72E-06
0.72	1.527	6.85E-06
0.721	1.527	6.93E-06
0.722	1.527	7.07E-06
0.723	1.527	7.15E-06
0.724	1.527	7.25E-06
0.725	1.527	7.30E-06
0.726	1.527	7.30E-06
0.727	1.527	7.35E-06
0.728	1.527	7.45E-06
0.729	1.527	7.60E-06
0.73	1.527	7.75E-06
0.731	1.527	7.89E-06
0.732	1.527	8.08E-06
0.733	1.527	8.31E-06
0.734	1.527	8.46E-06
0.735	1.527	8.58E-06
0.736	1.527	8.63E-06
0.737	1.527	8.68E-06
0.738	1.527	8.69E-06
0.739	1.527	8.64E-06
0.74	1.527	8.50E-06
0.741	1.527	8.34E-06
0.742	1.527	8.24E-06
0.743	1.527	8.15E-06
0.744	1.527	8.09E-06
0.745	1.527	8.08E-06
0.746	1.527	8.05E-06
0.747	1.527	8.05E-06
0.748	1.527	7.95E-06
0.749	1.527	7.80E-06
0.75	1.527	7.66E-06
0.751	1.527	7.55E-06
0.752	1.527	7.44E-06
0.753	1.527	7.34E-06
0.754	1.527	7.29E-06
0.755	1.527	7.21E-06
0.756	1.527	7.13E-06
0.757	1.527	7.00E-06
0.758	1.527	6.89E-06
0.759	1.527	6.79E-06
0.76	1.527	6.77E-06
0.761	1.527	6.72E-06
0.762	1.527	6.67E-06
0.763	1.527	6.62E-06
0.764	1.527	6.64E-06
0.765	1.527	6.68E-06
0.766	1.527	6.66E-06
0.767	1.527	6.61E-06
0.768	1.527	6.52E-06
0.769	1.527	6.47E-06
0.77	1.527	6.35E-06
0.771	1.527	6.29E-06
0.772	1.527	6.20E-06
0.773	1.527	6.15E-06
0.774	1.527	6.11E-06
0.775	1.527	6.07E-06
0.776	1.527	6.14E-06
0.777	1.527	6.27E-06
0.778	1.526	6.47E-06
0.779	1.526	6.66E-06
0.78	1.526	6.76E-06
0.781	1.526	6.82E-06
0.782	1.526	6.84E-06
0.783	1.526	6.81E-06
0.784	1.526	6.80E-06
0.785	1.526	6.78E-06
0.786	1.526	6.86E-06
0.787	1.526	7.01E-06
0.788	1.526	7.10E-06
0.789	1.526	7.14E-06
0.79	1.526	7.17E-06
0.791	1.526	7.16E-06
0.792	1.526	7.09E-06
0.793	1.526	6.89E-06
0.794	1.526	6.63E-06
0.795	1.526	6.43E-06
0.796	1.526	6.33E-06
0.797	1.526	6.26E-06
0.798	1.526	6.27E-06
0.799	1.526	6.34E-06
0.8	1.526	6.46E-06
0.801	1.526	6.64E-06
0.802	1.526	6.86E-06
0.803	1.526	7.01E-06
0.804	1.526	7.12E-06
0.805	1.526	7.22E-06
0.806	1.526	7.23E-06
0.807	1.526	7.18E-06
0.808	1.526	7.06E-06
0.809	1.526	6.97E-06
0.81	1.526	6.99E-06
0.811	1.526	7.11E-06
0.812	1.526	7.27E-06
0.813	1.526	7.52E-06
0.814	1.526	7.63E-06
0.815	1.526	7.52E-06
0.816	1.526	7.70E-06
0.817	1.526	7.69E-06
0.818	1.526	7.86E-06
0.819	1.525	8.26E-06
0.82	1.524	8.70E-06
0.821	1.524	8.65E-06
0.822	1.524	8.33E-06
0.823	1.524	7.76E-06
0.824	1.525	6.83E-06
0.825	1.526	6.17E-06
0.826	1.527	5.88E-06
0.827	1.527	6.21E-06
0.828	1.527	6.83E-06
0.829	1.526	7.74E-06
0.83	1.525	9.06E-06
0.831	1.524	9.90E-06
0.832	1.524	1.05E-05
0.833	1.523	1.11E-05
0.834	1.523	1.14E-05
0.835	1.523	1.15E-05
0.836	1.524	1.15E-05
0.837	1.524	1.12E-05
0.838	1.525	1.05E-05
0.839	1.526	9.59E-06
0.84	1.527	8.61E-06
0.841	1.527	7.85E-06
0.842	1.528	7.13E-06
0.843	1.528	7.02E-06
0.844	1.527	7.10E-06
0.845	1.527	6.91E-06
0.846	1.526	6.66E-06
0.847	1.526	6.14E-06
0.848	1.527	5.27E-06
0.849	1.527	4.51E-06
0.85	1.528	3.84E-06
0.851	1.529	3.17E-06
0.852	1.53	2.53E-06
0.853	1.531	2.04E-06
0.854	1.532	1.44E-06
0.855	1.533	7.65E-07
0.856	1.535	3.49E-09
0.857	1.537	2.64E-08
0.858	1.539	4.56E-08
0.859	1.54	6.91E-08
0.86	1.542	8.83E-08
0.861	1.543	1.09E-07
0.862	1.544	1.32E-07
0.863	1.545	1.54E-07
0.864	1.547	1.80E-07
0.865	1.548	2.05E-07
0.866	1.549	2.30E-07
0.867	1.551	2.57E-07
0.868	1.553	2.80E-07
0.869	1.554	3.01E-07
0.87	1.555	3.17E-07
0.871	1.556	3.31E-07
0.872	1.557	3.50E-07
0.873	1.557	3.76E-07
0.874	1.558	4.04E-07
0.875	1.559	4.20E-07
0.876	1.559	4.23E-07
0.877	1.559	4.28E-07
0.878	1.56	4.22E-07
0.879	1.56	4.23E-07
0.88	1.561	4.35E-07
0.881	1.563	4.56E-07
0.882	1.563	4.65E-07
0.883	1.564	4.66E-07
0.884	1.564	4.56E-07
0.885	1.563	4.12E-07
0.886	1.563	3.64E-07
0.887	1.562	3.20E-07
0.888	1.561	2.92E-07
0.889	1.561	2.75E-07
0.89	1.561	2.72E-07
0.891	1.561	2.99E-07
0.892	1.561	3.22E-07
0.893	1.561	3.48E-07
0.894	1.561	3.89E-07
0.895	1.561	4.26E-07
0.896	1.561	4.53E-07
0.897	1.561	4.68E-07
0.898	1.561	4.78E-07
0.899	1.56	4.65E-07
0.9	1.559	4.43E-07
0.901	1.557	4.10E-07
0.902	1.556	3.83E-07
0.903	1.555	3.49E-07
0.904	1.554	3.35E-07
0.905	1.553	3.41E-07
0.906	1.553	3.41E-07
0.907	1.552	3.41E-07
0.908	1.552	3.35E-07
0.909	1.551	3.12E-07
0.91	1.55	2.90E-07
0.911	1.55	2.69E-07
0.912	1.549	2.64E-07
0.913	1.549	2.63E-07
0.914	1.549	2.80E-07
0.915	1.549	2.84E-07
0.916	1.549	2.75E-07
0.917	1.548	2.48E-07
0.918	1.548	2.14E-07
0.919	1.547	1.96E-07
0.92	1.547	1.76E-07
0.921	1.546	1.82E-07
0.922	1.546	2.00E-07
0.923	1.546	2.24E-07
0.924	1.547	2.49E-07
0.925	1.547	2.55E-07
0.926	1.547	2.41E-07
0.927	1.547	2.23E-07
0.928	1.547	1.91E-07
0.929	1.546	1.59E-07
0.93	1.545	1.30E-07
0.931	1.545	1.10E-07
0.932	1.544	1.04E-07
0.933	1.544	1.09E-07
0.934	1.544	1.03E-07
0.935	1.544	9.02E-08
0.936	1.544	9.10E-08
0.937	1.544	8.94E-08
0.938	1.544	1.12E-07
0.939	1.544	1.44E-07
0.94	1.544	1.80E-07
0.941	1.543	2.22E-07
0.942	1.543	2.57E-07
0.943	1.543	2.79E-07
0.944	1.543	2.90E-07
0.945	1.543	2.93E-07
0.946	1.544	3.05E-07
0.947	1.544	3.22E-07
0.948	1.545	3.38E-07
0.949	1.545	3.60E-07
0.95	1.545	3.80E-07
0.951	1.545	4.00E-07
0.952	1.545	4.15E-07
0.953	1.546	4.20E-07
0.954	1.546	4.17E-07
0.955	1.547	4.00E-07
0.956	1.547	3.84E-07
0.957	1.547	3.57E-07
0.958	1.547	3.41E-07
0.959	1.547	3.17E-07
0.96	1.547	2.98E-07
0.961	1.547	2.83E-07
0.962	1.547	2.74E-07
0.963	1.547	2.60E-07
0.964	1.546	2.47E-07
0.965	1.546	2.41E-07
0.966	1.546	2.32E-07
0.967	1.546	2.21E-07
0.968	1.546	2.09E-07
0.969	1.546	1.96E-07
0.97	1.545	1.83E-07
0.971	1.546	1.82E-07
0.972	1.546	1.86E-07
0.973	1.546	1.84E-07
0.974	1.546	1.81E-07
0.975	1.546	1.75E-07
0.976	1.547	1.72E-07
0.977	1.547	1.72E-07
0.978	1.548	1.73E-07
0.979	1.549	1.77E-07
0.98	1.549	1.78E-07
0.981	1.549	1.85E-07
0.982	1.55	1.86E-07
0.983	1.55	1.78E-07
0.984	1.55	1.58E-07
0.985	1.549	1.36E-07
0.986	1.549	1.19E-07
0.987	1.549	1.06E-07
0.988	1.548	9.88E-08
0.989	1.548	1.01E-07
0.99	1.548	1.09E-07
0.991	1.548	1.19E-07
0.992	1.548	1.29E-07
0.993	1.548	1.34E-07
0.994	1.548	1.31E-07
0.995	1.547	1.28E-07
0.996	1.547	1.28E-07
0.997	1.547	1.28E-07
0.998	1.547	1.28E-07
0.999	1.547	1.27E-07
1	1.547	1.25E-07
1.001	1.547	1.21E-07
1.002	1.547	1.17E-07
1.003	1.547	1.12E-07
1.004	1.547	1.10E-07
1.005	1.547	1.09E-07
1.006	1.547	1.06E-07
1.007	1.548	1.01E-07
1.008	1.548	9.57E-08
1.009	1.548	8.99E-08
1.01	1.548	8.42E-08
1.011	1.548	7.87E-08
1.012	1.548	7.32E-08
1.013	1.548	6.69E-08
1.014	1.548	6.04E-08
1.015	1.548	5.27E-08
1.016	1.547	4.54E-08
1.017	1.547	3.78E-08
1.018	1.547	3.27E-08
1.019	1.547	4.02E-08
1.02	1.547	4.84E-08
1.021	1.547	5.70E-08
1.022	1.547	6.51E-08
1.023	1.547	7.17E-08
1.024	1.547	7.62E-08
1.025	1.547	8.03E-08
1.026	1.547	8.37E-08
1.027	1.546	8.77E-08
1.028	1.546	9.25E-08
1.029	1.546	9.91E-08
1.03	1.546	1.07E-07
1.031	1.546	1.14E-07
1.032	1.546	1.21E-07
1.033	1.546	1.27E-07
1.034	1.547	1.33E-07
1.035	1.547	1.38E-07
1.036	1.547	1.41E-07
1.037	1.547	1.41E-07
1.038	1.546	1.42E-07
1.039	1.546	1.44E-07
1.04	1.546	1.47E-07
1.041	1.545	1.50E-07
1.042	1.545	1.50E-07
1.043	1.544	1.47E-07
1.044	1.544	1.44E-07
1.045	1.543	1.42E-07
1.046	1.543	1.41E-07
1.047	1.543	1.41E-07
1.048	1.543	1.45E-07
1.049	1.543	1.51E-07
1.05	1.543	1.57E-07
1.051	1.543	1.64E-07
1.052	1.543	1.68E-07
1.053	1.543	1.72E-07
1.054	1.543	1.76E-07
1.055	1.543	1.85E-07
1.056	1.544	1.93E-07
1.057	1.544	1.96E-07
1.058	1.544	1.95E-07
1.059	1.544	1.90E-07
1.06	1.543	1.83E-07
1.061	1.543	1.78E-07
1.062	1.543	1.75E-07
1.063	1.543	1.75E-07
1.064	1.543	1.82E-07
1.065	1.543	1.91E-07
1.066	1.543	2.03E-07
1.067	1.543	2.21E-07
1.068	1.543	2.41E-07
1.069	1.543	2.58E-07
1.07	1.544	2.75E-07
1.071	1.544	2.84E-07
1.072	1.544	2.85E-07
1.073	1.544	2.81E-07
1.074	1.544	2.76E-07
1.075	1.544	2.68E-07
1.076	1.544	2.63E-07
1.077	1.544	2.64E-07
1.078	1.544	2.66E-07
1.079	1.544	2.72E-07
1.08	1.545	2.76E-07
1.081	1.545	2.84E-07
1.082	1.545	2.93E-07
1.083	1.546	2.98E-07
1.084	1.546	3.06E-07
1.085	1.546	3.16E-07
1.086	1.546	3.24E-07
1.087	1.547	3.28E-07
1.088	1.547	3.30E-07
1.089	1.547	3.27E-07
1.09	1.547	3.31E-07
1.091	1.547	3.36E-07
1.092	1.548	3.46E-07
1.093	1.548	3.51E-07
1.094	1.548	3.57E-07
1.095	1.549	3.64E-07
1.096	1.549	3.69E-07
1.097	1.549	3.69E-07
1.098	1.549	3.67E-07
1.099	1.549	3.63E-07
1.1	1.55	3.60E-07
1.101	1.549	3.52E-07
1.102	1.549	3.44E-07
1.103	1.549	3.33E-07
1.104	1.549	3.24E-07
1.105	1.549	3.18E-07
1.106	1.55	3.16E-07
1.107	1.55	3.14E-07
1.108	1.55	3.07E-07
1.109	1.55	3.04E-07
1.11	1.55	2.98E-07
1.111	1.55	2.90E-07
1.112	1.55	2.79E-07
1.113	1.55	2.65E-07
1.114	1.55	2.52E-07
1.115	1.55	2.40E-07
1.116	1.549	2.30E-07
1.117	1.549	2.19E-07
1.118	1.549	2.07E-07
1.119	1.549	1.97E-07
1.12	1.549	1.90E-07
1.121	1.549	1.85E-07
1.122	1.549	1.76E-07
1.123	1.549	1.70E-07
1.124	1.549	1.65E-07
1.125	1.549	1.58E-07
1.126	1.55	1.51E-07
1.127	1.55	1.43E-07
1.128	1.55	1.34E-07
1.129	1.55	1.24E-07
1.13	1.55	1.13E-07
1.131	1.55	1.01E-07
1.132	1.549	8.98E-08
1.133	1.549	7.87E-08
1.134	1.549	6.89E-08
1.135	1.549	6.06E-08
1.136	1.549	5.37E-08
1.137	1.549	4.75E-08
1.138	1.55	4.12E-08
1.139	1.549	3.44E-08
1.14	1.549	2.77E-08
1.141	1.549	2.11E-08
1.142	1.549	1.77E-08
1.143	1.549	2.38E-08
1.144	1.549	2.91E-08
1.145	1.549	3.57E-08
1.146	1.549	4.28E-08
1.147	1.549	5.03E-08
1.148	1.549	5.80E-08
1.149	1.55	6.63E-08
1.15	1.55	7.57E-08
1.151	1.549	8.60E-08
1.152	1.549	9.51E-08
1.153	1.549	1.01E-07
1.154	1.549	1.04E-07
1.155	1.549	1.06E-07
1.156	1.548	1.07E-07
1.157	1.548	1.05E-07
1.158	1.547	1.04E-07
1.159	1.547	1.05E-07
1.16	1.547	1.06E-07
1.161	1.546	1.05E-07
1.162	1.546	1.04E-07
1.163	1.546	1.03E-07
1.164	1.546	1.04E-07
1.165	1.546	1.03E-07
1.166	1.546	1.01E-07
1.167	1.546	1.01E-07
1.168	1.546	1.01E-07
1.169	1.546	1.05E-07
1.17	1.546	1.05E-07
1.171	1.546	1.08E-07
1.172	1.546	1.06E-07
1.173	1.545	1.06E-07
1.174	1.545	1.04E-07
1.175	1.545	1.02E-07
1.176	1.545	9.81E-08
1.177	1.545	8.74E-08
1.178	1.544	7.77E-08
1.179	1.544	7.30E-08
1.18	1.544	6.94E-08
1.181	1.543	6.72E-08
1.182	1.543	6.65E-08
1.183	1.543	6.99E-08
1.184	1.543	7.33E-08
1.185	1.544	7.86E-08
1.186	1.544	8.03E-08
1.187	1.544	7.84E-08
1.188	1.544	7.15E-08
1.189	1.544	7.02E-08
1.19	1.543	6.17E-08
1.191	1.543	6.28E-08
1.192	1.543	6.12E-08
1.193	1.543	7.23E-08
1.194	1.543	8.97E-08
1.195	1.543	1.07E-07
1.196	1.544	1.20E-07
1.197	1.544	1.30E-07
1.198	1.544	1.39E-07
1.199	1.544	1.44E-07
1.2	1.544	1.51E-07
1.201	1.544	1.57E-07
1.202	1.544	1.61E-07
1.203	1.544	1.63E-07
1.204	1.544	1.62E-07
1.205	1.544	1.60E-07
1.206	1.543	1.53E-07
1.207	1.543	1.44E-07
1.208	1.543	1.36E-07
1.209	1.543	1.32E-07
1.21	1.542	1.28E-07
1.211	1.542	1.20E-07
1.212	1.542	1.08E-07
1.213	1.542	9.38E-08
1.214	1.542	7.98E-08
1.215	1.541	6.94E-08
1.216	1.541	6.13E-08
1.217	1.541	5.67E-08
1.218	1.541	5.57E-08
1.219	1.542	5.59E-08
1.22	1.542	5.66E-08
1.221	1.542	5.53E-08
1.222	1.542	5.36E-08
1.223	1.542	5.02E-08
1.224	1.542	4.68E-08
1.225	1.542	4.40E-08
1.226	1.542	4.12E-08
1.227	1.542	3.82E-08
1.228	1.542	3.33E-08
1.229	1.542	2.89E-08
1.23	1.541	2.35E-08
1.231	1.541	1.79E-08
1.232	1.541	1.32E-08
1.233	1.54	9.23E-09
1.234	1.54	6.24E-09
1.235	1.54	4.01E-09
1.236	1.54	2.35E-09
1.237	1.54	1.12E-09
1.238	1.539	8.86E-11
1.239	1.539	1.02E-09
1.24	1.539	2.10E-09
1.241	1.539	3.02E-09
1.242	1.539	3.71E-09
1.243	1.539	5.25E-09
1.244	1.54	7.16E-09
1.245	1.54	9.57E-09
1.246	1.54	1.22E-08
1.247	1.539	1.56E-08
1.248	1.539	1.96E-08
1.249	1.54	2.44E-08
1.25	1.54	2.80E-08
1.251	1.54	2.94E-08
1.252	1.54	3.07E-08
1.253	1.541	3.30E-08
1.254	1.541	3.54E-08
1.255	1.541	3.55E-08
1.256	1.541	3.71E-08
1.257	1.541	4.02E-08
1.258	1.541	4.43E-08
1.259	1.541	4.82E-08
1.26	1.54	5.16E-08
1.261	1.54	5.64E-08
1.262	1.54	6.19E-08
1.263	1.54	6.64E-08
1.264	1.54	6.90E-08
1.265	1.54	7.16E-08
1.266	1.54	7.35E-08
1.267	1.54	8.03E-08
1.268	1.54	9.20E-08
1.269	1.54	9.97E-08
1.27	1.54	1.06E-07
1.271	1.54	1.13E-07
1.272	1.54	1.24E-07
1.273	1.541	1.39E-07
1.274	1.541	1.56E-07
1.275	1.541	1.82E-07
1.276	1.542	2.07E-07
1.277	1.542	2.31E-07
1.278	1.542	2.53E-07
1.279	1.542	2.73E-07
1.28	1.542	2.91E-07
1.281	1.542	3.02E-07
1.282	1.542	3.20E-07
1.283	1.541	3.29E-07
1.284	1.541	3.38E-07
1.285	1.541	3.42E-07
1.286	1.54	3.31E-07
1.287	1.54	3.09E-07
1.288	1.539	2.80E-07
1.289	1.539	2.59E-07
1.29	1.538	2.39E-07
1.291	1.538	2.21E-07
1.292	1.538	2.26E-07
1.293	1.538	2.30E-07
1.294	1.537	2.35E-07
1.295	1.537	2.32E-07
1.296	1.537	2.34E-07
1.297	1.537	2.26E-07
1.298	1.537	2.18E-07
1.299	1.537	2.11E-07
1.3	1.537	1.97E-07
1.301	1.537	1.88E-07
1.302	1.537	1.85E-07
1.303	1.537	1.84E-07
1.304	1.537	1.73E-07
1.305	1.537	1.51E-07
1.306	1.537	1.42E-07
1.307	1.537	1.32E-07
1.308	1.538	1.10E-07
1.309	1.538	7.81E-08
1.31	1.538	4.20E-08
1.311	1.538	1.72E-09
1.312	1.538	2.35E-07
1.313	1.538	3.91E-07
1.314	1.538	4.44E-07
1.315	1.538	4.97E-07
1.316	1.538	2.61E-07
1.317	1.538	9.19E-09
1.318	1.539	4.29E-08
1.319	1.539	5.48E-08
1.32	1.539	5.74E-08
1.321	1.539	5.61E-08
1.322	1.539	5.29E-08
1.323	1.539	4.56E-08
1.324	1.539	3.61E-08
1.325	1.539	2.43E-08
1.326	1.539	3.28E-08
1.327	1.539	6.02E-08
1.328	1.54	9.68E-08
1.329	1.54	1.17E-07
1.33	1.54	1.36E-07
1.331	1.54	1.46E-07
1.332	1.541	1.48E-07
1.333	1.541	1.38E-07
1.334	1.541	1.10E-07
1.335	1.541	7.46E-08
1.336	1.541	3.42E-08
1.337	1.541	5.28E-08
1.338	1.541	3.46E-07
1.339	1.54	6.39E-07
1.34	1.54	9.86E-07
1.341	1.54	1.36E-06
1.342	1.539	1.74E-06
1.343	1.539	2.19E-06
1.344	1.539	2.94E-06
1.345	1.538	3.69E-06
1.346	1.538	4.42E-06
1.347	1.537	5.01E-06
1.348	1.536	5.31E-06
1.349	1.536	5.32E-06
1.35	1.536	5.24E-06
1.351	1.537	5.25E-06
1.352	1.537	5.30E-06
1.353	1.536	5.82E-06
1.354	1.536	6.50E-06
1.355	1.536	7.10E-06
1.356	1.535	7.45E-06
1.357	1.535	7.54E-06
1.358	1.535	7.60E-06
1.359	1.535	7.39E-06
1.36	1.535	7.12E-06
1.361	1.535	6.88E-06
1.362	1.535	6.70E-06
1.363	1.536	6.60E-06
1.364	1.536	6.52E-06
1.365	1.536	6.31E-06
1.366	1.537	5.87E-06
1.367	1.537	5.42E-06
1.368	1.537	5.34E-06
1.369	1.538	5.23E-06
1.37	1.538	5.29E-06
1.371	1.538	5.54E-06
1.372	1.538	5.74E-06
1.373	1.538	6.01E-06
1.374	1.538	6.24E-06
1.375	1.538	6.43E-06
1.376	1.538	6.30E-06
1.377	1.538	6.17E-06
1.378	1.537	6.06E-06
1.379	1.537	6.10E-06
1.38	1.537	5.85E-06
1.381	1.538	5.61E-06
1.382	1.538	5.45E-06
1.383	1.538	5.34E-06
1.384	1.539	5.37E-06
1.385	1.539	5.57E-06
1.386	1.539	5.80E-06
1.387	1.539	6.21E-06
1.388	1.539	6.80E-06
1.389	1.539	7.66E-06
1.39	1.538	8.78E-06
1.391	1.537	9.70E-06
1.392	1.537	1.10E-05
1.393	1.536	1.24E-05
1.394	1.535	1.38E-05
1.395	1.534	1.52E-05
1.396	1.534	1.64E-05
1.397	1.533	1.77E-05
1.398	1.532	1.90E-05
1.399	1.531	2.04E-05
1.4	1.53	2.17E-05
1.401	1.529	2.33E-05
1.402	1.528	2.47E-05
1.403	1.528	2.64E-05
1.404	1.527	2.81E-05
1.405	1.527	2.97E-05
1.406	1.526	3.12E-05
1.407	1.526	3.27E-05
1.408	1.526	3.39E-05
1.409	1.526	3.51E-05
1.41	1.526	3.64E-05
1.411	1.526	3.77E-05
1.412	1.526	3.91E-05
1.413	1.526	4.05E-05
1.414	1.525	4.18E-05
1.415	1.525	4.29E-05
1.416	1.525	4.36E-05
1.417	1.525	4.43E-05
1.418	1.526	4.51E-05
1.419	1.526	4.56E-05
1.42	1.527	4.64E-05
1.421	1.528	4.74E-05
1.422	1.528	4.84E-05
1.423	1.528	4.96E-05
1.424	1.528	5.08E-05
1.425	1.528	5.18E-05
1.426	1.528	5.27E-05
1.427	1.528	5.36E-05
1.428	1.528	5.47E-05
1.429	1.527	5.58E-05
1.43	1.527	5.69E-05
1.431	1.527	5.77E-05
1.432	1.527	5.82E-05
1.433	1.527	5.82E-05
1.434	1.527	5.83E-05
1.435	1.526	5.84E-05
1.436	1.526	5.84E-05
1.437	1.526	5.85E-05
1.438	1.526	5.85E-05
1.439	1.527	5.87E-05
1.44	1.527	5.87E-05
1.441	1.527	5.86E-05
1.442	1.528	5.86E-05
1.443	1.528	5.85E-05
1.444	1.528	5.87E-05
1.445	1.528	5.91E-05
1.446	1.528	5.95E-05
1.447	1.527	5.97E-05
1.448	1.527	6.02E-05
1.449	1.526	6.06E-05
1.45	1.525	6.11E-05
1.451	1.525	6.12E-05
1.452	1.525	6.15E-05
1.453	1.525	6.15E-05
1.454	1.525	6.15E-05
1.455	1.525	6.14E-05
1.456	1.525	6.14E-05
1.457	1.525	6.16E-05
1.458	1.525	6.21E-05
1.459	1.525	6.25E-05
1.46	1.525	6.28E-05
1.461	1.526	6.29E-05
1.462	1.526	6.26E-05
1.463	1.527	6.24E-05
1.464	1.527	6.22E-05
1.465	1.528	6.18E-05
1.466	1.528	6.17E-05
1.467	1.528	6.17E-05
1.468	1.529	6.21E-05
1.469	1.529	6.25E-05
1.47	1.529	6.31E-05
1.471	1.529	6.36E-05
1.472	1.529	6.44E-05
1.473	1.529	6.53E-05
1.474	1.529	6.61E-05
1.475	1.529	6.68E-05
1.476	1.53	6.69E-05
1.477	1.531	6.71E-05
1.478	1.531	6.74E-05
1.479	1.532	6.79E-05
1.48	1.532	6.85E-05
1.481	1.532	6.92E-05
1.482	1.532	7.01E-05
1.483	1.531	7.13E-05
1.484	1.531	7.25E-05
1.485	1.531	7.35E-05
1.486	1.531	7.43E-05
1.487	1.531	7.52E-05
1.488	1.531	7.62E-05
1.489	1.531	7.71E-05
1.49	1.531	7.80E-05
1.491	1.531	7.92E-05
1.492	1.53	8.03E-05
1.493	1.53	8.17E-05
1.494	1.529	8.33E-05
1.495	1.529	8.46E-05
1.496	1.529	8.57E-05
1.497	1.53	8.65E-05
1.498	1.53	8.68E-05
1.499	1.531	8.73E-05
1.5	1.531	8.73E-05
1.501	1.531	8.75E-05
1.502	1.531	8.78E-05
1.503	1.531	8.80E-05
1.504	1.53	8.87E-05
1.505	1.53	8.92E-05
1.506	1.529	8.95E-05
1.507	1.528	8.98E-05
1.508	1.528	9.01E-05
1.509	1.527	8.98E-05
1.51	1.527	8.96E-05
1.511	1.526	8.90E-05
1.512	1.526	8.84E-05
1.513	1.526	8.79E-05
1.514	1.527	8.72E-05
1.515	1.527	8.66E-05
1.516	1.527	8.61E-05
1.517	1.527	8.54E-05
1.518	1.527	8.46E-05
1.519	1.528	8.31E-05
1.52	1.528	8.19E-05
1.521	1.528	8.07E-05
1.522	1.527	7.99E-05
1.523	1.527	7.97E-05
1.524	1.526	7.95E-05
1.525	1.526	7.89E-05
1.526	1.525	7.83E-05
1.527	1.525	7.72E-05
1.528	1.525	7.58E-05
1.529	1.526	7.41E-05
1.53	1.526	7.25E-05
1.531	1.526	7.14E-05
1.532	1.526	7.07E-05
1.533	1.526	6.99E-05
1.534	1.526	6.93E-05
1.535	1.526	6.86E-05
1.536	1.526	6.76E-05
1.537	1.526	6.71E-05
1.538	1.526	6.68E-05
1.539	1.526	6.62E-05
1.54	1.525	6.57E-05
1.541	1.525	6.53E-05
1.542	1.525	6.50E-05
1.543	1.526	6.46E-05
1.544	1.526	6.40E-05
1.545	1.527	6.32E-05
1.546	1.528	6.26E-05
1.547	1.528	6.20E-05
1.548	1.528	6.14E-05
1.549	1.528	6.10E-05
1.55	1.528	6.07E-05
1.551	1.527	6.06E-05
1.552	1.527	6.09E-05
1.553	1.526	6.13E-05
1.554	1.526	6.16E-05
1.555	1.526	6.16E-05
1.556	1.526	6.12E-05
1.557	1.527	6.03E-05
1.558	1.527	5.93E-05
1.559	1.528	5.84E-05
1.56	1.529	5.75E-05
1.561	1.529	5.69E-05
1.562	1.529	5.64E-05
1.563	1.529	5.61E-05
1.564	1.529	5.59E-05
1.565	1.529	5.53E-05
1.566	1.53	5.46E-05
1.567	1.531	5.37E-05
1.568	1.532	5.29E-05
1.569	1.532	5.22E-05
1.57	1.533	5.14E-05
1.571	1.534	5.07E-05
1.572	1.535	4.98E-05
1.573	1.536	4.90E-05
1.574	1.537	4.79E-05
1.575	1.537	4.68E-05
1.576	1.538	4.58E-05
1.577	1.538	4.47E-05
1.578	1.539	4.40E-05
1.579	1.538	4.36E-05
1.58	1.538	4.35E-05
1.581	1.538	4.33E-05
1.582	1.539	4.30E-05
1.583	1.539	4.20E-05
1.584	1.54	4.07E-05
1.585	1.541	3.94E-05
1.586	1.541	3.83E-05
1.587	1.541	3.76E-05
1.588	1.541	3.73E-05
1.589	1.541	3.73E-05
1.59	1.54	3.76E-05
1.591	1.54	3.79E-05
1.592	1.54	3.83E-05
1.593	1.54	3.83E-05
1.594	1.54	3.81E-05
1.595	1.54	3.75E-05
1.596	1.54	3.67E-05
1.597	1.54	3.61E-05
1.598	1.54	3.50E-05
1.599	1.54	3.41E-05
1.6	1.541	3.36E-05
1.601	1.541	3.33E-05
1.602	1.54	3.34E-05
1.603	1.54	3.36E-05
1.604	1.538	3.40E-05
1.605	1.537	3.41E-05
1.606	1.536	3.45E-05
1.607	1.535	3.46E-05
1.608	1.534	3.48E-05
1.609	1.533	3.50E-05
1.61	1.532	3.56E-05
1.611	1.531	3.66E-05
1.612	1.53	3.77E-05
1.613	1.529	3.84E-05
1.614	1.529	3.90E-05
1.615	1.528	3.92E-05
1.616	1.528	3.92E-05
1.617	1.527	3.92E-05
1.618	1.526	3.93E-05
1.619	1.526	3.96E-05
1.62	1.524	4.04E-05
1.621	1.523	4.11E-05
1.622	1.522	4.17E-05
1.623	1.521	4.19E-05
1.624	1.521	4.21E-05
1.625	1.52	4.21E-05
1.626	1.519	4.26E-05
1.627	1.519	4.31E-05
1.628	1.518	4.37E-05
1.629	1.518	4.36E-05
1.63	1.519	4.29E-05
1.631	1.519	4.19E-05
1.632	1.52	4.04E-05
1.633	1.521	3.90E-05
1.634	1.522	3.79E-05
1.635	1.522	3.74E-05
1.636	1.522	3.73E-05
1.637	1.523	3.74E-05
1.638	1.522	3.80E-05
1.639	1.522	3.85E-05
1.64	1.523	3.85E-05
1.641	1.523	3.86E-05
1.642	1.523	3.89E-05
1.643	1.523	3.89E-05
1.644	1.524	3.90E-05
1.645	1.524	3.90E-05
1.646	1.524	3.87E-05
1.647	1.524	3.86E-05
1.648	1.525	3.85E-05
1.649	1.526	3.87E-05
1.65	1.526	3.91E-05
1.651	1.527	3.96E-05
1.652	1.527	3.99E-05
1.653	1.527	3.99E-05
1.654	1.528	3.99E-05
1.655	1.528	4.01E-05
1.656	1.528	4.05E-05
1.657	1.528	4.07E-05
1.658	1.529	4.12E-05
1.659	1.529	4.18E-05
1.66	1.529	4.22E-05
1.661	1.529	4.27E-05
1.662	1.529	4.32E-05
1.663	1.528	4.38E-05
1.664	1.528	4.45E-05
1.665	1.527	4.55E-05
1.666	1.526	4.68E-05
1.667	1.526	4.80E-05
1.668	1.525	4.92E-05
1.669	1.525	5.06E-05
1.67	1.524	5.22E-05
1.671	1.524	5.39E-05
1.672	1.523	5.55E-05
1.673	1.522	5.68E-05
1.674	1.521	5.79E-05
1.675	1.521	5.86E-05
1.676	1.521	5.92E-05
1.677	1.521	5.97E-05
1.678	1.521	6.03E-05
1.679	1.521	6.12E-05
1.68	1.521	6.23E-05
1.681	1.521	6.35E-05
1.682	1.521	6.45E-05
1.683	1.521	6.53E-05
1.684	1.521	6.62E-05
1.685	1.522	6.70E-05
1.686	1.521	6.79E-05
1.687	1.521	6.86E-05
1.688	1.521	6.91E-05
1.689	1.521	6.94E-05
1.69	1.522	6.95E-05
1.691	1.522	6.96E-05
1.692	1.522	6.94E-05
1.693	1.522	6.93E-05
1.694	1.523	6.91E-05
1.695	1.523	6.90E-05
1.696	1.523	6.91E-05
1.697	1.523	6.94E-05
1.698	1.522	7.02E-05
1.699	1.522	7.05E-05
1.7	1.522	7.09E-05
1.701	1.522	7.12E-05
1.702	1.522	7.12E-05
1.703	1.523	7.08E-05
1.704	1.523	7.08E-05
1.705	1.523	7.11E-05
1.706	1.523	7.14E-05
1.707	1.523	7.18E-05
1.708	1.523	7.21E-05
1.709	1.523	7.22E-05
1.71	1.523	7.21E-05
1.711	1.523	7.18E-05
1.712	1.523	7.17E-05
1.713	1.523	7.16E-05
1.714	1.523	7.22E-05
1.715	1.522	7.34E-05
1.716	1.521	7.45E-05
1.717	1.52	7.51E-05
1.718	1.519	7.58E-05
1.719	1.519	7.62E-05
1.72	1.519	7.65E-05
1.721	1.519	7.68E-05
1.722	1.518	7.73E-05
1.723	1.518	7.79E-05
1.724	1.518	7.85E-05
1.725	1.518	7.89E-05
1.726	1.518	7.84E-05
1.727	1.519	7.74E-05
1.728	1.519	7.62E-05
1.729	1.52	7.54E-05
1.73	1.52	7.50E-05
1.731	1.521	7.45E-05
1.732	1.521	7.45E-05
1.733	1.522	7.45E-05
1.734	1.523	7.43E-05
1.735	1.524	7.40E-05
1.736	1.525	7.39E-05
1.737	1.525	7.37E-05
1.738	1.525	7.38E-05
1.739	1.525	7.43E-05
1.74	1.524	7.47E-05
1.741	1.523	7.49E-05
1.742	1.522	7.46E-05
1.743	1.522	7.41E-05
1.744	1.521	7.37E-05
1.745	1.521	7.31E-05
1.746	1.52	7.27E-05
1.747	1.52	7.23E-05
1.748	1.521	7.14E-05
1.749	1.521	7.02E-05
1.75	1.522	6.86E-05
1.751	1.523	6.75E-05
1.752	1.523	6.61E-05
1.753	1.523	6.53E-05
1.754	1.523	6.48E-05
1.755	1.523	6.44E-05
1.756	1.523	6.40E-05
1.757	1.524	6.36E-05
1.758	1.524	6.29E-05
1.759	1.524	6.18E-05
1.76	1.524	6.12E-05
1.761	1.524	6.07E-05
1.762	1.524	6.02E-05
1.763	1.524	5.99E-05
1.764	1.524	5.94E-05
1.765	1.524	5.91E-05
1.766	1.524	5.84E-05
1.767	1.524	5.83E-05
1.768	1.524	5.89E-05
1.769	1.523	5.92E-05
1.77	1.522	6.02E-05
1.771	1.521	6.13E-05
1.772	1.52	6.24E-05
1.773	1.52	6.32E-05
1.774	1.52	6.42E-05
1.775	1.52	6.49E-05
1.776	1.521	6.48E-05
1.777	1.522	6.44E-05
1.778	1.523	6.38E-05
1.779	1.524	6.30E-05
1.78	1.525	6.19E-05
1.781	1.526	6.05E-05
1.782	1.528	5.92E-05
1.783	1.529	5.73E-05
1.784	1.53	5.55E-05
1.785	1.531	5.35E-05
1.786	1.532	5.17E-05
1.787	1.534	5.02E-05
1.788	1.535	4.96E-05
1.789	1.535	4.97E-05
1.79	1.535	5.02E-05
1.791	1.535	5.08E-05
1.792	1.535	5.14E-05
1.793	1.534	5.15E-05
1.794	1.534	5.16E-05
1.795	1.533	5.15E-05
1.796	1.532	5.10E-05
1.797	1.531	5.05E-05
1.798	1.53	5.05E-05
1.799	1.529	5.03E-05
1.8	1.529	4.93E-05
1.801	1.53	4.84E-05
1.802	1.53	4.80E-05
1.803	1.531	4.78E-05
1.804	1.531	4.79E-05
1.805	1.53	4.86E-05
1.806	1.529	4.96E-05
1.807	1.527	5.01E-05
1.808	1.527	5.02E-05
1.809	1.526	5.00E-05
1.81	1.526	4.91E-05
1.811	1.527	4.82E-05
1.812	1.527	4.73E-05
1.813	1.527	4.67E-05
1.814	1.527	4.61E-05
1.815	1.526	4.55E-05
1.816	1.526	4.54E-05
1.817	1.526	4.54E-05
1.818	1.525	4.51E-05
1.819	1.525	4.54E-05
1.82	1.524	4.63E-05
1.821	1.523	4.70E-05
1.822	1.522	4.79E-05
1.823	1.521	4.92E-05
1.824	1.519	5.07E-05
1.825	1.518	5.25E-05
1.826	1.517	5.45E-05
1.827	1.515	5.63E-05
1.828	1.514	5.74E-05
1.829	1.513	5.74E-05
1.83	1.513	5.79E-05
1.831	1.514	5.76E-05
1.832	1.515	5.68E-05
1.833	1.517	5.58E-05
1.834	1.517	5.52E-05
1.835	1.518	5.45E-05
1.836	1.519	5.34E-05
1.837	1.52	5.23E-05
1.838	1.52	5.06E-05
1.839	1.521	4.90E-05
1.84	1.522	4.75E-05
1.841	1.522	4.62E-05
1.842	1.523	4.53E-05
1.843	1.523	4.44E-05
1.844	1.523	4.49E-05
1.845	1.523	4.54E-05
1.846	1.522	4.61E-05
1.847	1.521	4.69E-05
1.848	1.519	4.83E-05
1.849	1.518	4.96E-05
1.85	1.516	5.06E-05
1.851	1.516	5.16E-05
1.852	1.515	5.22E-05
1.853	1.515	5.36E-05
1.854	1.515	5.46E-05
1.855	1.516	5.45E-05
1.856	1.517	5.43E-05
1.857	1.517	5.44E-05
1.858	1.518	5.46E-05
1.859	1.518	5.50E-05
1.86	1.518	5.58E-05
1.861	1.517	5.77E-05
1.862	1.515	6.05E-05
1.863	1.514	6.33E-05
1.864	1.513	6.63E-05
1.865	1.513	6.92E-05
1.866	1.513	7.14E-05
1.867	1.514	7.35E-05
1.868	1.514	7.61E-05
1.869	1.515	7.88E-05
1.87	1.515	8.16E-05
1.871	1.515	8.51E-05
1.872	1.515	8.84E-05
1.873	1.516	9.14E-05
1.874	1.516	9.44E-05
1.875	1.517	9.78E-05
1.876	1.517	1.01E-04
1.877	1.517	1.05E-04
1.878	1.515	1.08E-04
1.879	1.514	1.14E-04
1.88	1.512	1.21E-04
1.881	1.51	1.29E-04
1.882	1.509	1.36E-04
1.883	1.509	1.43E-04
1.884	1.51	1.50E-04
1.885	1.511	1.55E-04
1.886	1.511	1.59E-04
1.887	1.512	1.63E-04
1.888	1.513	1.66E-04
1.889	1.513	1.71E-04
1.89	1.513	1.77E-04
1.891	1.512	1.83E-04
1.892	1.512	1.89E-04
1.893	1.51	1.95E-04
1.894	1.509	2.01E-04
1.895	1.509	2.07E-04
1.896	1.508	2.13E-04
1.897	1.507	2.20E-04
1.898	1.507	2.26E-04
1.899	1.507	2.34E-04
1.9	1.506	2.43E-04
1.901	1.504	2.54E-04
1.902	1.502	2.65E-04
1.903	1.5	2.77E-04
1.904	1.498	2.89E-04
1.905	1.497	2.99E-04
1.906	1.496	3.08E-04
1.907	1.495	3.16E-04
1.908	1.495	3.25E-04
1.909	1.493	3.33E-04
1.91	1.492	3.42E-04
1.911	1.49	3.52E-04
1.912	1.488	3.62E-04
1.913	1.486	3.72E-04
1.914	1.484	3.82E-04
1.915	1.483	3.92E-04
1.916	1.481	4.01E-04
1.917	1.48	4.10E-04
1.918	1.479	4.19E-04
1.919	1.478	4.29E-04
1.92	1.476	4.39E-04
1.921	1.474	4.50E-04
1.922	1.473	4.61E-04
1.923	1.471	4.71E-04
1.924	1.469	4.81E-04
1.925	1.467	4.89E-04
1.926	1.465	4.96E-04
1.927	1.464	5.02E-04
1.928	1.464	5.07E-04
1.929	1.465	5.12E-04
1.93	1.465	5.17E-04
1.931	1.466	5.22E-04
1.932	1.466	5.26E-04
1.933	1.466	5.29E-04
1.934	1.465	5.32E-04
1.935	1.465	5.35E-04
1.936	1.465	5.36E-04
1.937	1.465	5.38E-04
1.938	1.465	5.40E-04
1.939	1.465	5.43E-04
1.94	1.465	5.43E-04
1.941	1.465	5.42E-04
1.942	1.466	5.39E-04
1.943	1.468	5.35E-04
1.944	1.471	5.30E-04
1.945	1.472	5.27E-04
1.946	1.472	5.24E-04
1.947	1.472	5.20E-04
1.948	1.473	5.16E-04
1.949	1.473	5.13E-04
1.95	1.472	5.09E-04
1.951	1.472	5.03E-04
1.952	1.472	4.97E-04
1.953	1.472	4.92E-04
1.954	1.473	4.86E-04
1.955	1.473	4.83E-04
1.956	1.472	4.80E-04
1.957	1.473	4.78E-04
1.958	1.473	4.76E-04
1.959	1.472	4.75E-04
1.96	1.472	4.72E-04
1.961	1.472	4.69E-04
1.962	1.472	4.63E-04
1.963	1.472	4.56E-04
1.964	1.471	4.50E-04
1.965	1.47	4.44E-04
1.966	1.468	4.39E-04
1.967	1.466	4.35E-04
1.968	1.464	4.31E-04
1.969	1.463	4.26E-04
1.97	1.462	4.21E-04
1.971	1.462	4.16E-04
1.972	1.462	4.09E-04
1.973	1.463	4.03E-04
1.974	1.465	3.97E-04
1.975	1.467	3.91E-04
1.976	1.468	3.86E-04
1.977	1.469	3.80E-04
1.978	1.468	3.76E-04
1.979	1.467	3.74E-04
1.98	1.467	3.72E-04
1.981	1.466	3.71E-04
1.982	1.466	3.69E-04
1.983	1.467	3.67E-04
1.984	1.469	3.65E-04
1.985	1.472	3.60E-04
1.986	1.475	3.54E-04
1.987	1.478	3.48E-04
1.988	1.479	3.44E-04
1.989	1.479	3.41E-04
1.99	1.479	3.38E-04
1.991	1.48	3.35E-04
1.992	1.481	3.32E-04
1.993	1.482	3.30E-04
1.994	1.484	3.28E-04
1.995	1.485	3.25E-04
1.996	1.487	3.22E-04
1.997	1.487	3.21E-04
1.998	1.488	3.21E-04
1.999	1.49	3.20E-04
2	1.491	3.19E-04
2.001	1.493	3.19E-04
2.002	1.494	3.20E-04
2.003	1.495	3.21E-04
2.004	1.497	3.23E-04
2.005	1.497	3.25E-04
2.006	1.497	3.27E-04
2.007	1.497	3.30E-04
2.008	1.497	3.33E-04
2.009	1.498	3.36E-04
2.01	1.498	3.40E-04
2.011	1.499	3.44E-04
2.012	1.499	3.50E-04
2.013	1.5	3.58E-04
2.014	1.501	3.66E-04
2.015	1.503	3.73E-04
2.016	1.504	3.79E-04
2.017	1.505	3.85E-04
2.018	1.506	3.89E-04
2.019	1.507	3.93E-04
2.02	1.507	3.97E-04
2.021	1.506	4.02E-04
2.022	1.505	4.09E-04
2.023	1.504	4.17E-04
2.024	1.503	4.26E-04
2.025	1.504	4.32E-04
2.026	1.505	4.36E-04
2.027	1.506	4.40E-04
2.028	1.506	4.44E-04
2.029	1.507	4.47E-04
2.03	1.506	4.50E-04
2.031	1.506	4.55E-04
2.032	1.505	4.60E-04
2.033	1.505	4.67E-04
2.034	1.505	4.72E-04
2.035	1.505	4.77E-04
2.036	1.504	4.80E-04
2.037	1.504	4.83E-04
2.038	1.504	4.87E-04
2.039	1.504	4.90E-04
2.04	1.503	4.92E-04
2.041	1.503	4.93E-04
2.042	1.502	4.94E-04
2.043	1.501	4.95E-04
2.044	1.501	4.93E-04
2.045	1.5	4.91E-04
2.046	1.5	4.86E-04
2.047	1.499	4.82E-04
2.048	1.5	4.78E-04
2.049	1.5	4.74E-04
2.05	1.5	4.71E-04
2.051	1.501	4.68E-04
2.052	1.501	4.67E-04
2.053	1.5	4.65E-04
2.054	1.501	4.63E-04
2.055	1.5	4.61E-04
2.056	1.499	4.58E-04
2.057	1.5	4.53E-04
2.058	1.5	4.48E-04
2.059	1.5	4.42E-04
2.06	1.501	4.36E-04
2.061	1.501	4.31E-04
2.062	1.502	4.27E-04
2.063	1.503	4.23E-04
2.064	1.505	4.19E-04
2.065	1.506	4.15E-04
2.066	1.506	4.11E-04
2.067	1.505	4.07E-04
2.068	1.505	4.03E-04
2.069	1.504	3.99E-04
2.07	1.503	3.96E-04
2.071	1.503	3.92E-04
2.072	1.502	3.89E-04
2.073	1.503	3.84E-04
2.074	1.503	3.77E-04
2.075	1.504	3.69E-04
2.076	1.504	3.61E-04
2.077	1.503	3.54E-04
2.078	1.503	3.49E-04
2.079	1.501	3.46E-04
2.08	1.5	3.44E-04
2.081	1.498	3.44E-04
2.082	1.497	3.43E-04
2.083	1.498	3.40E-04
2.084	1.499	3.35E-04
2.085	1.5	3.30E-04
2.086	1.5	3.27E-04
2.087	1.5	3.25E-04
2.088	1.499	3.26E-04
2.089	1.498	3.27E-04
2.09	1.496	3.29E-04
2.091	1.494	3.32E-04
2.092	1.494	3.33E-04
2.093	1.491	3.34E-04
2.094	1.49	3.32E-04
2.095	1.488	3.31E-04
2.096	1.487	3.29E-04
2.097	1.486	3.27E-04
2.098	1.486	3.26E-04
2.099	1.486	3.27E-04
2.1	1.485	3.28E-04
2.101	1.484	3.29E-04
2.102	1.484	3.30E-04
2.103	1.485	3.30E-04
2.104	1.487	3.28E-04
2.105	1.489	3.27E-04
2.106	1.492	3.25E-04
2.107	1.493	3.26E-04
2.108	1.493	3.29E-04
2.109	1.494	3.33E-04
2.11	1.493	3.39E-04
2.111	1.493	3.45E-04
2.112	1.493	3.51E-04
2.113	1.495	3.57E-04
2.114	1.496	3.61E-04
2.115	1.498	3.63E-04
2.116	1.501	3.64E-04
2.117	1.503	3.65E-04
2.118	1.505	3.67E-04
2.119	1.507	3.68E-04
2.12	1.51	3.68E-04
2.121	1.512	3.70E-04
2.122	1.512	3.74E-04
2.123	1.511	3.80E-04
2.124	1.508	3.86E-04
2.125	1.505	3.92E-04
2.126	1.502	3.99E-04
2.127	1.5	4.07E-04
2.128	1.498	4.12E-04
2.129	1.498	4.16E-04
2.13	1.498	4.19E-04
2.131	1.497	4.22E-04
2.132	1.497	4.25E-04
2.133	1.496	4.29E-04
2.134	1.495	4.35E-04
2.135	1.494	4.44E-04
2.136	1.493	4.54E-04
2.137	1.491	4.67E-04
2.138	1.49	4.78E-04
2.139	1.488	4.91E-04
2.14	1.487	5.02E-04
2.141	1.485	5.15E-04
2.142	1.484	5.26E-04
2.143	1.483	5.37E-04
2.144	1.482	5.49E-04
2.145	1.48	5.64E-04
2.146	1.478	5.78E-04
2.147	1.475	5.92E-04
2.148	1.474	6.05E-04
2.149	1.471	6.17E-04
2.15	1.469	6.28E-04
2.151	1.466	6.38E-04
2.152	1.464	6.46E-04
2.153	1.462	6.54E-04
2.154	1.461	6.61E-04
2.155	1.46	6.69E-04
2.156	1.46	6.76E-04
2.157	1.461	6.83E-04
2.158	1.463	6.91E-04
2.159	1.465	6.97E-04
2.16	1.466	7.02E-04
2.161	1.469	7.05E-04
2.162	1.472	7.07E-04
2.163	1.475	7.08E-04
2.164	1.477	7.09E-04
2.165	1.478	7.09E-04
2.166	1.48	7.08E-04
2.167	1.482	7.07E-04
2.168	1.485	7.06E-04
2.169	1.487	7.05E-04
2.17	1.491	7.04E-04
2.171	1.495	7.03E-04
2.172	1.5	7.00E-04
2.173	1.504	6.95E-04
2.174	1.509	6.87E-04
2.175	1.513	6.77E-04
2.176	1.517	6.66E-04
2.177	1.521	6.54E-04
2.178	1.525	6.43E-04
2.179	1.527	6.33E-04
2.18	1.527	6.26E-04
2.181	1.526	6.20E-04
2.182	1.526	6.16E-04
2.183	1.525	6.10E-04
2.184	1.525	6.03E-04
2.185	1.526	5.95E-04
2.186	1.528	5.88E-04
2.187	1.529	5.79E-04
2.188	1.531	5.70E-04
2.189	1.532	5.64E-04
2.19	1.532	5.59E-04
2.191	1.532	5.54E-04
2.192	1.532	5.51E-04
2.193	1.533	5.49E-04
2.194	1.532	5.50E-04
2.195	1.529	5.51E-04
2.196	1.526	5.51E-04
2.197	1.522	5.50E-04
2.198	1.519	5.48E-04
2.199	1.518	5.45E-04
2.2	1.517	5.42E-04
2.201	1.517	5.38E-04
2.202	1.518	5.34E-04
2.203	1.518	5.31E-04
2.204	1.518	5.29E-04
2.205	1.515	5.28E-04
2.206	1.513	5.25E-04
2.207	1.51	5.23E-04
2.208	1.507	5.24E-04
2.209	1.503	5.25E-04
2.21	1.5	5.26E-04
2.211	1.498	5.25E-04
2.212	1.497	5.21E-04
2.213	1.497	5.18E-04
2.214	1.498	5.14E-04
2.215	1.498	5.11E-04
2.216	1.499	5.07E-04
2.217	1.499	5.03E-04
2.218	1.498	4.99E-04
2.219	1.495	4.97E-04
2.22	1.492	4.94E-04
2.221	1.489	4.91E-04
2.222	1.488	4.88E-04
2.223	1.487	4.87E-04
2.224	1.487	4.84E-04
2.225	1.49	4.80E-04
2.226	1.492	4.76E-04
2.227	1.495	4.72E-04
2.228	1.495	4.73E-04
2.229	1.494	4.74E-04
2.23	1.494	4.75E-04
2.231	1.493	4.76E-04
2.232	1.494	4.75E-04
2.233	1.494	4.74E-04
2.234	1.494	4.71E-04
2.235	1.495	4.68E-04
2.236	1.497	4.65E-04
2.237	1.498	4.64E-04
2.238	1.498	4.65E-04
2.239	1.499	4.68E-04
2.24	1.499	4.72E-04
2.241	1.499	4.77E-04
2.242	1.5	4.84E-04
2.243	1.501	4.91E-04
2.244	1.502	4.98E-04
2.245	1.504	5.04E-04
2.246	1.506	5.09E-04
2.247	1.507	5.14E-04
2.248	1.508	5.19E-04
2.249	1.508	5.24E-04
2.25	1.507	5.28E-04
2.251	1.505	5.33E-04
2.252	1.501	5.41E-04
2.253	1.496	5.52E-04
2.254	1.489	5.66E-04
2.255	1.484	5.78E-04
2.256	1.48	5.90E-04
2.257	1.476	6.00E-04
2.258	1.472	6.10E-04
2.259	1.469	6.20E-04
2.26	1.466	6.29E-04
2.261	1.462	6.39E-04
2.262	1.456	6.54E-04
2.263	1.45	6.69E-04
2.264	1.446	6.84E-04
2.265	1.442	6.96E-04
2.266	1.441	7.07E-04
2.267	1.439	7.18E-04
2.268	1.436	7.30E-04
2.269	1.434	7.40E-04
2.27	1.432	7.48E-04
2.271	1.432	7.53E-04
2.272	1.432	7.60E-04
2.273	1.432	7.67E-04
2.274	1.431	7.71E-04
2.275	1.431	7.72E-04
2.276	1.431	7.72E-04
2.277	1.43	7.70E-04
2.278	1.43	7.68E-04
2.279	1.431	7.64E-04
2.28	1.435	7.59E-04
2.281	1.438	7.57E-04
2.282	1.442	7.53E-04
2.283	1.446	7.50E-04
2.284	1.449	7.46E-04
2.285	1.452	7.43E-04
2.286	1.454	7.39E-04
2.287	1.455	7.39E-04
2.288	1.457	7.38E-04
2.289	1.461	7.32E-04
2.29	1.467	7.23E-04
2.291	1.474	7.13E-04
2.292	1.481	7.02E-04
2.293	1.488	6.88E-04
2.294	1.495	6.74E-04
2.295	1.5	6.62E-04
2.296	1.503	6.52E-04
2.297	1.507	6.41E-04
2.298	1.511	6.31E-04
2.299	1.515	6.21E-04
2.3	1.518	6.10E-04
2.301	1.522	6.01E-04
2.302	1.525	5.97E-04
2.303	1.527	5.90E-04
2.304	1.528	5.85E-04
2.305	1.529	5.81E-04
2.306	1.529	5.76E-04
2.307	1.529	5.69E-04
2.308	1.529	5.62E-04
2.309	1.527	5.58E-04
2.31	1.524	5.55E-04
2.311	1.521	5.54E-04
2.312	1.519	5.55E-04
2.313	1.516	5.58E-04
2.314	1.513	5.61E-04
2.315	1.512	5.60E-04
2.316	1.511	5.59E-04
2.317	1.511	5.57E-04
2.318	1.511	5.56E-04
2.319	1.511	5.59E-04
2.32	1.51	5.65E-04
2.321	1.508	5.72E-04
2.322	1.507	5.78E-04
2.323	1.507	5.82E-04
2.324	1.506	5.85E-04
2.325	1.506	5.88E-04
2.326	1.505	5.91E-04
2.327	1.503	5.95E-04
2.328	1.503	5.99E-04
2.329	1.503	6.02E-04
2.33	1.504	6.05E-04
2.331	1.504	6.07E-04
2.332	1.504	6.08E-04
2.333	1.504	6.07E-04
2.334	1.502	6.08E-04
2.335	1.501	6.09E-04
2.336	1.5	6.11E-04
2.337	1.499	6.13E-04
2.338	1.497	6.17E-04
2.339	1.496	6.20E-04
2.34	1.495	6.25E-04
2.341	1.494	6.29E-04
2.342	1.493	6.30E-04
2.343	1.492	6.27E-04
2.344	1.491	6.21E-04
2.345	1.492	6.12E-04
2.346	1.493	6.03E-04
2.347	1.495	5.94E-04
2.348	1.498	5.83E-04
2.349	1.503	5.71E-04
2.35	1.506	5.61E-04
2.351	1.506	5.56E-04
2.352	1.503	5.55E-04
2.353	1.5	5.56E-04
2.354	1.496	5.59E-04
2.355	1.492	5.63E-04
2.356	1.487	5.69E-04
2.357	1.482	5.75E-04
2.358	1.478	5.81E-04
2.359	1.473	5.85E-04
2.36	1.467	5.90E-04
2.361	1.462	6.01E-04
2.362	1.456	6.13E-04
2.363	1.452	6.21E-04
2.364	1.448	6.28E-04
2.365	1.445	6.33E-04
2.366	1.442	6.38E-04
2.367	1.439	6.43E-04
2.368	1.436	6.46E-04
2.369	1.433	6.47E-04
2.37	1.431	6.48E-04
2.371	1.429	6.49E-04
2.372	1.426	6.53E-04
2.373	1.423	6.57E-04
2.374	1.419	6.62E-04
2.375	1.415	6.67E-04
2.376	1.413	6.72E-04
2.377	1.411	6.75E-04
2.378	1.409	6.79E-04
2.379	1.41	6.78E-04
2.38	1.411	6.74E-04
2.381	1.414	6.69E-04
2.382	1.415	6.67E-04
2.383	1.415	6.66E-04
2.384	1.415	6.68E-04
2.385	1.416	6.70E-04
2.386	1.417	6.72E-04
2.387	1.421	6.69E-04
2.388	1.425	6.66E-04
2.389	1.427	6.59E-04
2.39	1.43	6.52E-04
2.391	1.433	6.46E-04
2.392	1.434	6.44E-04
2.393	1.434	6.44E-04
2.394	1.434	6.44E-04
2.395	1.437	6.38E-04
2.396	1.44	6.34E-04
2.397	1.442	6.28E-04
2.398	1.444	6.23E-04
2.399	1.447	6.19E-04
2.4	1.449	6.17E-04
2.401	1.452	6.13E-04
2.402	1.455	6.08E-04
2.403	1.458	5.99E-04
2.404	1.46	5.94E-04
2.405	1.462	5.90E-04
2.406	1.463	5.91E-04
2.407	1.463	5.95E-04
2.408	1.461	6.02E-04
2.409	1.461	6.06E-04
2.41	1.459	6.12E-04
2.411	1.458	6.16E-04
2.412	1.457	6.15E-04
2.413	1.459	6.11E-04
2.414	1.461	6.08E-04
2.415	1.462	6.07E-04
2.416	1.46	6.10E-04
2.417	1.458	6.13E-04
2.418	1.456	6.17E-04
2.419	1.451	6.28E-04
2.42	1.446	6.38E-04
2.421	1.441	6.47E-04
2.422	1.438	6.52E-04
2.423	1.437	6.55E-04
2.424	1.437	6.61E-04
2.425	1.439	6.65E-04
2.426	1.441	6.70E-04
2.427	1.443	6.71E-04
2.428	1.447	6.70E-04
2.429	1.448	6.70E-04
2.43	1.444	6.77E-04
2.431	1.438	6.83E-04
2.432	1.43	6.90E-04
2.433	1.42	7.01E-04
2.434	1.412	7.11E-04
2.435	1.409	7.17E-04
2.436	1.408	7.22E-04
2.437	1.407	7.30E-04
2.438	1.408	7.37E-04
2.439	1.407	7.40E-04
2.44	1.404	7.50E-04
2.441	1.402	7.61E-04
2.442	1.398	7.71E-04
2.443	1.396	7.78E-04
2.444	1.395	7.82E-04
2.445	1.395	7.82E-04
2.446	1.396	7.83E-04
2.447	1.397	7.82E-04
2.448	1.397	7.84E-04
2.449	1.399	7.85E-04
2.45	1.401	7.93E-04
2.451	1.403	8.06E-04
2.452	1.406	8.20E-04
2.453	1.407	8.34E-04
2.454	1.409	8.45E-04
2.455	1.414	8.54E-04
2.456	1.418	8.63E-04
2.457	1.422	8.70E-04
2.458	1.425	8.75E-04
2.459	1.424	8.82E-04
2.46	1.421	8.91E-04
2.461	1.418	8.98E-04
2.462	1.415	9.07E-04
2.463	1.412	9.17E-04
2.464	1.411	9.26E-04
2.465	1.415	9.30E-04
2.466	1.423	9.30E-04
2.467	1.378	9.30E-04
2.468	1.437	9.28E-04
2.469	1.56	9.28E-04
2.47	1.591	9.28E-04
2.471	1.534	9.28E-04
2.472	1.568	9.28E-04
2.473	1.575	9.28E-04
2.474	1.54	9.28E-04
2.475	1.448	9.78E-04
2.476	1.447	9.90E-04
2.477	1.446	0.001
2.478	1.445	0.00101
2.479	1.443	0.00103
2.48	1.441	0.00104
2.481	1.438	0.00105
2.482	1.436	0.00107
2.483	1.433	0.00109
2.484	1.43	0.0011
2.485	1.426	0.00112
2.486	1.422	0.00113
2.487	1.418	0.00115
2.488	1.414	0.00117
2.489	1.409	0.00119
2.49	1.404	0.00121
2.491	1.398	0.00123
2.492	1.393	0.00125
2.493	1.476	0.00125
2.494	1.407	0.00125
2.495	1.461	0.00125
2.496	1.361	0.00125
2.497	1.398	0.00126
2.498	1.351	0.00126
2.499	1.327	0.00126
2.5	1.339	0.00126
2.50227	1.531	0.00127
2.50469	1.531	0.00127
2.50711	1.531	0.00127
2.50954	1.531	0.00127
2.51197	1.531	0.00127
2.5144	1.531	0.00127
2.51684	1.531	8.31E-04
2.51929	1.531	8.10E-04
2.52174	1.531	8.04E-04
2.5242	1.531	8.13E-04
2.52666	1.531	8.19E-04
2.52912	1.531	8.20E-04
2.53159	1.531	8.14E-04
2.53407	1.531	7.35E-04
2.53655	1.531	7.96E-04
2.53903	1.531	7.96E-04
2.54152	1.531	9.71E-04
2.54401	1.531	9.54E-04
2.54651	1.531	9.32E-04
2.54902	1.531	9.19E-04
2.55153	1.531	9.01E-04
2.55404	1.531	8.55E-04
2.55656	1.531	7.01E-04
2.55908	1.531	6.31E-04
2.56161	1.531	6.65E-04
2.56414	1.531	6.05E-04
2.56668	1.531	6.05E-04
2.56923	1.531	6.05E-04
2.57178	1.531	6.05E-04
2.57433	1.531	8.81E-04
2.57689	1.531	6.96E-04
2.57945	1.531	6.80E-04
2.58202	1.531	6.74E-04
2.5846	1.531	6.66E-04
2.58718	1.531	6.37E-04
2.58976	1.531	7.69E-04
2.59235	1.531	6.37E-04
2.59494	1.531	9.02E-04
2.59754	1.531	6.63E-04
2.60015	1.531	4.89E-04
2.60276	1.531	6.48E-04
2.60538	1.531	8.03E-04
2.608	1.531	6.26E-04
2.61062	1.531	7.81E-04
2.61326	1.531	6.00E-04
2.61589	1.531	5.39E-04
2.61854	1.531	3.67E-04
2.62118	1.531	5.77E-04
2.62384	1.531	9.80E-04
2.62649	1.531	6.90E-04
2.62916	1.531	6.90E-04
2.63183	1.531	8.49E-04
2.6345	1.531	6.79E-04
2.63718	1.531	6.74E-04
2.63987	1.531	7.18E-04
2.64256	1.531	4.08E-04
2.64525	1.531	1.03E-06
2.64796	1.531	1.03E-06
2.65066	1.531	6.77E-04
2.65338	1.531	6.77E-04
2.6561	1.531	6.77E-04
2.65882	1.531	8.71E-04
2.66155	1.531	8.06E-04
2.66429	1.531	8.37E-04
2.66703	1.531	8.40E-04
2.66977	1.531	0.00101
2.67253	1.531	0.00108
2.67528	1.531	0.00124
2.67805	1.531	0.00124
2.68082	1.531	0.00102
2.68359	1.531	0.00138
2.68637	1.531	0.00107
2.68916	1.531	0.0013
2.69195	1.531	0.00101
2.69475	1.531	0.00136
2.69755	1.531	0.00139
2.70036	1.531	0.00138
2.70318	1.531	0.00147
2.706	1.531	0.00163
2.70883	1.531	0.00179
2.71166	1.531	0.00204
2.7145	1.531	0.00211
2.71735	1.531	0.00237
2.7202	1.531	0.00286
2.72306	1.531	0.00322
2.72592	1.531	0.00357
2.72879	1.531	0.00388
2.73166	1.531	0.00424
2.73455	1.531	0.00466
2.73743	1.531	0.00524
2.74033	1.531	0.00598
2.74323	1.531	0.00673
2.74613	1.531	0.00716
2.74905	1.531	0.00749
2.75196	1.531	0.00792
2.75489	1.531	0.00853
2.75782	1.531	0.00919
2.76076	1.531	0.00962
2.7637	1.531	0.01
2.76665	1.531	0.011
2.7696	1.531	0.011
2.77257	1.531	0.011
2.77554	1.531	0.012
2.77851	1.531	0.012
2.78149	1.531	0.012
2.78448	1.531	0.012
2.78747	1.531	0.013
2.79047	1.531	0.013
2.79348	1.531	0.013
2.79649	1.531	0.013
2.79951	1.531	0.013
2.80254	1.531	0.013
2.80557	1.531	0.013
2.80861	1.531	0.013
2.81166	1.531	0.013
2.81471	1.531	0.013
2.81777	1.531	0.014
2.82084	1.531	0.014
2.82391	1.531	0.014
2.82699	1.531	0.014
2.83008	1.531	0.013
2.83317	1.531	0.013
2.83627	1.531	0.014
2.83938	1.531	0.014
2.84249	1.531	0.014
2.84561	1.531	0.014
2.84874	1.531	0.014
2.85187	1.531	0.014
2.85501	1.531	0.014
2.85816	1.531	0.014
2.86131	1.531	0.014
2.86447	1.531	0.014
2.86764	1.531	0.014
2.87082	1.531	0.014
2.874	1.531	0.014
2.87719	1.531	0.014
2.88039	1.531	0.014
2.88359	1.531	0.014
2.8868	1.531	0.014
2.89002	1.531	0.014
2.89325	1.531	0.014
2.89648	1.531	0.014
2.89972	1.531	0.014
2.90297	1.531	0.014
2.90622	1.531	0.014
2.90948	1.531	0.014
2.91275	1.53128	0.014
2.91603	1.5314	0.014
2.91931	1.53128	0.014
2.9226	1.53098	0.014
2.9259	1.53058	0.014
2.92921	1.5302	0.045
2.93252	1.53004	0.054
2.93584	1.52997	0.06
2.93917	1.53024	0.065
2.94251	1.53061	0.068
2.94585	1.53062	0.071
2.9492	1.53021	0.074
2.95256	1.52959	0.078
2.95593	1.52916	0.081
2.9593	1.52928	0.085
2.96269	1.52932	0.088
2.96608	1.52847	0.091
2.96947	1.52676	0.094
2.97288	1.52453	0.097
2.97629	1.5223	0.099
2.97971	1.52048	0.102
2.98314	1.51875	0.107
2.98658	1.51694	0.111
2.99002	1.51498	0.113
2.99348	1.51391	0.114
2.99694	1.51495	0.115
3.0004	1.5179	0.12
3.00388	1.52167	0.126
3.00737	1.52546	0.132
3.01086	1.52904	0.137
3.01436	1.53286	0.141
3.01787	1.53761	0.144
3.02139	1.5433	0.149
3.02491	1.54939	0.157
3.02845	1.5547	0.162
3.03199	1.55835	0.161
3.03554	1.56084	0.157
3.0391	1.56311	0.156
3.04266	1.56501	0.158
3.04624	1.56665	0.16
3.04982	1.56841	0.159
3.05342	1.56996	0.155
3.05702	1.57085	0.15
3.06063	1.57162	0.147
3.06424	1.57309	0.146
3.06787	1.57522	0.145
3.0715	1.57727	0.142
3.07515	1.57873	0.138
3.0788	1.57957	0.135
3.08246	1.5806	0.133
3.08613	1.58207	0.129
3.08981	1.58367	0.125
3.0935	1.58506	0.121
3.09719	1.58605	0.118
3.1009	1.58644	0.116
3.10461	1.58684	0.114
3.10833	1.58795	0.11
3.11206	1.58933	0.107
3.11581	1.59036	0.104
3.11955	1.59182	0.101
3.12331	1.59416	0.099
3.12708	1.59678	0.097
3.13086	1.59958	0.094
3.13464	1.60235	0.091
3.13844	1.60506	0.089
3.14224	1.6059	0.087
3.14606	1.6066	0.084
3.14988	1.6069	0.082
3.15371	1.60652	0.08
3.15755	1.60672	0.077
3.1614	1.60611	0.073
3.16526	1.60483	0.069
3.16913	1.60315	0.063
3.17301	1.60114	0.055
3.1769	1.59867	0.018
3.1808	1.59616	0.015
3.18471	1.59398	0.015
3.18862	1.59202	0.015
3.19255	1.59051	0.015
3.19649	1.58997	0.015
3.20043	1.59031	0.015
3.20439	1.59122	0.015
3.20835	1.59259	0.015
3.21233	1.59392	0.015
3.21631	1.59491	0.015
3.22031	1.59495	0.015
3.22432	1.59635	0.015
3.22833	1.59929	0.015
3.23236	1.60205	0.015
3.23639	1.60602	0.015
3.24044	1.60787	0.015
3.24449	1.60761	0.015
3.24856	1.60721	0.015
3.25263	1.60665	0.015
3.25672	1.60599	0.015
3.26082	1.60637	0.015
3.26492	1.6062	0.015
3.26904	1.60696	0.015
3.27317	1.60664	0.015
3.27731	1.60552	0.015
3.28146	1.60478	0.015
3.28561	1.60303	0.015
3.28978	1.60061	0.015
3.29396	1.59776	0.015
3.29816	1.5948	0.014
3.30236	1.59191	0.014
3.30657	1.58925	0.014
3.31079	1.58858	0.014
3.31503	1.58621	0.014
3.31927	1.58355	0.014
3.32353	1.57897	0.013
3.32779	1.57391	0.014
3.33207	1.57032	0.014
3.33636	1.56736	0.014
3.34066	1.56627	0.014
3.34497	1.56597	0.014
3.34929	1.56494	0.014
3.35362	1.56459	0.015
3.35797	1.56297	0.015
3.36232	1.56178	0.015
3.36669	1.56116	0.015
3.37107	1.55981	0.015
3.37546	1.55879	0.015
3.37986	1.55813	0.014
3.38427	1.55943	0.014
3.38869	1.56043	0.014
3.39313	1.56147	0.015
3.39758	1.56279	0.015
3.40203	1.56224	0.015
3.4065	1.56141	0.015
3.41099	1.56044	0.015
3.41548	1.55948	0.014
3.41999	1.55972	0.014
3.4245	1.5598	0.014
3.42903	1.55986	0.013
3.43358	1.55865	0.013
3.43813	1.55718	0.012
3.4427	1.55563	0.012
3.44727	1.5541	0.012
3.45186	1.55287	0.012
3.45647	1.55196	0.012
3.46108	1.55151	0.012
3.46571	1.55157	0.012
3.47035	1.55222	0.012
3.475	1.55507	0.011
3.47966	1.55584	0.011
3.48434	1.5562	0.011
3.48903	1.55617	0.01
3.49373	1.55599	0.00992
3.49845	1.55578	0.00964
3.50318	1.55568	0.00944
3.50792	1.55583	0.00932
3.51267	1.55644	0.00924
3.51744	1.5571	0.00917
3.52221	1.55714	0.00941
3.52701	1.55672	0.00939
3.53181	1.55597	0.00939
3.53663	1.55496	0.00937
3.54146	1.55387	0.00932
3.54631	1.55284	0.00926
3.55116	1.55071	0.00919
3.55604	1.5508	0.00908
3.56092	1.5526	0.00895
3.56582	1.55524	0.00857
3.57073	1.55736	0.0084
3.57565	1.5559	0.00823
3.58059	1.5541	0.00807
3.58555	1.55218	0.00789
3.59051	1.55035	0.00767
3.59549	1.54871	0.00742
3.60049	1.5474	0.00748
3.60549	1.54771	0.00689
3.61052	1.54796	0.00709
3.61555	1.54837	0.00658
3.6206	1.54732	0.00639
3.62566	1.54608	0.00654
3.63074	1.5448	0.00638
3.63583	1.5436	0.00624
3.64094	1.54263	0.00609
3.64606	1.54069	0.00596
3.6512	1.54001	0.00584
3.65635	1.54264	0.00529
3.66151	1.54811	0.00513
3.66669	1.55265	0.00498
3.67188	1.55419	0.00486
3.67709	1.55271	0.00476
3.68232	1.55207	0.00467
3.68755	1.55138	0.0046
3.69281	1.55066	0.00452
3.69807	1.55016	0.00499
3.70336	1.55122	0.00495
3.70866	1.55209	0.00493
3.71397	1.55106	0.00499
3.7193	1.54946	0.00447
3.72464	1.54743	0.00438
3.73	1.54511	0.00478
3.73537	1.54263	0.00472
3.74076	1.5388	0.00466
3.74617	1.53579	0.00459
3.75159	1.53375	0.00452
3.75703	1.53881	0.0039
3.76248	1.54369	0.00385
3.76795	1.54746	0.00381
3.77344	1.54825	0.00378
3.77894	1.54693	0.00375
3.78445	1.54474	0.00371
3.78999	1.54373	0.00369
3.79553	1.54277	0.00432
3.8011	1.54336	0.00433
3.80668	1.54373	0.00433
3.81228	1.54405	0.00387
3.81789	1.54253	0.00385
3.82352	1.54051	0.00437
3.82917	1.5382	0.00433
3.83484	1.53576	0.00428
3.84052	1.53332	0.00423
3.84622	1.53102	0.00416
3.85193	1.52761	0.00408
3.85766	1.53153	0.00336
3.86341	1.53549	0.00327
3.86918	1.53853	0.00319
3.87496	1.53671	0.00313
3.88076	1.534	0.00305
3.88658	1.5325	0.00296
3.89242	1.53115	0.00287
3.89827	1.53008	0.00278
3.90414	1.53073	0.00269
3.91003	1.5299	0.00343
3.91594	1.53131	0.00282
3.92186	1.5309	0.00276
3.9278	1.53003	0.00339
3.93376	1.52893	0.00337
3.93974	1.52776	0.00336
3.94574	1.52667	0.00335
3.95175	1.52585	0.00335
3.95779	1.52544	0.00335
3.96384	1.52412	0.00259
3.96991	1.5243	0.00335
3.976	1.53242	0.00259
3.9821	1.53305	0.0026
3.98823	1.53237	0.00259
3.99438	1.53249	0.00258
4.00054	1.53235	0.00255
4.00672	1.53208	0.0025
4.01293	1.53186	0.00246
4.01915	1.53322	0.00241
4.02539	1.53419	0.00323
4.03165	1.53293	0.0032
4.03793	1.53298	0.00251
4.04423	1.53114	0.0032
4.05055	1.52888	0.00317
4.05689	1.52639	0.00314
4.06324	1.52384	0.00311
4.06962	1.52137	0.00309
4.07602	1.51921	0.00307
4.08244	1.51594	0.00222
4.08888	1.5183	0.00218
4.09534	1.52202	0.00216
4.10182	1.52485	0.00215
4.10832	1.52243	0.00211
4.11484	1.52118	0.00205
4.12138	1.51997	0.00199
4.12795	1.51904	0.00194
4.13453	1.51842	0.00188
4.14113	1.51834	0.00182
4.14776	1.51903	0.00276
4.15441	1.5197	0.00198
4.16108	1.51976	0.00193
4.16777	1.51935	0.00271
4.17448	1.51864	0.00268
4.18121	1.5178	0.00266
4.18796	1.51693	0.00265
4.19474	1.51634	0.00264
4.20154	1.51472	0.00263
4.20836	1.51432	0.00266
4.2152	1.51674	0.00274
4.22207	1.52502	0.00189
4.22896	1.52532	0.00195
4.23587	1.52421	0.00192
4.2428	1.52373	0.00174
4.24975	1.52291	0.00164
4.25673	1.52187	0.00164
4.26373	1.52074	0.00166
4.27076	1.51974	0.00272
4.27781	1.51905	0.0027
4.28488	1.52315	0.00159
4.29197	1.52113	0.00186
4.29909	1.51953	0.00278
4.30623	1.5174	0.00281
4.31339	1.51495	0.00283
4.32058	1.51238	0.00285
4.3278	1.50985	0.00288
4.33503	1.50761	0.00288
4.34229	1.50412	0.00287
4.34958	1.50588	0.00286
4.35689	1.51223	0.00219
4.36423	1.51489	0.00287
4.37158	1.51346	0.00189
4.37897	1.51292	0.00189
4.38638	1.51215	0.00188
4.39381	1.51132	0.00188
4.40127	1.51062	0.00188
4.40876	1.51022	0.00188
4.41627	1.51038	0.00294
4.42381	1.51113	0.00189
4.43137	1.51425	0.00218
4.43896	1.51063	0.00306
4.44657	1.51151	0.00309
4.45421	1.51052	0.00312
4.46188	1.50928	0.00315
4.46957	1.50798	0.00318
4.47729	1.50679	0.00322
4.48503	1.5059	0.00325
4.49281	1.50376	0.00329
4.50061	1.51039	0.00332
4.50843	1.51456	0.0024
4.51629	1.51192	0.00243
4.52417	1.51023	0.00246
4.53208	1.5082	0.00248
4.54002	1.50603	0.00251
4.54798	1.50384	0.00253
4.55598	1.50195	0.00256
4.564	1.5004	0.00258
4.57205	1.50097	0.00364
4.58012	1.50142	0.00294
4.58823	1.50218	0.00296
4.59637	1.50101	0.00381
4.60453	1.4996	0.00383
4.61272	1.49813	0.00385
4.62094	1.49677	0.00388
4.6292	1.49572	0.00391
4.63748	1.49513	0.00392
4.64579	1.49358	0.00393
4.65413	1.49851	0.00305
4.6625	1.50384	0.00306
4.6709	1.50302	0.00308
4.67933	1.5008	0.00308
4.68779	1.49967	0.00309
4.69629	1.49837	0.00309
4.70481	1.49702	0.00308
4.71336	1.49588	0.00307
4.72195	1.49518	0.00306
4.73057	1.49502	0.00407
4.73921	1.49725	0.00336
4.74789	1.49726	0.00413
4.75661	1.49668	0.0041
4.76535	1.49569	0.00409
4.77412	1.49447	0.00408
4.78293	1.49321	0.00406
4.79177	1.49209	0.00402
4.80065	1.48956	0.00398
4.80955	1.49346	0.00394
4.81849	1.49608	0.00391
4.82747	1.49905	0.00293
4.83647	1.4958	0.0029
4.84551	1.49343	0.00287
4.85459	1.49076	0.00283
4.8637	1.48801	0.00278
4.87284	1.48531	0.00274
4.88201	1.48292	0.00271
4.89123	1.48262	0.00376
4.90047	1.48224	0.00295
4.90975	1.482	0.0029
4.91907	1.48221	0.00373
4.92842	1.4807	0.00372
4.93781	1.47908	0.00371
4.94723	1.47763	0.00369
4.95669	1.47651	0.00367
4.96619	1.47592	0.00364
4.97572	1.47424	0.00362
4.98529	1.47953	0.00261
4.99489	1.4853	0.00257
5.00454	1.48451	0.00254
5.01422	1.48228	0.00252
5.02393	1.48108	0.00249
5.03369	1.4796	0.00244
5.04348	1.4781	0.00242
5.05331	1.4768	0.00241
5.06318	1.47748	0.0024
5.07309	1.47798	0.00352
5.08304	1.47851	0.00271
5.09303	1.47687	0.00356
5.10305	1.4748	0.00357
5.11312	1.47248	0.00358
5.12322	1.46841	0.00359
5.13337	1.46541	0.0036
5.14355	1.46364	0.0036
5.15378	1.46842	0.00358
5.16404	1.47175	0.00254
5.17435	1.47255	0.00251
5.1847	1.4763	0.00251
5.19509	1.47349	0.00251
5.20552	1.47155	0.00253
5.216	1.46944	0.00254
5.22651	1.46885	0.00364
5.23707	1.46758	0.00369
5.24767	1.46597	0.00374
5.25832	1.46427	0.00301
5.269	1.46278	0.00303
5.27973	1.45929	0.0039
5.29051	1.45376	0.00391
5.30133	1.44917	0.00391
5.31219	1.45094	0.00391
5.3231	1.45084	0.0039
5.33405	1.44795	0.00298
5.34505	1.44768	0.003
5.35609	1.44872	0.003
5.36718	1.45153	0.00293
5.37832	1.44816	0.00288
5.3895	1.44536	0.00292
5.40073	1.44339	0.00402
5.412	1.44102	0.00412
5.42333	1.43861	0.00354
5.4347	1.43474	0.00359
5.44611	1.43403	0.00436
5.45758	1.43387	0.00446
5.46909	1.43363	0.00461
5.48066	1.43166	0.00473
5.49227	1.42722	0.00482
5.50393	1.42267	0.00415
5.51564	1.41835	0.0043
5.5274	1.41866	0.00448
5.53921	1.42047	0.00468
5.55107	1.4157	0.0057
5.56298	1.40986	0.00515
5.57495	1.40541	0.00626
5.58696	1.40452	0.00605
5.59903	1.4018	0.00627
5.61115	1.39849	0.00697
5.62332	1.39509	0.00725
5.63554	1.38975	0.00757
5.64782	1.38426	0.00746
5.66015	1.37986	0.00775
5.67254	1.37478	0.00803
5.68498	1.37372	0.00839
5.69747	1.36978	0.00882
5.71002	1.36567	0.00978
5.72263	1.36347	0.011
5.73529	1.3629	0.011
5.748	1.3647	0.012
5.76078	1.3673	0.013
5.77361	1.37032	0.014
5.7865	1.37216	0.015
5.79944	1.37404	0.017
5.81244	1.37588	0.018
5.82551	1.37762	0.02
5.83863	1.37885	0.024
5.85181	1.37393	0.026
5.86504	1.36662	0.028
5.87834	1.35632	0.129
5.8917	1.34298	0.154
5.90513	1.3267	0.188
5.91861	1.30851	0.23
5.93215	1.28896	0.278
5.94576	1.27217	0.326
5.95942	1.25957	0.362
5.97316	1.25793	0.393
5.98695	1.26548	0.431
6.00081	1.28039	0.472
6.01473	1.30307	0.505
6.02872	1.3333	0.524
6.04277	1.36937	0.528
6.05689	1.4099	0.52
6.07108	1.45314	0.501
6.08533	1.49734	0.471
6.09965	1.54007	0.426
6.11403	1.57844	0.371
6.12849	1.61074	0.318
6.14301	1.6361	0.278
6.1576	1.65353	0.249
6.17226	1.66192	0.224
6.18699	1.66173	0.2
6.20179	1.65505	0.177
6.21667	1.6433	0.158
6.23161	1.62783	0.143
6.24663	1.61042	0.13
6.26171	1.59237	0.119
6.27688	1.5757	0.109
6.29211	1.56197	0.099
6.30742	1.55112	0.103
6.3228	1.54151	0.116
6.33826	1.53163	0.126
6.3538	1.52318	0.132
6.36941	1.51815	0.142
6.3851	1.51688	0.161
6.40086	1.51901	0.19
6.41671	1.52476	0.227
6.43263	1.53415	0.259
6.44863	1.54664	0.284
6.46471	1.56175	0.31
6.48087	1.57893	0.337
6.49712	1.59723	0.357
6.51344	1.61586	0.351
6.52985	1.6334	0.327
6.54634	1.64943	0.304
6.56291	1.66589	0.282
6.57957	1.68216	0.256
6.59631	1.69553	0.227
6.61314	1.70493	0.198
6.63005	1.70933	0.168
6.64705	1.70863	0.142
6.66414	1.70399	0.111
6.68131	1.70027	0.031
6.69858	1.69481	0.031
6.71593	1.69005	0.03
6.73338	1.68328	0.03
6.75091	1.67519	0.03
6.76854	1.66595	0.03
6.78626	1.65641	0.03
6.80407	1.64749	0.031
6.82197	1.63907	0.031
6.83997	1.63075	0.032
6.85807	1.62342	0.033
6.87626	1.61774	0.033
6.89455	1.61417	0.033
6.91293	1.61312	0.033
6.93142	1.61205	0.032
6.95	1.60961	0.032
6.96868	1.6082	0.032
6.98747	1.60824	0.032
7.00635	1.61217	0.032
7.02534	1.61646	0.032
7.04443	1.62386	0.033
7.06362	1.62803	0.034
7.08292	1.63179	0.034
7.10233	1.63199	0.034
7.12184	1.63107	0.034
7.14146	1.62921	0.034
7.16119	1.62645	0.034
7.18102	1.62289	0.034
7.20097	1.61871	0.034
7.22103	1.6143	0.034
7.2412	1.61006	0.034
7.26148	1.60875	0.034
7.28188	1.60648	0.034
7.30239	1.6036	0.033
7.32302	1.6006	0.033
7.34377	1.59978	0.032
7.36463	1.59891	0.032
7.38561	1.59859	0.033
7.40671	1.59923	0.033
7.42794	1.59752	0.034
7.44928	1.59633	0.034
7.47075	1.59273	0.035
7.49234	1.58893	0.035
7.51406	1.5852	0.035
7.5359	1.58158	0.035
7.55787	1.57838	0.034
7.57997	1.57579	0.034
7.6022	1.57404	0.035
7.62456	1.57335	0.035
7.64705	1.57409	0.035
7.66967	1.5766	0.035
7.69243	1.58107	0.036
7.71533	1.58362	0.036
7.73836	1.5869	0.036
7.76153	1.59115	0.036
7.78483	1.59652	0.037
7.80828	1.60021	0.037
7.83187	1.60402	0.037
7.85561	1.60807	0.038
7.87948	1.61231	0.038
7.90351	1.61688	0.038
7.92768	1.62168	0.038
7.95199	1.62903	0.038
7.97646	1.63496	0.039
8.00108	1.63959	0.039
8.02585	1.64309	0.039
8.05078	1.64811	0.039
8.07586	1.65101	0.039
8.10109	1.65222	0.039
8.12649	1.65184	0.039
8.15204	1.65015	0.038
8.17776	1.64731	0.038
8.20364	1.64372	0.037
8.22968	1.63939	0.036
8.25589	1.63763	0.034
8.28227	1.63415	0.033
8.30881	1.62957	0.031
8.33553	1.62443	0.03
8.36242	1.61939	0.03
8.38948	1.61479	0.03
8.41672	1.61391	0.03
8.44414	1.61297	0.031
8.47173	1.61259	0.032
8.49951	1.60929	0.033
8.52747	1.60609	0.035
8.55561	1.60344	0.035
8.58394	1.60198	0.034
8.61246	1.6014	0.033
8.64117	1.59901	0.032
8.67007	1.59531	0.031
8.69916	1.59095	0.03
8.72845	1.58645	0.029
8.75794	1.58237	0.029
8.78763	1.5792	0.028
8.81752	1.58003	0.028
8.84761	1.57681	0.028
8.87791	1.57308	0.028
8.90842	1.56925	0.029
8.93914	1.56576	0.029
8.97007	1.56319	0.03
9.00121	1.56207	0.031
9.03258	1.55848	0.031
9.06416	1.55531	0.031
9.09596	1.55296	0.031
9.12799	1.55168	0.031
9.16025	1.55175	0.032
9.19273	1.55353	0.033
9.22544	1.5576	0.035
9.25839	1.55891	0.037
9.29158	1.56092	0.038
9.325	1.56359	0.039
9.35866	1.56714	0.039
9.39257	1.57185	0.039
9.42673	1.58121	0.039
9.46113	1.59007	0.039
9.49579	1.59495	0.039
9.5307	1.59852	0.037
9.56587	1.60087	0.035
9.6013	1.60227	0.034
9.63699	1.60285	0.033
9.67295	1.60602	0.033
9.70918	1.60699	0.032
9.74568	1.60624	0.033
9.78245	1.60416	0.034
9.81951	1.60101	0.035
9.85684	1.59715	0.035
9.89447	1.59299	0.033
9.93238	1.58893	0.03
9.97058	1.58517	0.028
10.00907	1.58573	0.026
10.04787	1.58508	0.024
10.08696	1.58404	0.022
10.12637	1.58312	0.021
10.16608	1.58295	0.021
10.2061	1.57885	0.021
10.24644	1.57488	0.022
10.2871	1.57462	0.022
10.32809	1.57351	0.023
10.3694	1.57213	0.024
10.41104	1.57095	0.026
10.45302	1.5707	0.026
10.49534	1.5666	0.027
10.53801	1.56238	0.027
10.58102	1.55824	0.027
10.62438	1.55445	0.027
10.66811	1.55135	0.027
10.71219	1.55346	0.026
10.75664	1.55488	0.025
10.80146	1.5563	0.025
10.84665	1.55823	0.024
10.89223	1.55527	0.024
10.93819	1.55187	0.023
10.98453	1.5485	0.023
11.03128	1.54588	0.023
11.07842	1.54755	0.023
11.12597	1.54905	0.023
11.17392	1.55085	0.024
11.22229	1.54831	0.024
11.27109	1.54486	0.025
11.32031	1.541	0.025
11.36996	1.53719	0.026
11.42004	1.53386	0.027
11.47057	1.53143	0.028
11.52155	1.53612	0.029
11.57299	1.53894	0.03
11.62489	1.54072	0.032
11.67725	1.54163	0.033
11.73009	1.53665	0.034
11.78341	1.53039	0.035
11.83721	1.52356	0.036
11.89151	1.51954	0.037
11.94631	1.51518	0.038
12.00162	1.51154	0.039
12.05744	1.5089	0.038
12.11378	1.50735	0.04
12.17066	1.50242	0.042
12.22807	1.49794	0.043
12.28602	1.49428	0.043
12.34452	1.49155	0.045
12.40359	1.49008	0.045
12.46322	1.49043	0.045
12.52343	1.49328	0.046
12.58422	1.49893	0.047
12.64561	1.51368	0.048
12.7076	1.51873	0.049
12.7702	1.52057	0.05
12.83342	1.51968	0.051
12.89726	1.51769	0.052
12.96175	1.51479	0.053
13.02688	1.51183	0.054
13.09268	1.50942	0.056
13.15914	1.50409	0.057
13.22627	1.49798	0.058
13.2941	1.49679	0.049
13.36263	1.49576	0.05
13.43186	1.49488	0.053
13.50182	1.49416	0.056
13.57251	1.49358	0.06
13.64395	1.49317	0.061
13.71614	1.49291	0.06
13.7891	1.4928	0.061
13.86283	1.49285	0.064
13.93736	1.49305	0.065
14.013	1.549	0.064
14.089	1.547	0.065
14.166	1.565	0.065
14.244	1.581	0.065
14.322	1.576	0.065
14.402	1.573	0.065
14.482	1.58	0.065
14.564	1.582	0.066
14.646	1.588	0.068
14.729	1.605	0.068
14.813	1.617	0.067
14.899	1.621	0.068
14.985	1.621	0.069
15.072	1.614	0.07
15.16	1.614	0.071
15.249	1.619	0.071
15.339	1.612	0.07
15.431	1.603	0.07
15.523	1.6	0.07
15.617	1.59	0.071
15.711	1.579	0.072
15.807	1.582	0.072
15.904	1.594	0.072
16.002	1.603	0.071
16.102	1.612	0.072
16.202	1.617	0.074
16.304	1.609	0.075
16.407	1.591	0.076
16.512	1.577	0.076
16.618	1.582	0.076
16.725	1.606	0.076
16.833	1.626	0.077
16.943	1.62	0.076
17.055	1.609	0.077
17.168	1.625	0.077
17.282	1.637	0.077
17.398	1.642	0.077
17.516	1.66	0.077
17.635	1.664	0.079
17.756	1.64	0.081
17.878	1.613	0.082
18.002	1.61	0.083
18.128	1.626	0.083
18.256	1.649	0.082
18.385	1.675	0.082
18.517	1.686	0.083
18.65	1.68	0.083
18.785	1.671	0.085
18.922	1.656	0.087
19.061	1.631	0.086
19.203	1.623	0.083
19.346	1.642	0.082
19.491	1.656	0.083
19.639	1.643	0.084
19.789	1.633	0.087
19.94115	1.654	0.094
20.09574	1.675	0.093
20.25273	1.669	0.09
20.4122	1.635	0.087
20.57421	1.603	0.085
20.7388	1.604	0.085
20.90605	1.648	0.084
21.07602	1.682	0.084
21.24877	1.652	0.087
21.42438	1.612	0.091
21.60292	1.67	0.091
21.78445	1.79	0.086
21.96907	1.834	0.08
22.15684	1.772	0.078
22.34784	1.764	0.079
22.54217	1.823	0.08
22.73991	1.814	0.082
22.94115	1.71	0.085
23.14598	1.631	0.083
23.3545	1.615	0.081
23.56682	1.634	0.083
23.78303	1.691	0.086
24.00324	1.734	0.083
24.22757	1.694	0.082
24.45613	1.589	0.088
24.68905	1.533	0.097
24.92644	1.654	0.097
25.16845	1.743	0.095