   1.2150000e-01   2.2400000e+00   7.1500000e-01
   1.2280000e-01   2.3320000e+00   4.6000000e-01
   1.2400000e-01   2.3300000e+00   3.2300000e-01
   1.2520000e-01   2.2920000e+00   2.3600000e-01
   1.2650000e-01   2.2430000e+00   1.6800000e-01
   1.2780000e-01   2.1900000e+00   1.1900000e-01
   1.2910000e-01   2.1400000e+00   7.7000000e-02
   1.3050000e-01   2.0920000e+00   5.6100000e-02
   1.3190000e-01   2.0470000e+00   4.3000000e-02
   1.3330000e-01   2.0060000e+00   3.3900000e-02
   1.3480000e-01   1.9690000e+00   2.7100000e-02
   1.3620000e-01   1.9350000e+00   2.2800000e-02
   1.3780000e-01   1.9040000e+00   1.8900000e-02
   1.3930000e-01   1.8760000e+00   1.5600000e-02
   1.4090000e-01   1.8500000e+00   1.3200000e-02
   1.4250000e-01   1.8250000e+00   1.0900000e-02
   1.4420000e-01   1.8030000e+00   8.3800000e-03
   1.4590000e-01   1.7830000e+00   5.5700000e-03
   1.4760000e-01   1.7640000e+00   3.1700000e-03
   1.4940000e-01   1.7470000e+00   1.4000000e-03
   1.5120000e-01   1.7300000e+00   4.6000000e-04
   1.5310000e-01   1.7160000e+00   1.2000000e-04
   1.5500000e-01   1.7020000e+00   3.0000000e-05
   1.5900000e-01   1.6760000e+00   0.0000000e+00
   1.6310000e-01   1.6530000e+00   0.0000000e+00
   1.6750000e-01   1.6330000e+00   0.0000000e+00
   1.7220000e-01   1.6160000e+00   0.0000000e+00
   1.7710000e-01   1.6000000e+00   0.0000000e+00
   1.8370000e-01   1.5820000e+00   0.0000000e+00
   1.9070000e-01   1.5670000e+00   0.0000000e+00
   1.9840000e-01   1.5540000e+00   0.0000000e+00
   2.0660000e-01   1.5430000e+00   0.0000000e+00
   2.1386000e-01   1.5342900e+00   0.0000000e+00
   2.1444000e-01   1.5337100e+00   0.0000000e+00
   2.2675000e-01   1.5227600e+00   0.0000000e+00
   2.3021000e-01   1.5200900e+00   0.0000000e+00
   2.3783000e-01   1.5147400e+00   0.0000000e+00
   2.3994000e-01   1.5133800e+00   0.0000000e+00
   2.4827000e-01   1.5084100e+00   0.0000000e+00
   2.6520000e-01   1.5000400e+00   0.0000000e+00
   2.6989000e-01   1.4980500e+00   0.0000000e+00
   2.7528000e-01   1.4959200e+00   0.0000000e+00
   2.8035000e-01   1.4940400e+00   0.0000000e+00
   2.8936000e-01   1.4909900e+00   0.0000000e+00
   2.9673000e-01   1.4887300e+00   0.0000000e+00
   3.0215000e-01   1.4871900e+00   0.0000000e+00
   3.3026000e-01   1.4805300e+00   0.0000000e+00
   3.3415000e-01   1.4797600e+00   0.0000000e+00
   3.4036000e-01   1.4785800e+00   0.0000000e+00
   3.4662000e-01   1.4774600e+00   0.0000000e+00
   3.6105000e-01   1.4751200e+00   0.0000000e+00
   3.6502000e-01   1.4745300e+00   0.0000000e+00
   4.0466000e-01   1.4696100e+00   0.0000000e+00
   4.3583000e-01   1.4666900e+00   0.0000000e+00
   4.6782000e-01   1.4642900e+00   0.0000000e+00
   4.8613000e-01   1.4631300e+00   0.0000000e+00
   5.0858000e-01   1.4618700e+00   0.0000000e+00
   5.4607000e-01   1.4600800e+00   0.0000000e+00
   5.7696000e-01   1.4588500e+00   0.0000000e+00
   5.7907000e-01   1.4587700e+00   0.0000000e+00
   5.8756000e-01   1.4584700e+00   0.0000000e+00
   5.8926000e-01   1.4584100e+00   0.0000000e+00
   6.4385000e-01   1.4567100e+00   0.0000000e+00
   6.5627000e-01   1.4563700e+00   0.0000000e+00
   6.6782000e-01   1.4560800e+00   0.0000000e+00
   7.0652000e-01   1.4551500e+00   0.0000000e+00
   8.5211000e-01   1.4524800e+00   0.0000000e+00
   8.9435000e-01   1.4518500e+00   0.0000000e+00
   1.0139800e+00   1.4502500e+00   0.0000000e+00
   1.0829700e+00   1.4494100e+00   0.0000000e+00
   1.1286600e+00   1.4488800e+00   0.0000000e+00
   1.3622000e+00   1.4462100e+00   0.0000000e+00
   1.3950600e+00   1.4458400e+00   0.0000000e+00
   1.4695000e+00   1.4449700e+00   0.0000000e+00
   1.5295200e+00   1.4442700e+00   0.0000000e+00
   1.6606000e+00   1.4426700e+00   0.0000000e+00
   1.6810000e+00   1.4424100e+00   0.0000000e+00
   1.6932000e+00   1.4422600e+00   0.0000000e+00
   1.7091300e+00   1.4420500e+00   0.0000000e+00
   1.8130700e+00   1.4406900e+00   0.0000000e+00
   1.9700900e+00   1.4385100e+00   0.0000000e+00
   2.0581000e+00   1.4372200e+00   0.0000000e+00
   2.1526000e+00   1.4357600e+00   0.0000000e+00
   2.3254200e+00   1.4329200e+00   0.0000000e+00
   2.4374000e+00   1.4309500e+00   0.0000000e+00
   3.2439000e+00   1.4131400e+00   0.0000000e+00
   3.2668000e+00   1.4125300e+00   0.0000000e+00
   3.3026000e+00   1.4115500e+00   0.0000000e+00
   3.4220000e+00   1.4081900e+00   0.0000000e+00
   3.5070000e+00   1.4056800e+00   0.0000000e+00
   3.5564000e+00   1.4041800e+00   0.0000000e+00
   3.7067000e+00   1.3993600e+00   0.0000000e+00
   3.8460000e+00   1.3950000e+00   0.0000000e+00
   4.1670000e+00   1.3830000e+00   0.0000000e+00
   4.5450000e+00   1.3650000e+00   0.0000000e+00
   5.0000000e+00   1.3420000e+00   0.0000000e+00
   5.5560000e+00   1.3060000e+00   0.0000000e+00
   5.8820000e+00   1.2780000e+00   0.0000000e+00
   6.2500000e+00   1.2390000e+00   0.0000000e+00
   6.4520000e+00   1.2120000e+00   0.0000000e+00
   6.6670000e+00   1.1750000e+00   0.0000000e+00
   6.7570000e+00   1.1580000e+00   0.0000000e+00
   6.8490000e+00   1.1350000e+00   0.0000000e+00
   6.9440000e+00   1.1070000e+00   0.0000000e+00
   7.0420000e+00   1.0840000e+00   0.0000000e+00
   7.1430000e+00   1.0530000e+00   0.0000000e+00
   7.2460000e+00   1.0140000e+00   0.0000000e+00
   7.3530000e+00   9.7020000e-01   0.0000000e+00
   7.4070000e+00   9.4880000e-01   0.0000000e+00
   7.4630000e+00   9.1750000e-01   0.0000000e+00
   7.5190000e+00   8.8970000e-01   0.0000000e+00
   7.5760000e+00   8.6000000e-01   0.0000000e+00
   7.6340000e+00   8.2130000e-01   0.0000000e+00
   7.6920000e+00   7.7190000e-01   3.7200000e-02
   7.7520000e+00   7.0370000e-01   4.7400000e-02
   7.8130000e+00   6.2320000e-01   7.6800000e-02
   7.8740000e+00   5.4560000e-01   1.3200000e-01
   7.9370000e+00   4.6770000e-01   2.1600000e-01
   8.0000000e+00   4.1130000e-01   3.2300000e-01
   8.0650000e+00   3.9310000e-01   4.4600000e-01
   8.1300000e+00   4.0200000e-01   5.5300000e-01
   8.1970000e+00   4.3290000e-01   6.3500000e-01
   8.2650000e+00   4.5300000e-01   7.0400000e-01
   8.3330000e+00   4.6000000e-01   7.7100000e-01
   8.4030000e+00   4.7300000e-01   8.4000000e-01
   8.4750000e+00   4.7460000e-01   9.0300000e-01
   8.5470000e+00   4.6560000e-01   9.7800000e-01
   8.6210000e+00   4.5630000e-01   1.0700000e+00
   8.6960000e+00   4.3090000e-01   1.1700000e+00
   8.7720000e+00   3.9150000e-01   1.3200000e+00
   8.8500000e+00   3.5630000e-01   1.5300000e+00
   8.9290000e+00   3.7050000e-01   1.8500000e+00
   9.0090000e+00   5.8460000e-01   2.2700000e+00
   9.0910000e+00   1.0430000e+00   2.5500000e+00
   9.1740000e+00   1.6160000e+00   2.6300000e+00
   9.3020000e+00   2.2500000e+00   2.2600000e+00
   9.5240000e+00   2.7600000e+00   1.6500000e+00
   9.7560000e+00   2.8390000e+00   9.6200000e-01
   1.0000000e+01   2.6940000e+00   5.0900000e-01
   1.0260000e+01   2.4480000e+00   2.3100000e-01
   1.0530000e+01   2.2240000e+00   1.0200000e-01
   1.0810000e+01   2.0380000e+00   4.6000000e-02
   1.1110000e+01   1.8690000e+00   5.0600000e-02
   1.1360000e+01   1.7840000e+00   7.7500000e-02
   1.1630000e+01   1.6900000e+00   1.1600000e-01
   1.1760000e+01   1.6520000e+00   1.5200000e-01
   1.1900000e+01   1.6190000e+00   2.0400000e-01
   1.2050000e+01   1.6150000e+00   2.6700000e-01
   1.2200000e+01   1.6580000e+00   3.2300000e-01
   1.2350000e+01   1.7010000e+00   3.4100000e-01
   1.2500000e+01   1.7530000e+00   3.4300000e-01
   1.2660000e+01   1.7890000e+00   3.1400000e-01
   1.2820000e+01   1.8110000e+00   2.7500000e-01
   1.2990000e+01   1.8100000e+00   2.2700000e-01
   1.3160000e+01   1.7790000e+00   1.9200000e-01
   1.3330000e+01   1.7560000e+00   1.7700000e-01
   1.3790000e+01   1.6980000e+00   1.5700000e-01
   1.4290000e+01   1.6430000e+00   1.5700000e-01
   1.4810000e+01   1.5980000e+00   1.6800000e-01
   1.5380000e+01   1.5550000e+00   1.8200000e-01
   1.6000000e+01   1.5020000e+00   2.0200000e-01
   1.6670000e+01   1.4500000e+00   2.3500000e-01
   1.7240000e+01   1.4010000e+00   2.6400000e-01
   1.7860000e+01   1.3370000e+00   2.9800000e-01
   1.8520000e+01   1.2350000e+00   3.4100000e-01
   1.8970000e+01   1.1610000e+00   3.7700000e-01
   1.9230000e+01   1.0500000e+00   4.1500000e-01
   1.9610000e+01   8.8570000e-01   5.2400000e-01
   2.0000000e+01   6.6160000e-01   8.2200000e-01
   2.0410000e+01   5.7770000e-01   1.2800000e+00
   2.0830000e+01   7.5170000e-01   1.8600000e+00
   2.1050000e+01   1.0020000e+00   2.2200000e+00
   2.1280000e+01   1.4840000e+00   2.3900000e+00
   2.1740000e+01   2.3080000e+00   2.2900000e+00
   2.2730000e+01   2.9360000e+00   1.2900000e+00
   2.3810000e+01   2.9120000e+00   7.3800000e-01
   2.5000000e+01   2.7390000e+00   3.9700000e-01
   2.6670000e+01   2.5370000e+00   1.9900000e-01
   2.8570000e+01   2.3880000e+00   1.3000000e-01
   3.0770000e+01   2.2840000e+00   9.2000000e-02
   3.3330000e+01   2.2100000e+00   6.7000000e-02
   3.6360000e+01   2.1470000e+00   5.6000000e-02
   4.0000000e+01   2.1000000e+00   4.6000000e-02
   1.0000000e+02   1.9670000e+00   1.5900000e-02
