   1.5824880e-03   9.9901077e-01   3.6694500e-04
   1.6158430e-03   9.9897857e-01   4.0924300e-04
   1.6499010e-03   9.9896193e-01   4.5495100e-04
   1.6846770e-03   9.9893678e-01   4.5552400e-04
   1.7201860e-03   9.9891511e-01   5.2207300e-04
   1.7564440e-03   9.9889535e-01   5.3080400e-04
   1.7934650e-03   9.9898189e-01   7.3496400e-04
   1.8312670e-03   9.9900376e-01   3.7022500e-04
   1.8698660e-03   9.9886387e-01   3.9057200e-04
   1.9092790e-03   9.9877530e-01   4.2390000e-04
   1.9495220e-03   9.9870376e-01   4.5087600e-04
   1.9906130e-03   9.9863352e-01   4.7463000e-04
   2.0325700e-03   9.9856444e-01   5.1113900e-04
   2.0754120e-03   9.9849833e-01   5.4726500e-04
   2.1191570e-03   9.9843912e-01   5.9595000e-04
   2.1638240e-03   9.9837973e-01   6.2091700e-04
   2.2094320e-03   9.9831432e-01   6.6147700e-04
   2.2560010e-03   9.9825500e-01   7.0741200e-04
   2.3035520e-03   9.9819093e-01   7.2904200e-04
   2.3521060e-03   9.9811187e-01   7.6112900e-04
   2.4016830e-03   9.9803354e-01   8.1927000e-04
   2.4523040e-03   9.9796245e-01   8.7164500e-04
   2.5039930e-03   9.9788516e-01   9.1229800e-04
   2.5567710e-03   9.9780099e-01   9.7019200e-04
   2.6106620e-03   9.9771457e-01   1.0322380e-03
   2.6656890e-03   9.9764378e-01   1.1309340e-03
   2.7218750e-03   9.9757597e-01   1.1720960e-03
   2.7792460e-03   9.9749580e-01   1.2442970e-03
   2.8378250e-03   9.9741797e-01   1.3110340e-03
   2.8976400e-03   9.9733297e-01   1.3738890e-03
   2.9587150e-03   9.9724171e-01   1.4519140e-03
   3.0210780e-03   9.9715364e-01   1.5447260e-03
   3.0847550e-03   9.9707890e-01   1.6486920e-03
   3.1497750e-03   9.9700714e-01   1.7218170e-03
   3.2161640e-03   9.9691448e-01   1.7859180e-03
   3.2839530e-03   9.9681641e-01   1.8994760e-03
   3.3531710e-03   9.9674926e-01   2.0369830e-03
   3.4238480e-03   9.9668749e-01   2.1022000e-03
   3.4960150e-03   9.9660050e-01   2.1798990e-03
   3.5697020e-03   9.9652034e-01   2.2972910e-03
   3.6449430e-03   9.9644569e-01   2.3700070e-03
   3.7217700e-03   9.9634215e-01   2.4272190e-03
   3.8002160e-03   9.9621653e-01   2.5262570e-03
   3.8803160e-03   9.9609879e-01   2.6662220e-03
   3.9621030e-03   9.9600893e-01   2.8218940e-03
   4.0456150e-03   9.9591077e-01   2.9127890e-03
   4.1308870e-03   9.9583106e-01   3.1174120e-03
   4.2179560e-03   9.9576383e-01   3.1917220e-03
   4.3068610e-03   9.9565027e-01   3.3140110e-03
   4.3976390e-03   9.9563870e-01   3.6334680e-03
   4.4903310e-03   9.9561481e-01   3.5373160e-03
   4.5849760e-03   9.9563456e-01   3.8759960e-03
   4.6816170e-03   9.9562235e-01   3.5343350e-03
   4.7802940e-03   9.9538764e-01   3.5221930e-03
   4.8810510e-03   9.9513015e-01   3.5741790e-03
   4.9839320e-03   9.9488233e-01   3.7587990e-03
   5.0889820e-03   9.9469947e-01   4.0053510e-03
   5.1962450e-03   9.9460277e-01   4.2624060e-03
   5.3057700e-03   9.9453799e-01   4.3845700e-03
   5.4176030e-03   9.9444432e-01   4.4866300e-03
   5.5317930e-03   9.9436181e-01   4.6264540e-03
   5.6483900e-03   9.9426132e-01   4.6373100e-03
   5.7674450e-03   9.9413479e-01   4.7211650e-03
   5.8890090e-03   9.9397566e-01   4.6782040e-03
   6.0131350e-03   9.9369727e-01   4.6225530e-03
   6.1398770e-03   9.9333587e-01   4.7360060e-03
   6.2692910e-03   9.9304858e-01   5.1005730e-03
   6.4014330e-03   9.9294340e-01   5.4840490e-03
   6.5363600e-03   9.9299945e-01   5.7263950e-03
   6.6741310e-03   9.9301434e-01   5.5471320e-03
   6.8148060e-03   9.9281769e-01   5.3257400e-03
   6.9584460e-03   9.9255903e-01   5.3387910e-03
   7.1051130e-03   9.9239340e-01   5.3038390e-03
   7.2548720e-03   9.9188193e-01   4.5287120e-03
   7.4077880e-03   9.9109517e-01   4.7674180e-03
   7.5639260e-03   9.9043397e-01   5.0012860e-03
   7.7233560e-03   9.9013653e-01   5.8759210e-03
   7.8861460e-03   9.9012729e-01   5.8035030e-03
   8.0523670e-03   9.8971449e-01   5.2246300e-03
   8.2220910e-03   9.8903101e-01   5.2683490e-03
   8.3953940e-03   9.8841867e-01   5.3616260e-03
   8.5723490e-03   9.8778502e-01   5.3370760e-03
   8.7530330e-03   9.8701476e-01   5.2742720e-03
   8.9375260e-03   9.8617311e-01   5.4429170e-03
   9.1259080e-03   9.8527866e-01   5.5479890e-03
   9.3182610e-03   9.8435870e-01   5.9255300e-03
   9.5146670e-03   9.8351530e-01   6.3240930e-03
   9.7152140e-03   9.8267575e-01   6.6440030e-03
   9.9199870e-03   9.8176157e-01   6.9479700e-03
   1.0129077e-02   9.8078887e-01   7.3749520e-03
   1.0342574e-02   9.7982756e-01   7.9073970e-03
   1.0560571e-02   9.7886962e-01   8.4251540e-03
   1.0783163e-02   9.7792420e-01   9.0466560e-03
   1.1010446e-02   9.7696703e-01   9.5727200e-03
   1.1242520e-02   9.7592638e-01   1.0152429e-02
   1.1479485e-02   9.7492449e-01   1.0983980e-02
   1.1721446e-02   9.7397567e-01   1.1668338e-02
   1.1968506e-02   9.7304634e-01   1.2471061e-02
   1.2220773e-02   9.7216597e-01   1.3156694e-02
   1.2478358e-02   9.7124854e-01   1.3703773e-02
   1.2741372e-02   9.7009260e-01   1.3958424e-02
   1.3009930e-02   9.6865314e-01   1.4512348e-02
   1.3284149e-02   9.6714144e-01   1.5379280e-02
   1.3564147e-02   9.6562221e-01   1.6385413e-02
   1.3850047e-02   9.6420880e-01   1.7746434e-02
   1.4141973e-02   9.6303250e-01   1.9112144e-02
   1.4440052e-02   9.6182368e-01   2.0014432e-02
   1.4744414e-02   9.6045001e-01   2.1170388e-02
   1.5055191e-02   9.5915852e-01   2.2571739e-02
   1.5372519e-02   9.5805787e-01   2.3909476e-02
   1.5696535e-02   9.5687409e-01   2.4671721e-02
   1.6027380e-02   9.5524524e-01   2.5295790e-02
   1.6365199e-02   9.5334342e-01   2.6532955e-02
   1.6710139e-02   9.5151172e-01   2.8115860e-02
   1.7062349e-02   9.4990245e-01   2.9881397e-02
   1.7421982e-02   9.4835444e-01   3.1200294e-02
   1.7789196e-02   9.4649861e-01   3.2283627e-02
   1.8164150e-02   9.4425313e-01   3.3624183e-02
   1.8547007e-02   9.4186148e-01   3.5615020e-02
   1.8937934e-02   9.3976421e-01   3.8297251e-02
   1.9337101e-02   9.3824343e-01   4.1058835e-02
   1.9744681e-02   9.3706975e-01   4.3137298e-02
   2.0160851e-02   9.3586778e-01   4.4648893e-02
   2.0585794e-02   9.3423315e-01   4.5358008e-02
   2.1019694e-02   9.3188610e-01   4.5985832e-02
   2.1462739e-02   9.2887737e-01   4.6788242e-02
   2.1915122e-02   9.2529324e-01   4.7988694e-02
   2.2377041e-02   9.2128128e-01   4.9772468e-02
   2.2848696e-02   9.1714468e-01   5.2348951e-02
   2.3330292e-02   9.1313449e-01   5.5259260e-02
   2.3822039e-02   9.0879557e-01   5.7587557e-02
   2.4324151e-02   9.0376767e-01   6.0577500e-02
   2.4836846e-02   8.9837233e-01   6.4580294e-02
   2.5360348e-02   8.9314056e-01   6.9891421e-02
   2.5894883e-02   8.8837796e-01   7.5684861e-02
   2.6440686e-02   8.8432187e-01   8.2126058e-02
   2.6997993e-02   8.8078233e-01   8.7467432e-02
   2.7567046e-02   8.7592803e-01   9.0457525e-02
   2.8148094e-02   8.6821494e-01   9.4340317e-02
   2.8741389e-02   8.5939124e-01   1.0408517e-01
   2.9347189e-02   8.5368934e-01   1.1999908e-01
   2.9965757e-02   8.5382612e-01   1.3665777e-01
   3.0597364e-02   8.5834115e-01   1.4738615e-01
   3.1242284e-02   8.6204428e-01   1.4892232e-01
   3.1900797e-02   8.6125550e-01   1.4730845e-01
   3.2573190e-02   8.5558490e-01   1.4498558e-01
   3.3259755e-02   8.4367213e-01   1.4218338e-01
   3.3960792e-02   8.2674349e-01   1.4759438e-01
   3.4676604e-02   8.0942343e-01   1.6108475e-01
   3.5407504e-02   7.9355990e-01   1.7790359e-01
   3.6153810e-02   7.7576506e-01   1.9322650e-01
   3.6915847e-02   7.5337740e-01   2.1615044e-01
   3.7693945e-02   7.3253555e-01   2.5724656e-01
   3.8488443e-02   7.1955770e-01   3.0821055e-01
   3.9299688e-02   7.1342170e-01   3.6533939e-01
   4.0128032e-02   7.2218590e-01   4.4761642e-01
   4.0973836e-02   7.6807205e-01   5.5015836e-01
   4.1837466e-02   8.6577681e-01   6.3131538e-01
   4.2719301e-02   9.5582714e-01   5.7873272e-01
   4.3619722e-02   1.0054994e+00   5.5838095e-01
   4.4539122e-02   1.0509161e+00   5.4496931e-01
   4.5477900e-02   1.1121600e+00   5.4069241e-01
   4.6436466e-02   1.1429536e+00   4.2282564e-01
   4.7415237e-02   1.1225931e+00   3.7877193e-01
   4.8414637e-02   1.1020528e+00   3.6675805e-01
   4.9435102e-02   1.0846414e+00   3.5873476e-01
   5.0477076e-02   1.0637721e+00   3.6038619e-01
   5.1541013e-02   1.0567984e+00   4.0344309e-01
   5.2627375e-02   1.0832022e+00   4.4335906e-01
   5.3736635e-02   1.1139269e+00   4.2222754e-01
   5.4869275e-02   1.1285623e+00   4.0751591e-01
   5.6025789e-02   1.1381871e+00   3.9335770e-01
   5.7206679e-02   1.1431734e+00   3.7574073e-01
   5.8412460e-02   1.1376425e+00   3.5131052e-01
   5.9643655e-02   1.1224971e+00   3.4143641e-01
   6.0900802e-02   1.1046706e+00   3.4128657e-01
   6.2184446e-02   1.0862359e+00   3.5227341e-01
   6.3495146e-02   1.0862240e+00   3.9543096e-01
   6.4833472e-02   1.0968549e+00   3.9068581e-01
   6.6200008e-02   1.0943700e+00   3.8554453e-01
   6.7595346e-02   1.0822113e+00   3.8391768e-01
   6.9020095e-02   1.0618801e+00   3.9179196e-01
   7.0474874e-02   1.0326007e+00   4.1248541e-01
   7.1960317e-02   1.0258840e+00   5.0035584e-01
   7.3477069e-02   1.0538868e+00   5.5086783e-01
   7.5025791e-02   1.0814200e+00   5.7262574e-01
   7.6607156e-02   1.1151172e+00   6.2179995e-01
   7.8221853e-02   1.1783813e+00   6.5997097e-01
   7.9870583e-02   1.2205154e+00   5.9156307e-01
   8.1554065e-02   1.2171493e+00   5.7383120e-01
   8.3273030e-02   1.2033745e+00   5.8141212e-01
   8.5028228e-02   1.1855298e+00   6.1992878e-01
   8.6820420e-02   1.2053086e+00   7.4493604e-01
   8.8650388e-02   1.3235628e+00   8.8886012e-01
   9.0518927e-02   1.5039634e+00   8.7055162e-01
   9.2426851e-02   1.6014909e+00   6.5036104e-01
   9.4374989e-02   1.5671308e+00   4.9685658e-01
   9.6364189e-02   1.5040601e+00   4.9490996e-01
   9.8395317e-02   1.4720697e+00   5.2533148e-01
   1.0046926e-01   1.4904671e+00   6.0600837e-01
   1.0258691e-01   1.5509537e+00   6.1676929e-01
   1.0474920e-01   1.6115504e+00   5.8405097e-01
   1.0695706e-01   1.6180270e+00   4.6646983e-01
   1.0921146e-01   1.5750376e+00   4.5467226e-01
   1.1151338e-01   1.5306842e+00   4.8220413e-01
   1.1386381e-01   1.5859903e+00   6.9289233e-01
   1.1626379e-01   1.7149672e+00   6.5189571e-01
   1.1871436e-01   1.8196273e+00   6.2259250e-01
   1.2121657e-01   1.9029161e+00   5.0172290e-01
   1.2377153e-01   1.9296161e+00   3.6877788e-01
   1.2638034e-01   1.9102715e+00   2.5785034e-01
   1.2904414e-01   1.8716577e+00   1.9695345e-01
   1.3176408e-01   1.8345698e+00   1.5719713e-01
   1.3454135e-01   1.8013203e+00   1.2996909e-01
   1.3737716e-01   1.7722263e+00   1.1046454e-01
   1.4027275e-01   1.7468907e+00   9.5938421e-02
   1.4322936e-01   1.7247820e+00   8.4791198e-02
   1.4624830e-01   1.7053929e+00   7.5963624e-02
   1.4933086e-01   1.6882713e+00   6.8806945e-02
   1.5247840e-01   1.6730517e+00   6.2890998e-02
   1.5569228e-01   1.6594392e+00   5.7918718e-02
   1.5897391e-01   1.6471958e+00   5.3681457e-02
   1.6232470e-01   1.6361303e+00   5.0028492e-02
   1.6574612e-01   1.6260847e+00   4.6839188e-02
   1.6923965e-01   1.6169256e+00   4.4028473e-02
   1.7280682e-01   1.6085430e+00   4.1530808e-02
   1.7644918e-01   1.6008447e+00   3.9294940e-02
   1.8016830e-01   1.5937536e+00   3.7281834e-02
   1.8396582e-01   1.5872043e+00   3.5457716e-02
   1.8784339e-01   1.5811402e+00   3.3795133e-02
   1.9180268e-01   1.5755119e+00   3.2272559e-02
   1.9584542e-01   1.5702769e+00   3.0872167e-02
   1.9997338e-01   1.5653983e+00   2.9579072e-02
   2.0418834e-01   1.5608438e+00   2.8381778e-02
   2.0849214e-01   1.5565854e+00   2.7268416e-02
   2.1288666e-01   1.5525976e+00   2.6229944e-02
   2.1737381e-01   1.5488579e+00   2.5258627e-02
   2.2195553e-01   1.5453462e+00   2.4347777e-02
   2.2663382e-01   1.5420446e+00   2.3491782e-02
   2.3141072e-01   1.5389374e+00   2.2685678e-02
   2.3628831e-01   1.5360099e+00   2.1924626e-02
   2.4126870e-01   1.5332491e+00   2.1204730e-02
   2.4635408e-01   1.5306431e+00   2.0522544e-02
   2.5154663e-01   1.5281810e+00   1.9875008e-02
   2.5684864e-01   1.5258532e+00   1.9259607e-02
   2.6226239e-01   1.5236506e+00   1.8673736e-02
   2.6779026e-01   1.5215651e+00   1.8115119e-02
   2.7343464e-01   1.5195892e+00   1.7581795e-02
   2.7919799e-01   1.5177158e+00   1.7071997e-02
   2.8508282e-01   1.5159386e+00   1.6584136e-02
   2.9109169e-01   1.5142517e+00   1.6116903e-02
   2.9722721e-01   1.5126498e+00   1.5668794e-02
   3.0349205e-01   1.5111278e+00   1.5238608e-02
   3.0988894e-01   1.5096809e+00   1.4825249e-02
   3.1642066e-01   1.5083050e+00   1.4427712e-02
   3.2309006e-01   1.5069958e+00   1.4045124e-02
   3.2990003e-01   1.5057498e+00   1.3676638e-02
   3.3685354e-01   1.5045634e+00   1.3321410e-02
   3.4395361e-01   1.5034333e+00   1.2978720e-02
   3.5120333e-01   1.5023564e+00   1.2647905e-02
   3.5860586e-01   1.5013300e+00   1.2328350e-02
   3.6616442e-01   1.5003513e+00   1.2019538e-02
   3.7388229e-01   1.4994178e+00   1.1720889e-02
   3.8176284e-01   1.4985272e+00   1.1431898e-02
   3.8980949e-01   1.4976772e+00   1.1152105e-02
   3.9802575e-01   1.4968657e+00   1.0881083e-02
   4.0641519e-01   1.4960909e+00   1.0618441e-02
   4.1498145e-01   1.4953508e+00   1.0363830e-02
   4.2372827e-01   1.4946437e+00   1.0116861e-02
   4.3265946e-01   1.4939680e+00   9.8772050e-03
   4.4177889e-01   1.4933221e+00   9.6445540e-03
   4.5109053e-01   1.4927045e+00   9.4186200e-03
   4.6059845e-01   1.4921138e+00   9.1991450e-03
   4.7030677e-01   1.4915488e+00   8.9858680e-03
   4.8021971e-01   1.4910082e+00   8.7785310e-03
   4.9034160e-01   1.4904908e+00   8.5769070e-03
   5.0067684e-01   1.4899955e+00   8.3807800e-03
   5.1122991e-01   1.4895212e+00   8.1899460e-03
   5.2200542e-01   1.4890670e+00   8.0042280e-03
   5.3300806e-01   1.4886318e+00   7.8234250e-03
   5.4424260e-01   1.4882148e+00   7.6473620e-03
   5.5571393e-01   1.4878150e+00   7.4758740e-03
   5.6742706e-01   1.4874318e+00   7.3088030e-03
   5.7938707e-01   1.4870642e+00   7.1460050e-03
   5.9159918e-01   1.4867116e+00   6.9873410e-03
   6.0406868e-01   1.4863732e+00   6.8326670e-03
   6.1680101e-01   1.4860483e+00   6.6818520e-03
   6.2980170e-01   1.4857363e+00   6.5347750e-03
   6.4307642e-01   1.4854367e+00   6.3913180e-03
   6.5663095e-01   1.4851487e+00   6.2513730e-03
   6.7047116e-01   1.4848718e+00   6.1148290e-03
   6.8460310e-01   1.4846055e+00   5.9815810e-03
   6.9903290e-01   1.4843493e+00   5.8515300e-03
   7.1376685e-01   1.4841027e+00   5.7245810e-03
   7.2881136e-01   1.4838652e+00   5.6006440e-03
   7.4417297e-01   1.4836363e+00   5.4796370e-03
   7.5985836e-01   1.4834156e+00   5.3614710e-03
   7.7587437e-01   1.4832027e+00   5.2460650e-03
   7.9222795e-01   1.4829972e+00   5.1333420e-03
   8.0892623e-01   1.4827987e+00   5.0232280e-03
   8.2597647e-01   1.4826068e+00   4.9156520e-03
   8.4338609e-01   1.4824211e+00   4.8105470e-03
   8.6116266e-01   1.4822414e+00   4.7078440e-03
   8.7931392e-01   1.4820673e+00   4.6074790e-03
   8.9784777e-01   1.4818984e+00   4.5093890e-03
   9.1677226e-01   1.4817345e+00   4.4135160e-03
   9.3609564e-01   1.4815752e+00   4.3198030e-03
   9.5582630e-01   1.4814203e+00   4.2281950e-03
   9.7597285e-01   1.4812695e+00   4.1386360e-03
   9.9654403e-01   1.4811224e+00   4.0510740e-03
   1.0175488e+00   1.4809789e+00   3.9654600e-03
   1.0389963e+00   1.4808386e+00   3.8817440e-03
   1.0608959e+00   1.4807013e+00   3.7998820e-03
   1.0832570e+00   1.4805668e+00   3.7198260e-03
   1.1060895e+00   1.4804348e+00   3.6415310e-03
   1.1294033e+00   1.4803051e+00   3.5649550e-03
   1.1532084e+00   1.4801774e+00   3.4900570e-03
   1.1775153e+00   1.4800515e+00   3.4167970e-03
   1.2023345e+00   1.4799272e+00   3.3451360e-03
   1.2276768e+00   1.4798043e+00   3.2750350e-03
   1.2535534e+00   1.4796825e+00   3.2064580e-03
   1.2799753e+00   1.4795616e+00   3.1393680e-03
   1.3069541e+00   1.4794415e+00   3.0737320e-03
   1.3345016e+00   1.4793218e+00   3.0095160e-03
   1.3626297e+00   1.4792024e+00   2.9466870e-03
   1.3913507e+00   1.4790831e+00   2.8852130e-03
   1.4206771e+00   1.4789637e+00   2.8250620e-03
   1.4506216e+00   1.4788439e+00   2.7662060e-03
   1.4811972e+00   1.4787235e+00   2.7086150e-03
   1.5124173e+00   1.4786023e+00   2.6522610e-03
   1.5442955e+00   1.4784801e+00   2.5971150e-03
   1.5768455e+00   1.4783567e+00   2.5431510e-03
   1.6100817e+00   1.4782319e+00   2.4903420e-03
   1.6440184e+00   1.4781054e+00   2.4386630e-03
   1.6786704e+00   1.4779770e+00   2.3880900e-03
   1.7140528e+00   1.4778465e+00   2.3385980e-03
   1.7501809e+00   1.4777137e+00   2.2901630e-03
   1.7870706e+00   1.4775783e+00   2.2427630e-03
   1.8247377e+00   1.4774401e+00   2.1963750e-03
   1.8631989e+00   1.4772988e+00   2.1509770e-03
   1.9024707e+00   1.4771543e+00   2.1065500e-03
   1.9425702e+00   1.4770061e+00   2.0630710e-03
   1.9835150e+00   1.4768541e+00   2.0205210e-03
   2.0253228e+00   1.4766980e+00   1.9788790e-03
   2.0680117e+00   1.4765376e+00   1.9381290e-03
   2.1116005e+00   1.4763724e+00   1.8982490e-03
   2.1561080e+00   1.4762024e+00   1.8592240e-03
   2.2015536e+00   1.4760270e+00   1.8210350e-03
   2.2479572e+00   1.4758461e+00   1.7836650e-03
   2.2953387e+00   1.4756593e+00   1.7470970e-03
   2.3437190e+00   1.4754663e+00   1.7113160e-03
   2.3931190e+00   1.4752666e+00   1.6763050e-03
   2.4435603e+00   1.4750601e+00   1.6420510e-03
   2.4950647e+00   1.4748463e+00   1.6085360e-03
   2.5476547e+00   1.4746248e+00   1.5757480e-03
   2.6013532e+00   1.4743952e+00   1.5436720e-03
   2.6561836e+00   1.4741571e+00   1.5122950e-03
   2.7121696e+00   1.4739101e+00   1.4816030e-03
   2.7693357e+00   1.4736537e+00   1.4515850e-03
   2.8277067e+00   1.4733876e+00   1.4222270e-03
   2.8873080e+00   1.4731111e+00   1.3935170e-03
   2.9481656e+00   1.4728238e+00   1.3654450e-03
   3.0103059e+00   1.4725252e+00   1.3379980e-03
   3.0737560e+00   1.4722147e+00   1.3111680e-03
   3.1385435e+00   1.4718918e+00   1.2849420e-03
   3.2046965e+00   1.4715559e+00   1.2593110e-03
   3.2722439e+00   1.4712063e+00   1.2342660e-03
   3.3412150e+00   1.4708425e+00   1.2097970e-03
   3.4116398e+00   1.4704638e+00   1.1858970e-03
   3.4835491e+00   1.4700694e+00   1.1625570e-03
   3.5569740e+00   1.4696587e+00   1.1397680e-03
   3.6319465e+00   1.4692309e+00   1.1175240e-03
   3.7084993e+00   1.4687852e+00   1.0958170e-03
   3.7866657e+00   1.4683207e+00   1.0746410e-03
   3.8664796e+00   1.4678367e+00   1.0539920e-03
   3.9479758e+00   1.4673322e+00   1.0338620e-03
   4.0311897e+00   1.4668063e+00   1.0142460e-03
   4.1161576e+00   1.4662579e+00   9.9514100e-04
   4.2029164e+00   1.4656862e+00   9.7654100e-04
   4.2915039e+00   1.4650898e+00   9.5844400e-04
   4.3819585e+00   1.4644679e+00   9.4084800e-04
   4.4743198e+00   1.4638191e+00   9.2374900e-04
   4.5686278e+00   1.4631423e+00   9.0714600e-04
   4.6649236e+00   1.4624361e+00   8.9103600e-04
   4.7632491e+00   1.4616992e+00   8.7542100e-04
   4.8636470e+00   1.4609301e+00   8.6030200e-04
   4.9661612e+00   1.4601275e+00   8.4567900e-04
   5.0708360e+00   1.4592896e+00   8.3155300e-04
   5.1777172e+00   1.4584149e+00   8.1792700e-04
   5.2868511e+00   1.4575017e+00   8.0480300e-04
   5.3982854e+00   1.4565482e+00   7.9218800e-04
   5.5120684e+00   1.4555524e+00   7.8008900e-04
   5.6282496e+00   1.4545124e+00   7.6850900e-04
   5.7468797e+00   1.4534260e+00   7.5745600e-04
   5.8680103e+00   1.4522912e+00   7.4693800e-04
   5.9916940e+00   1.4511056e+00   7.3696600e-04
   6.1179846e+00   1.4498666e+00   7.2755300e-04
   6.2469372e+00   1.4485720e+00   7.1871200e-04
   6.3786078e+00   1.4472188e+00   7.1045400e-04
   6.5130536e+00   1.4458043e+00   7.0279600e-04
   6.6503333e+00   1.4443255e+00   6.9575400e-04
   6.7905065e+00   1.4427792e+00   6.8934700e-04
   6.9336342e+00   1.4411622e+00   6.8360700e-04
   7.0797787e+00   1.4394709e+00   6.7855000e-04
   7.2290036e+00   1.4377017e+00   6.7419900e-04
   7.3813738e+00   1.4358506e+00   6.7058500e-04
   7.5369556e+00   1.4339135e+00   6.6773800e-04
   7.6958167e+00   1.4318860e+00   6.6569600e-04
   7.8580261e+00   1.4297636e+00   6.6450500e-04
   8.0236546e+00   1.4275413e+00   6.6419400e-04
   8.1927742e+00   1.4252139e+00   6.6481000e-04
   8.3654584e+00   1.4227760e+00   6.6640100e-04
   8.5417823e+00   1.4202217e+00   6.6902100e-04
   8.7218227e+00   1.4175448e+00   6.7274300e-04
   8.9056580e+00   1.4147387e+00   6.7762600e-04
   9.0933681e+00   1.4117964e+00   6.8373400e-04
   9.2850346e+00   1.4087104e+00   6.9114200e-04
   9.4807411e+00   1.4054727e+00   6.9993500e-04
   9.6805725e+00   1.4020748e+00   7.1020600e-04
   9.8846160e+00   1.3985076e+00   7.2208600e-04
   1.0092960e+01   1.3947613e+00   7.3565800e-04
   1.0305696e+01   1.3908255e+00   7.5104300e-04
   1.0522915e+01   1.3866889e+00   7.6837300e-04
   1.0744713e+01   1.3823395e+00   7.8779400e-04
   1.0971186e+01   1.3777643e+00   8.0948700e-04
   1.1202433e+01   1.3729493e+00   8.3364300e-04
   1.1438553e+01   1.3678793e+00   8.6042900e-04
   1.1679651e+01   1.3625379e+00   8.9006100e-04
   1.1925830e+01   1.3569073e+00   9.2277500e-04
   1.2177198e+01   1.3509680e+00   9.5883500e-04
   1.2433865e+01   1.3446989e+00   9.9859800e-04
   1.2695941e+01   1.3380767e+00   1.0423530e-03
   1.2963541e+01   1.3310759e+00   1.0904430e-03
   1.3236782e+01   1.3236681e+00   1.1432720e-03
   1.3515781e+01   1.3158220e+00   1.2012880e-03
   1.3800662e+01   1.3075023e+00   1.2650150e-03
   1.4091547e+01   1.2986694e+00   1.3351260e-03
   1.4388563e+01   1.2892779e+00   1.4121530e-03
   1.4691840e+01   1.2792749e+00   1.4968150e-03
   1.5001509e+01   1.2685973e+00   1.5899270e-03
   1.5317705e+01   1.2571666e+00   1.6924100e-03
   1.5640566e+01   1.2448751e+00   1.8054430e-03
   1.5970232e+01   1.2315365e+00   1.9302570e-03
   1.6306846e+01   1.2170554e+00   2.4895400e-03
   1.6650556e+01   1.2017484e+00   3.9556090e-03
   1.7001510e+01   1.1856555e+00   5.3835100e-03
   1.7359861e+01   1.1685349e+00   7.1389150e-03
   1.7725766e+01   1.1501855e+00   8.8898530e-03
   1.8099383e+01   1.1300626e+00   1.0738589e-02
   1.8480875e+01   1.1085245e+00   1.4567523e-02
   1.8870407e+01   1.0855290e+00   1.8317419e-02
   1.9268151e+01   1.0616746e+00   2.5354409e-02
   1.9674277e+01   1.0377937e+00   3.2106713e-02
   2.0088964e+01   1.0127751e+00   3.8010663e-02
   2.0512392e+01   9.8535959e-01   4.2934523e-02
   2.0944744e+01   9.5490713e-01   4.8646772e-02
   2.1386210e+01   9.2140146e-01   5.5338718e-02
   2.1836980e+01   8.8451788e-01   6.3157415e-02
   2.2297252e+01   8.4383293e-01   7.2559121e-02
   2.2767225e+01   7.9872815e-01   8.3728693e-02
   2.3247104e+01   7.4827180e-01   9.7417773e-02
   2.3737097e+01   6.9171497e-01   1.1534390e-01
   2.4237419e+01   6.2813439e-01   1.3868298e-01
   2.4748286e+01   5.5682648e-01   1.7138072e-01
   2.5269921e+01   4.7935398e-01   2.1954543e-01
   2.5802551e+01   4.0080974e-01   2.8919924e-01
   2.6346407e+01   3.3046757e-01   3.8377196e-01
   2.6901726e+01   2.7730939e-01   4.9423198e-01
   2.7468751e+01   2.4044904e-01   6.0241184e-01
   2.8047727e+01   2.1372840e-01   7.0801561e-01
   2.8638906e+01   1.9367023e-01   8.1103947e-01
   2.9242546e+01   1.7729571e-01   9.1193665e-01
   2.9858909e+01   1.6360998e-01   1.0148926e+00
   3.0488264e+01   1.5259469e-01   1.1189295e+00
   3.1130884e+01   1.4291778e-01   1.2245382e+00
   3.1787049e+01   1.3479658e-01   1.3355920e+00
   3.2457044e+01   1.2819576e-01   1.4496615e+00
   3.3141162e+01   1.2205526e-01   1.5698493e+00
   3.3839698e+01   1.1793957e-01   1.6997784e+00
   3.4552959e+01   1.1442419e-01   1.8338400e+00
   3.5281253e+01   1.1216474e-01   1.9849673e+00
   3.6024898e+01   1.1323609e-01   2.1464476e+00
   3.6784217e+01   1.1509587e-01   2.3229113e+00
   3.7559540e+01   1.2199650e-01   2.5271895e+00
   3.8351206e+01   1.2932099e-01   2.7420536e+00
   3.9159558e+01   1.4552290e-01   3.0192215e+00
   3.9984949e+01   1.6252309e-01   3.3006778e+00
   4.0827736e+01   2.0044333e-01   3.7206456e+00
   4.1688288e+01   2.4930988e-01   4.1449880e+00
   4.2566978e+01   3.7979685e-01   4.9109085e+00
   4.3464188e+01   5.4636886e-01   5.6610184e+00
   4.4380310e+01   1.5195375e+00   8.1430251e+00
   4.5315741e+01   4.7515463e+00   1.0590216e+01
   4.6270889e+01   8.0163831e+00   7.0530992e+00
   4.7246169e+01   8.4708587e+00   2.6290120e+00
   4.8242006e+01   7.3058488e+00   8.0937289e-01
   4.9258833e+01   6.2598768e+00   4.9277079e-01
   5.0297092e+01   5.5895362e+00   2.5510619e-01
   5.1357235e+01   5.0987473e+00   1.9765585e-01
   5.2439723e+01   4.7447778e+00   1.4139144e-01
   5.3545027e+01   4.4684035e+00   1.1991909e-01
   5.4673629e+01   4.2522922e+00   1.0565678e-01
   5.5826019e+01   4.0764036e+00   9.4063566e-02
   5.7002699e+01   3.9310670e+00   9.0194785e-02
   5.8204180e+01   3.8106434e+00   8.6405866e-02
   5.9430985e+01   3.7086795e+00   8.2695160e-02
   6.0683649e+01   3.6212523e+00   7.9061052e-02
   6.1962716e+01   3.5461086e+00   7.5501961e-02
   6.3268743e+01   3.4787918e+00   6.6739614e-02
   6.4602297e+01   3.4169315e+00   6.1919628e-02
   6.5963960e+01   3.3631480e+00   6.0158874e-02
   6.7354323e+01   3.3145846e+00   5.2189961e-02
   6.8773992e+01   3.2680181e+00   4.6552913e-02
   7.0223584e+01   3.2256145e+00   4.4558002e-02
   7.1703730e+01   3.1879592e+00   4.2201310e-02
   7.3215074e+01   3.1529083e+00   3.7937934e-02
   7.4758273e+01   3.1198284e+00   3.5730169e-02
   7.6334000e+01   3.0895304e+00   3.4335411e-02
   7.7942939e+01   3.0616514e+00   3.2969445e-02
   7.9585791e+01   3.0358973e+00   3.2148547e-02
   8.1263270e+01   3.0121402e+00   3.1402838e-02
   8.2976106e+01   2.9901118e+00   3.0824367e-02
   8.4725045e+01   2.9696752e+00   3.0417038e-02
   8.6510847e+01   2.9507140e+00   3.0120356e-02
   8.8334290e+01   2.9330718e+00   2.9829797e-02
   9.0196166e+01   2.9165605e+00   2.9545237e-02
   9.2097287e+01   2.9011135e+00   2.9466522e-02
   9.4038478e+01   2.8866914e+00   2.9427382e-02
   9.6020586e+01   2.8731817e+00   2.9448593e-02
   9.8044471e+01   2.8605532e+00   2.9615182e-02
   1.0011102e+02   2.8487566e+00   2.9778331e-02
   1.0222112e+02   2.8377201e+00   3.0010458e-02
   1.0437569e+02   2.8274006e+00   3.0248909e-02
   1.0657569e+02   2.8177352e+00   3.0498925e-02
   1.0882205e+02   2.8086849e+00   3.0773375e-02
   1.1111576e+02   2.8002127e+00   3.1042160e-02
   1.1345781e+02   2.7922694e+00   3.1295401e-02
   1.1584923e+02   2.7848032e+00   3.1528757e-02
   1.1829106e+02   2.7777550e+00   3.1757295e-02
   1.2078435e+02   2.7711526e+00   3.2144852e-02
   1.2333020e+02   2.7650513e+00   3.2562219e-02
   1.2592971e+02   2.7594537e+00   3.2970970e-02
   1.2858401e+02   2.7542697e+00   3.3151011e-02
   1.3129425e+02   2.7493699e+00   3.3224729e-02
   1.3406162e+02   2.7447396e+00   3.3296927e-02
   1.3688732e+02   2.7403984e+00   3.3370235e-02
   1.3977258e+02   2.7363609e+00   3.3442145e-02
   1.4271865e+02   2.7326372e+00   3.3465953e-02
   1.4572682e+02   2.7291354e+00   3.3279153e-02
   1.4879840e+02   2.7257822e+00   3.3096209e-02
   1.5193471e+02   2.7226216e+00   3.2956560e-02
   1.5513714e+02   2.7197041e+00   3.2864678e-02
   1.5840706e+02   2.7170804e+00   3.2774692e-02
   1.6174590e+02   2.7147921e+00   3.2584381e-02
   1.6515512e+02   2.7126191e+00   3.1841657e-02
   1.6863620e+02   2.7103919e+00   3.1114264e-02
   1.7219065e+02   2.7082137e+00   3.0401887e-02
   1.7582002e+02   2.7060895e+00   2.9632368e-02
   1.7952588e+02   2.7040075e+00   2.8878542e-02
   1.8330986e+02   2.7019853e+00   2.8140278e-02
   1.8717360e+02   2.7000297e+00   2.7416632e-02
   1.9111877e+02   2.6981415e+00   2.6703224e-02
   1.9514710e+02   2.6963204e+00   2.6004543e-02
   1.9926034e+02   2.6945676e+00   2.5320284e-02
   2.0346027e+02   2.6928850e+00   2.4650150e-02
   2.0774873e+02   2.6912795e+00   2.3993849e-02
   2.1212758e+02   2.6897327e+00   2.3296356e-02
   2.1659872e+02   2.6882206e+00   2.2604095e-02
   2.2116411e+02   2.6867459e+00   2.1926123e-02
   2.2582572e+02   2.6853084e+00   2.1262147e-02
   2.3058559e+02   2.6839015e+00   2.0611876e-02
   2.3544578e+02   2.6825314e+00   2.0008706e-02
   2.4040842e+02   2.6812116e+00   1.9434431e-02
   2.4547566e+02   2.6799378e+00   1.8872009e-02
   2.5064970e+02   2.6786986e+00   1.8321198e-02
   2.5593280e+02   2.6774752e+00   1.7781757e-02
   2.6132725e+02   2.6762850e+00   1.7336538e-02
   2.6683541e+02   2.6751670e+00   1.6943186e-02
   2.7245966e+02   2.6741192e+00   1.6557955e-02
   2.7820247e+02   2.6731279e+00   1.6180675e-02
   2.8406631e+02   2.6721868e+00   1.5811184e-02
   2.9005375e+02   2.6712914e+00   1.5449320e-02
   2.9616740e+02   2.6704387e+00   1.5094925e-02
   3.0240990e+02   2.6696259e+00   1.4747846e-02
   3.0878398e+02   2.6688511e+00   1.4407932e-02
   3.1529241e+02   2.6681121e+00   1.4075035e-02
   3.2193803e+02   2.6674074e+00   1.3749009e-02
   3.2872371e+02   2.6667353e+00   1.3429713e-02
   3.3565243e+02   2.6660944e+00   1.3117009e-02
   3.4272718e+02   2.6654828e+00   1.2810759e-02
   3.4995105e+02   2.6649005e+00   1.2514458e-02
   3.5732719e+02   2.6643487e+00   1.2226352e-02
   3.6485880e+02   2.6638268e+00   1.1944194e-02
   3.7254915e+02   2.6633342e+00   1.1667861e-02
   3.8040160e+02   2.6628707e+00   1.1397231e-02
   3.8841956e+02   2.6624369e+00   1.1132189e-02
   3.9660652e+02   2.6620346e+00   1.0872617e-02
   4.0496604e+02   2.6616675e+00   1.0618403e-02
   4.1350176e+02   2.6613440e+00   1.0369437e-02
   4.2221739e+02   2.6610922e+00   1.0125611e-02
   4.3111673e+02   2.6608570e+00   9.7091650e-03
   4.4020365e+02   2.6605724e+00   9.2804140e-03
   4.4948209e+02   2.6602598e+00   8.8605140e-03
   4.5895610e+02   2.6599314e+00   8.4492810e-03
   4.6862981e+02   2.6595916e+00   8.0465370e-03
   4.7850741e+02   2.6592417e+00   7.6521070e-03
   4.8859321e+02   2.6588805e+00   7.2658190e-03
   4.9889159e+02   2.6585035e+00   6.8875050e-03
   5.0940703e+02   2.6580978e+00   6.5170000e-03
   5.2014412e+02   2.6576438e+00   6.1823050e-03
   5.3110752e+02   2.6572132e+00   6.0451780e-03
   5.4230200e+02   2.6568654e+00   5.9108810e-03
   5.5373244e+02   2.6565684e+00   5.7793560e-03
   5.6540380e+02   2.6563125e+00   5.6505470e-03
   5.7732117e+02   2.6560943e+00   5.5243960e-03
   5.8948972e+02   2.6559138e+00   5.4008490e-03
   6.0191476e+02   2.6557738e+00   5.2798530e-03
   6.1460170e+02   2.6556804e+00   5.1613550e-03
   6.2755604e+02   2.6556452e+00   5.0453020e-03
   6.4078342e+02   2.6556901e+00   4.9316450e-03
   6.5428961e+02   2.6558607e+00   4.8203340e-03
   6.6808048e+02   2.6562743e+00   4.7113210e-03
   6.8216203e+02   2.6574071e+00   4.6045590e-03
