   1.2018114e-01   1.1266201e+00   8.9883869e-01
   1.2087496e-01   1.1243821e+00   9.0702464e-01
   1.2157277e-01   1.1222323e+00   9.1571128e-01
   1.2227462e-01   1.1202041e+00   9.2491381e-01
   1.2298052e-01   1.1183337e+00   9.3464589e-01
   1.2369049e-01   1.1166601e+00   9.4491927e-01
   1.2440457e-01   1.1152253e+00   9.5574346e-01
   1.2512276e-01   1.1140740e+00   9.6712538e-01
   1.2584510e-01   1.1132539e+00   9.7906895e-01
   1.2657162e-01   1.1128155e+00   9.9157471e-01
   1.2730232e-01   1.1128121e+00   1.0046394e+00
   1.2803725e-01   1.1132996e+00   1.0182554e+00
   1.2877641e-01   1.1143367e+00   1.0324104e+00
   1.2951985e-01   1.1159845e+00   1.0470868e+00
   1.3026757e-01   1.1183067e+00   1.0622612e+00
   1.3101962e-01   1.1213696e+00   1.0779036e+00
   1.3177600e-01   1.1252425e+00   1.0939766e+00
   1.3253675e-01   1.1299981e+00   1.1104341e+00
   1.3330190e-01   1.1357136e+00   1.1272198e+00
   1.3407146e-01   1.1424737e+00   1.1442635e+00
   1.3484546e-01   1.1503765e+00   1.1614743e+00
   1.3562393e-01   1.1595564e+00   1.1787169e+00
   1.3640690e-01   1.1701165e+00   1.1955925e+00
   1.3719438e-01   1.1816744e+00   1.2118896e+00
   1.3798641e-01   1.1941074e+00   1.2276712e+00
   1.3878302e-01   1.2073662e+00   1.2429353e+00
   1.3958422e-01   1.2214151e+00   1.2576585e+00
   1.4039005e-01   1.2362218e+00   1.2718064e+00
   1.4120053e-01   1.2517523e+00   1.2853375e+00
   1.4201569e-01   1.2679689e+00   1.2982065e+00
   1.4283555e-01   1.2848286e+00   1.3103667e+00
   1.4366015e-01   1.3022816e+00   1.3217718e+00
   1.4448951e-01   1.3202718e+00   1.3323782e+00
   1.4532366e-01   1.3387369e+00   1.3421469e+00
   1.4616262e-01   1.3576092e+00   1.3510453e+00
   1.4700643e-01   1.3768169e+00   1.3590479e+00
   1.4785510e-01   1.3962859e+00   1.3661380e+00
   1.4870868e-01   1.4159416e+00   1.3723068e+00
   1.4956719e-01   1.4357101e+00   1.3775542e+00
   1.5043065e-01   1.4555204e+00   1.3818871e+00
   1.5129909e-01   1.4753045e+00   1.3853187e+00
   1.5217255e-01   1.4949985e+00   1.3878673e+00
   1.5305105e-01   1.5145425e+00   1.3895547e+00
   1.5393463e-01   1.5338799e+00   1.3904056e+00
   1.5482330e-01   1.5529573e+00   1.3904470e+00
   1.5571711e-01   1.5717235e+00   1.3897075e+00
   1.5661607e-01   1.5901292e+00   1.3882180e+00
   1.5752023e-01   1.6081261e+00   1.3860118e+00
   1.5842960e-01   1.6256674e+00   1.3831250e+00
   1.5934422e-01   1.6427076e+00   1.3795972e+00
   1.6026413e-01   1.6592033e+00   1.3754720e+00
   1.6118934e-01   1.6751133e+00   1.3707973e+00
   1.6211990e-01   1.6904000e+00   1.3656253e+00
   1.6305583e-01   1.7050299e+00   1.3600124e+00
   1.6399716e-01   1.7189747e+00   1.3540188e+00
   1.6494392e-01   1.7322117e+00   1.3477078e+00
   1.6589616e-01   1.7447245e+00   1.3411453e+00
   1.6685389e-01   1.7565038e+00   1.3343986e+00
   1.6781714e-01   1.7675470e+00   1.3275354e+00
   1.6878596e-01   1.7778586e+00   1.3206233e+00
   1.6976037e-01   1.7874500e+00   1.3137280e+00
   1.7074041e-01   1.7963391e+00   1.3069133e+00
   1.7172611e-01   1.8045499e+00   1.3002398e+00
   1.7271749e-01   1.8121116e+00   1.2937641e+00
   1.7371460e-01   1.8190583e+00   1.2875387e+00
   1.7471747e-01   1.8254284e+00   1.2816115e+00
   1.7572612e-01   1.8312631e+00   1.2760250e+00
   1.7674060e-01   1.8366068e+00   1.2708171e+00
   1.7776093e-01   1.8415053e+00   1.2660200e+00
   1.7878716e-01   1.8460059e+00   1.2616611e+00
   1.7981931e-01   1.8501567e+00   1.2577629e+00
   1.8085742e-01   1.8540055e+00   1.2543429e+00
   1.8190152e-01   1.8576002e+00   1.2514144e+00
   1.8295165e-01   1.8609878e+00   1.2489861e+00
   1.8400784e-01   1.8642142e+00   1.2470632e+00
   1.8507013e-01   1.8673239e+00   1.2456471e+00
   1.8613855e-01   1.8703601e+00   1.2447362e+00
   1.8721314e-01   1.8733640e+00   1.2443256e+00
   1.8829393e-01   1.8763752e+00   1.2444082e+00
   1.8938096e-01   1.8794312e+00   1.2449745e+00
   1.9047427e-01   1.8825676e+00   1.2460127e+00
   1.9157389e-01   1.8858180e+00   1.2475096e+00
   1.9267986e-01   1.8892142e+00   1.2494502e+00
   1.9379221e-01   1.8927859e+00   1.2518184e+00
   1.9491099e-01   1.8965609e+00   1.2545969e+00
   1.9603622e-01   1.9005652e+00   1.2577673e+00
   1.9716795e-01   1.9048229e+00   1.2613106e+00
   1.9830621e-01   1.9093566e+00   1.2652071e+00
   1.9945105e-01   1.9141868e+00   1.2694367e+00
   2.0060249e-01   1.9193328e+00   1.2739787e+00
   2.0176058e-01   1.9248122e+00   1.2788121e+00
   2.0292536e-01   1.9306411e+00   1.2839160e+00
   2.0409686e-01   1.9368343e+00   1.2892689e+00
   2.0527512e-01   1.9434050e+00   1.2948496e+00
   2.0646019e-01   1.9503653e+00   1.3006368e+00
   2.0765210e-01   1.9577261e+00   1.3066092e+00
   2.0885089e-01   1.9654970e+00   1.3127457e+00
   2.1005660e-01   1.9736866e+00   1.3190255e+00
   2.1126927e-01   1.9823022e+00   1.3254279e+00
   2.1248894e-01   1.9913505e+00   1.3319326e+00
   2.1371565e-01   2.0008368e+00   1.3385197e+00
   2.1494944e-01   2.0107658e+00   1.3451695e+00
   2.1619036e-01   2.0211412e+00   1.3518631e+00
   2.1743844e-01   2.0319663e+00   1.3585820e+00
   2.1869373e-01   2.0432434e+00   1.3653083e+00
   2.1995626e-01   2.0549743e+00   1.3720250e+00
   2.2122608e-01   2.0671604e+00   1.3787155e+00
   2.2250323e-01   2.0798029e+00   1.3853641e+00
   2.2378776e-01   2.0929027e+00   1.3919562e+00
   2.2507970e-01   2.1064605e+00   1.3984777e+00
   2.2637910e-01   2.1204775e+00   1.4049157e+00
   2.2768600e-01   2.1349549e+00   1.4112581e+00
   2.2900044e-01   2.1498948e+00   1.4174937e+00
   2.3032248e-01   2.1652998e+00   1.4236123e+00
   2.3165214e-01   2.1811740e+00   1.4296045e+00
   2.3298949e-01   2.1975224e+00   1.4354613e+00
   2.3433455e-01   2.2143522e+00   1.4411746e+00
   2.3568738e-01   2.2316723e+00   1.4467365e+00
   2.3704802e-01   2.2494940e+00   1.4521391e+00
   2.3841651e-01   2.2678315e+00   1.4573741e+00
   2.3979290e-01   2.2867018e+00   1.4624323e+00
   2.4117724e-01   2.3061254e+00   1.4673033e+00
   2.4256957e-01   2.3261263e+00   1.4719745e+00
   2.4396994e-01   2.3467324e+00   1.4764304e+00
   2.4537840e-01   2.3679753e+00   1.4806519e+00
   2.4679498e-01   2.3898904e+00   1.4846147e+00
   2.4821974e-01   2.4125170e+00   1.4882888e+00
   2.4965273e-01   2.4358974e+00   1.4916368e+00
   2.5109399e-01   2.4600765e+00   1.4946125e+00
   2.5254358e-01   2.4851009e+00   1.4971596e+00
   2.5400153e-01   2.5110172e+00   1.4992103e+00
   2.5546789e-01   2.5378708e+00   1.5006838e+00
   2.5694272e-01   2.5657032e+00   1.5014848e+00
   2.5842607e-01   2.5945496e+00   1.5015031e+00
   2.5991798e-01   2.6244355e+00   1.5006124e+00
   2.6141850e-01   2.6553730e+00   1.4986704e+00
   2.6292769e-01   2.6873567e+00   1.4955196e+00
   2.6444559e-01   2.7203594e+00   1.4909889e+00
   2.6597225e-01   2.7543268e+00   1.4848963e+00
   2.6750772e-01   2.7891740e+00   1.4770528e+00
   2.6905206e-01   2.8247803e+00   1.4672683e+00
   2.7060532e-01   2.8609872e+00   1.4553584e+00
   2.7216754e-01   2.8975962e+00   1.4411529e+00
   2.7373878e-01   2.9343688e+00   1.4245051e+00
   2.7531909e-01   2.9710303e+00   1.4053022e+00
   2.7690852e-01   3.0072745e+00   1.3834753e+00
   2.7850713e-01   3.0427729e+00   1.3590081e+00
   2.8011497e-01   3.0771865e+00   1.3319444e+00
   2.8173209e-01   3.1101794e+00   1.3023921e+00
   2.8335855e-01   3.1414346e+00   1.2705230e+00
   2.8499440e-01   3.1706700e+00   1.2365690e+00
   2.8663969e-01   3.1976528e+00   1.2008129e+00
   2.8829448e-01   3.2222116e+00   1.1635756e+00
   2.8995882e-01   3.2442449e+00   1.1251996e+00
   2.9163277e-01   3.2637239e+00   1.0860308e+00
   2.9331639e-01   3.2806913e+00   1.0463999e+00
   2.9500972e-01   3.2952535e+00   1.0066045e+00
   2.9671283e-01   3.3075695e+00   9.6689438e-01
   2.9842577e-01   3.3178348e+00   9.2745991e-01
   3.0014860e-01   3.3262640e+00   8.8842569e-01
   3.0188138e-01   3.3330710e+00   8.4984897e-01
   3.0362416e-01   3.3384496e+00   8.1172376e-01
   3.0537700e-01   3.3425562e+00   7.7399029e-01
   3.0713996e-01   3.3454950e+00   7.3654960e-01
   3.0891310e-01   3.3473079e+00   6.9928242e-01
   3.1069647e-01   3.3479709e+00   6.6207102e-01
   3.1249014e-01   3.3473973e+00   6.2482193e-01
   3.1429417e-01   3.3454491e+00   5.8748711e-01
   3.1610861e-01   3.3419557e+00   5.5008043e-01
   3.1793352e-01   3.3367367e+00   5.1268704e-01
   3.1976897e-01   3.3296286e+00   4.7546354e-01
   3.2161502e-01   3.3205083e+00   4.3862881e-01
   3.2347172e-01   3.3093128e+00   4.0244660e-01
   3.2533915e-01   3.2960499e+00   3.6720302e-01
   3.2721735e-01   3.2808002e+00   3.3318233e-01
   3.2910640e-01   3.2637110e+00   3.0064497e-01
   3.3100635e-01   3.2449832e+00   2.6981040e-01
   3.3291727e-01   3.2248547e+00   2.4084644e-01
   3.3483922e-01   3.2035836e+00   2.1386508e-01
   3.3677227e-01   3.1814316e+00   1.8892397e-01
   3.3871648e-01   3.1586517e+00   1.6603193e-01
   3.4067191e-01   3.1354784e+00   1.4515693e-01
   3.4263863e-01   3.1121222e+00   1.2623504e-01
   3.4461670e-01   3.0887662e+00   1.0917916e-01
   3.4660620e-01   3.0655665e+00   9.3886970e-02
   3.4860718e-01   3.0426526e+00   8.0247564e-02
   3.5061971e-01   3.0201302e+00   6.8146726e-02
   3.5264386e-01   2.9980842e+00   5.7470940e-02
   3.5467969e-01   2.9765817e+00   4.8110237e-02
   3.5672728e-01   2.9556753e+00   3.9960099e-02
   3.5878669e-01   2.9354062e+00   3.2922617e-02
   3.6085799e-01   2.9158076e+00   2.6907082e-02
   3.6294124e-01   2.8969079e+00   2.1830154e-02
   3.6503653e-01   2.8787355e+00   1.7615748e-02
   3.6714391e-01   2.8613316e+00   1.4193178e-02
   3.6926345e-01   2.8447543e+00   1.1448502e-02
   3.7139523e-01   2.8289995e+00   9.2445340e-03
   3.7353932e-01   2.8140333e+00   7.4728920e-03
   3.7569579e-01   2.7998116e+00   6.0472990e-03
   3.7786470e-01   2.7862870e+00   4.8989810e-03
   3.8004614e-01   2.7734118e+00   3.9730520e-03
   3.8224017e-01   2.7611401e+00   3.2256680e-03
   3.8444687e-01   2.7494284e+00   2.6217690e-03
   3.8666630e-01   2.7382365e+00   2.1332940e-03
   3.8889855e-01   2.7275270e+00   1.7377620e-03
   3.9114369e-01   2.7172657e+00   1.4171450e-03
   3.9340178e-01   2.7074214e+00   1.1569760e-03
   3.9567292e-01   2.6979654e+00   9.4563000e-04
   3.9795716e-01   2.6888718e+00   7.7375700e-04
   4.0025459e-01   2.6801169e+00   6.3383400e-04
   4.0256529e-01   2.6716791e+00   5.1979700e-04
   4.0488932e-01   2.6635387e+00   4.2675500e-04
   4.0722677e-01   2.6556778e+00   3.5076000e-04
   4.0957772e-01   2.6480800e+00   2.8862000e-04
   4.1194224e-01   2.6407302e+00   2.3775400e-04
   4.1432041e-01   2.6336147e+00   1.9607100e-04
   4.1671230e-01   2.6267208e+00   1.6187600e-04
   4.1911801e-01   2.6200369e+00   1.3379200e-04
   4.2153760e-01   2.6135522e+00   1.1070300e-04
   4.2397117e-01   2.6072568e+00   9.1700000e-05
   4.2641878e-01   2.6011416e+00   7.6000000e-05
   4.2888052e-01   2.5951980e+00   6.3100000e-05
   4.3135648e-01   2.5894182e+00   5.2500000e-05
   4.3384672e-01   2.5837947e+00   4.3600000e-05
   4.3635135e-01   2.5783208e+00   3.6400000e-05
   4.3887043e-01   2.5729900e+00   3.0300000e-05
   4.4140406e-01   2.5677963e+00   2.5300000e-05
   4.4395231e-01   2.5627341e+00   2.1100000e-05
   4.4651528e-01   2.5577981e+00   1.7700000e-05
   4.4909304e-01   2.5529834e+00   1.4800000e-05
   4.5168568e-01   2.5482854e+00   1.2400000e-05
   4.5429329e-01   2.5436995e+00   1.0400000e-05
   4.5691595e-01   2.5392217e+00   8.7500000e-06
   4.5955376e-01   2.5348481e+00   7.3500000e-06
   4.6220679e-01   2.5305749e+00   6.1900000e-06
   4.6487514e-01   2.5263987e+00   5.2100000e-06
   4.6755889e-01   2.5223160e+00   4.4000000e-06
   4.7025814e-01   2.5183237e+00   3.7100000e-06
   4.7297297e-01   2.5144189e+00   3.1400000e-06
   4.7570347e-01   2.5105986e+00   2.6600000e-06
   4.7844974e-01   2.5068601e+00   2.2500000e-06
   4.8121186e-01   2.5032009e+00   1.9100000e-06
   4.8398993e-01   2.4996184e+00   1.6200000e-06
   4.8678403e-01   2.4961102e+00   1.3700000e-06
   4.8959427e-01   2.4926742e+00   1.1700000e-06
   4.9242073e-01   2.4893082e+00   9.9400000e-07
   4.9526350e-01   2.4860100e+00   8.4700000e-07
   4.9812269e-01   2.4827778e+00   7.2200000e-07
   5.0099838e-01   2.4796095e+00   6.1600000e-07
   5.0389068e-01   2.4765034e+00   5.2700000e-07
   5.0679967e-01   2.4734577e+00   4.5000000e-07
   5.0972546e-01   2.4704708e+00   3.8500000e-07
   5.1266813e-01   2.4675411e+00   3.3000000e-07
   5.1562780e-01   2.4646669e+00   2.8300000e-07
   5.1860455e-01   2.4618468e+00   2.4300000e-07
   5.2159849e-01   2.4590793e+00   2.0900000e-07
   5.2460971e-01   2.4563632e+00   1.8000000e-07
   5.2763831e-01   2.4536969e+00   1.5500000e-07
   5.3068440e-01   2.4510794e+00   1.3300000e-07
   5.3374808e-01   2.4485092e+00   1.1500000e-07
   5.3682944e-01   2.4459853e+00   9.9100000e-08
   5.3992859e-01   2.4435064e+00   8.5600000e-08
   5.4304563e-01   2.4410715e+00   7.4000000e-08
   5.4618067e-01   2.4386795e+00   6.4000000e-08
   5.4933380e-01   2.4363293e+00   5.5500000e-08
   5.5250514e-01   2.4340199e+00   4.8100000e-08
   5.5569479e-01   2.4317504e+00   4.1700000e-08
   5.5890285e-01   2.4295199e+00   3.6200000e-08
   5.6212943e-01   2.4273273e+00   3.1500000e-08
   5.6537464e-01   2.4251719e+00   2.7400000e-08
   5.6863858e-01   2.4230527e+00   2.3800000e-08
   5.7192137e-01   2.4209690e+00   2.0700000e-08
   5.7522311e-01   2.4189199e+00   1.8100000e-08
   5.7854391e-01   2.4169047e+00   1.5800000e-08
   5.8188388e-01   2.4149226e+00   1.3800000e-08
   5.8524313e-01   2.4129728e+00   1.2000000e-08
   5.8862178e-01   2.4110548e+00   1.0500000e-08
   5.9201993e-01   2.4091677e+00   9.2100000e-09
   5.9543769e-01   2.4073109e+00   8.0600000e-09
   5.9887519e-01   2.4054838e+00   7.0600000e-09
   6.0233254e-01   2.4036856e+00   6.1900000e-09
   6.0580984e-01   2.4019159e+00   5.4300000e-09
   6.0930722e-01   2.4001740e+00   4.7600000e-09
   6.1282479e-01   2.3984594e+00   4.1800000e-09
   6.1636266e-01   2.3967713e+00   3.6700000e-09
   6.1992097e-01   2.3951094e+00   3.2300000e-09
   6.2349981e-01   2.3934731e+00   2.8400000e-09
   6.2709931e-01   2.3918618e+00   2.4900000e-09
   6.3071959e-01   2.3902751e+00   2.1900000e-09
   6.3436078e-01   2.3887124e+00   1.9300000e-09
   6.3802298e-01   2.3871733e+00   1.7000000e-09
   6.4170633e-01   2.3856573e+00   1.4900000e-09
   6.4541094e-01   2.3841640e+00   1.3100000e-09
   6.4913694e-01   2.3826928e+00   1.1500000e-09
   6.5288445e-01   2.3812434e+00   1.0100000e-09
   6.5665359e-01   2.3798153e+00   8.8600000e-10
   6.6044449e-01   2.3784082e+00   7.7600000e-10
   6.6425728e-01   2.3770216e+00   6.7900000e-10
   6.6809208e-01   2.3756551e+00   5.9300000e-10
   6.7194902e-01   2.3743083e+00   5.1600000e-10
   6.7582822e-01   2.3729810e+00   4.4900000e-10
   6.7972982e-01   2.3716726e+00   3.8900000e-10
   6.8365394e-01   2.3703828e+00   3.3500000e-10
   6.8760072e-01   2.3691114e+00   2.8700000e-10
   6.9157028e-01   2.3678579e+00   2.4500000e-10
   6.9556276e-01   2.3666221e+00   2.0700000e-10
   6.9957829e-01   2.3654035e+00   1.7300000e-10
   7.0361700e-01   2.3642019e+00   1.4300000e-10
   7.0767903e-01   2.3630170e+00   1.1600000e-10
   7.1176450e-01   2.3618484e+00   9.1500000e-11
   7.1587356e-01   2.3606959e+00   6.9600000e-11
   7.2000635e-01   2.3595592e+00   4.9900000e-11
   7.2416299e-01   2.3584380e+00   3.2200000e-11
   7.2834363e-01   2.3573319e+00   1.6200000e-11
   7.3254840e-01   2.3562408e+00   1.7700000e-12
   7.3677745e-01   2.3551644e+00   0.0000000e+00
   7.4103091e-01   2.3541023e+00   0.0000000e+00
   7.4530893e-01   2.3530545e+00   0.0000000e+00
   7.4961164e-01   2.3520205e+00   0.0000000e+00
   7.5393920e-01   2.3510001e+00   0.0000000e+00
   7.5829174e-01   2.3499932e+00   0.0000000e+00
   7.6266940e-01   2.3489995e+00   0.0000000e+00
   7.6707234e-01   2.3480187e+00   0.0000000e+00
   7.7150070e-01   2.3470506e+00   0.0000000e+00
   7.7595462e-01   2.3460950e+00   0.0000000e+00
   7.8043426e-01   2.3451518e+00   0.0000000e+00
   7.8493975e-01   2.3442205e+00   0.0000000e+00
   7.8947126e-01   2.3433012e+00   0.0000000e+00
   7.9402893e-01   2.3423934e+00   0.0000000e+00
   7.9861291e-01   2.3414972e+00   0.0000000e+00
   8.0322335e-01   2.3406122e+00   0.0000000e+00
   8.0786041e-01   2.3397382e+00   0.0000000e+00
   8.1252424e-01   2.3388752e+00   0.0000000e+00
   8.1721499e-01   2.3380228e+00   0.0000000e+00
   8.2193282e-01   2.3371809e+00   0.0000000e+00
   8.2667789e-01   2.3363494e+00   0.0000000e+00
   8.3145036e-01   2.3355280e+00   0.0000000e+00
   8.3625037e-01   2.3347165e+00   0.0000000e+00
   8.4107810e-01   2.3339149e+00   0.0000000e+00
   8.4593369e-01   2.3331229e+00   0.0000000e+00
   8.5081732e-01   2.3323404e+00   0.0000000e+00
   8.5572914e-01   2.3315672e+00   0.0000000e+00
   8.6066932e-01   2.3308032e+00   0.0000000e+00
   8.6563802e-01   2.3300481e+00   0.0000000e+00
   8.7063540e-01   2.3293020e+00   0.0000000e+00
   8.7566164e-01   2.3285645e+00   0.0000000e+00
   8.8071689e-01   2.3278355e+00   0.0000000e+00
   8.8580132e-01   2.3271150e+00   0.0000000e+00
   8.9091511e-01   2.3264027e+00   0.0000000e+00
   8.9605842e-01   2.3256986e+00   0.0000000e+00
   9.0123142e-01   2.3250024e+00   0.0000000e+00
   9.0643428e-01   2.3243141e+00   0.0000000e+00
   9.1166719e-01   2.3236335e+00   0.0000000e+00
   9.1693030e-01   2.3229605e+00   0.0000000e+00
   9.2222379e-01   2.3222950e+00   0.0000000e+00
   9.2754785e-01   2.3216367e+00   0.0000000e+00
   9.3290264e-01   2.3209857e+00   0.0000000e+00
   9.3828835e-01   2.3203418e+00   0.0000000e+00
   9.4370515e-01   2.3197048e+00   0.0000000e+00
   9.4915322e-01   2.3190747e+00   0.0000000e+00
   9.5463274e-01   2.3184513e+00   0.0000000e+00
   9.6014389e-01   2.3178344e+00   0.0000000e+00
   9.6568686e-01   2.3172241e+00   0.0000000e+00
   9.7126183e-01   2.3166202e+00   0.0000000e+00
   9.7686899e-01   2.3160226e+00   0.0000000e+00
   9.8250852e-01   2.3154311e+00   0.0000000e+00
   9.8818060e-01   2.3148456e+00   0.0000000e+00
   9.9388543e-01   2.3142661e+00   0.0000000e+00
   9.9962319e-01   2.3136925e+00   0.0000000e+00
   1.0053941e+00   2.3131246e+00   0.0000000e+00
   1.0111983e+00   2.3125623e+00   0.0000000e+00
   1.0170360e+00   2.3120056e+00   0.0000000e+00
   1.0229074e+00   2.3114543e+00   0.0000000e+00
   1.0288127e+00   2.3109084e+00   0.0000000e+00
   1.0347521e+00   2.3103677e+00   0.0000000e+00
   1.0407258e+00   2.3098322e+00   0.0000000e+00
   1.0467340e+00   2.3093017e+00   0.0000000e+00
   1.0527768e+00   2.3087762e+00   0.0000000e+00
   1.0588546e+00   2.3082556e+00   0.0000000e+00
   1.0649674e+00   2.3077398e+00   0.0000000e+00
   1.0711155e+00   2.3072286e+00   0.0000000e+00
   1.0772992e+00   2.3067221e+00   0.0000000e+00
   1.0835185e+00   2.3062201e+00   0.0000000e+00
   1.0897737e+00   2.3057226e+00   0.0000000e+00
   1.0960650e+00   2.3052294e+00   0.0000000e+00
   1.1023927e+00   2.3047405e+00   0.0000000e+00
   1.1087569e+00   2.3042558e+00   0.0000000e+00
   1.1151578e+00   2.3037752e+00   0.0000000e+00
   1.1215957e+00   2.3032986e+00   0.0000000e+00
   1.1280707e+00   2.3028260e+00   0.0000000e+00
   1.1345831e+00   2.3023572e+00   0.0000000e+00
   1.1411332e+00   2.3018923e+00   0.0000000e+00
   1.1477210e+00   2.3014311e+00   0.0000000e+00
   1.1543469e+00   2.3009735e+00   0.0000000e+00
   1.1610110e+00   2.3005195e+00   0.0000000e+00
   1.1677136e+00   2.3000690e+00   0.0000000e+00
   1.1744548e+00   2.2996219e+00   0.0000000e+00
   1.1812350e+00   2.2991781e+00   0.0000000e+00
   1.1880544e+00   2.2987377e+00   0.0000000e+00
   1.1949131e+00   2.2983004e+00   0.0000000e+00
   1.2018114e+00   2.2978663e+00   0.0000000e+00
   1.2087495e+00   2.2974353e+00   0.0000000e+00
   1.2157277e+00   2.2970072e+00   0.0000000e+00
   1.2227462e+00   2.2965821e+00   0.0000000e+00
   1.2298052e+00   2.2961598e+00   0.0000000e+00
   1.2369049e+00   2.2957404e+00   0.0000000e+00
   1.2440457e+00   2.2953237e+00   0.0000000e+00
   1.2512276e+00   2.2949096e+00   0.0000000e+00
   1.2584510e+00   2.2944981e+00   0.0000000e+00
   1.2657162e+00   2.2940892e+00   0.0000000e+00
   1.2730232e+00   2.2936828e+00   0.0000000e+00
   1.2803725e+00   2.2932787e+00   0.0000000e+00
   1.2877641e+00   2.2928770e+00   0.0000000e+00
   1.2951985e+00   2.2924776e+00   0.0000000e+00
   1.3026757e+00   2.2920804e+00   0.0000000e+00
   1.3101962e+00   2.2916854e+00   0.0000000e+00
   1.3177600e+00   2.2912924e+00   0.0000000e+00
   1.3253675e+00   2.2909015e+00   0.0000000e+00
   1.3330190e+00   2.2905126e+00   0.0000000e+00
   1.3407146e+00   2.2901256e+00   0.0000000e+00
   1.3484546e+00   2.2897405e+00   0.0000000e+00
   1.3562393e+00   2.2893571e+00   0.0000000e+00
   1.3640690e+00   2.2889755e+00   0.0000000e+00
   1.3719438e+00   2.2885956e+00   0.0000000e+00
   1.3798641e+00   2.2882173e+00   0.0000000e+00
   1.3878302e+00   2.2878406e+00   0.0000000e+00
   1.3958422e+00   2.2874654e+00   0.0000000e+00
   1.4039005e+00   2.2870917e+00   0.0000000e+00
   1.4120053e+00   2.2867193e+00   0.0000000e+00
   1.4201569e+00   2.2863483e+00   0.0000000e+00
   1.4283555e+00   2.2859786e+00   0.0000000e+00
   1.4366015e+00   2.2856101e+00   0.0000000e+00
   1.4448951e+00   2.2852428e+00   0.0000000e+00
   1.4532366e+00   2.2848766e+00   0.0000000e+00
   1.4616262e+00   2.2845115e+00   0.0000000e+00
   1.4700643e+00   2.2841474e+00   0.0000000e+00
   1.4785510e+00   2.2837843e+00   0.0000000e+00
   1.4870868e+00   2.2834221e+00  2.8300000e-305
   1.4956719e+00   2.2830607e+00  7.4900000e-301
   1.5043065e+00   2.2827001e+00  1.7300000e-296
   1.5129909e+00   2.2823403e+00  3.5300000e-292
   1.5217255e+00   2.2819812e+00  6.3000000e-288
   1.5305105e+00   2.2816227e+00  9.9000000e-284
   1.5393463e+00   2.2812648e+00  1.3700000e-279
   1.5482330e+00   2.2809074e+00  1.6800000e-275
   1.5571711e+00   2.2805505e+00  1.8100000e-271
   1.5661607e+00   2.2801941e+00  1.7300000e-267
   1.5752023e+00   2.2798380e+00  1.4700000e-263
   1.5842960e+00   2.2794822e+00  1.1100000e-259
   1.5934422e+00   2.2791267e+00  7.4200000e-256
   1.6026413e+00   2.2787715e+00  4.4300000e-252
   1.6118934e+00   2.2784164e+00  2.3600000e-248
   1.6211990e+00   2.2780614e+00  1.1200000e-244
   1.6305583e+00   2.2777065e+00  4.7600000e-241
   1.6399716e+00   2.2773516e+00  1.8100000e-237
   1.6494392e+00   2.2769967e+00  6.1700000e-234
   1.6589616e+00   2.2766417e+00  1.8900000e-230
   1.6685389e+00   2.2762866e+00  5.2100000e-227
   1.6781714e+00   2.2759312e+00  1.2900000e-223
   1.6878596e+00   2.2755756e+00  2.8900000e-220
   1.6976037e+00   2.2752198e+00  5.8200000e-217
   1.7074041e+00   2.2748635e+00  1.0600000e-213
   1.7172611e+00   2.2745069e+00  1.7500000e-210
   1.7271749e+00   2.2741498e+00  2.6100000e-207
   1.7371460e+00   2.2737923e+00  3.5400000e-204
   1.7471747e+00   2.2734341e+00  4.3600000e-201
   1.7572612e+00   2.2730754e+00  4.8700000e-198
   1.7674060e+00   2.2727160e+00  4.9600000e-195
   1.7776093e+00   2.2723559e+00  4.6100000e-192
   1.7878716e+00   2.2719951e+00  3.9000000e-189
   1.7981931e+00   2.2716334e+00  3.0200000e-186
   1.8085742e+00   2.2712708e+00  2.1300000e-183
   1.8190152e+00   2.2709074e+00  1.3800000e-180
   1.8295165e+00   2.2705430e+00  8.1800000e-178
   1.8400784e+00   2.2701775e+00  4.4500000e-175
   1.8507013e+00   2.2698110e+00  2.2200000e-172
   1.8613855e+00   2.2694433e+00  1.0200000e-169
   1.8721314e+00   2.2690745e+00  4.3200000e-167
   1.8829393e+00   2.2687044e+00  1.6800000e-164
   1.8938096e+00   2.2683331e+00  6.0400000e-162
   1.9047427e+00   2.2679604e+00  2.0000000e-159
   1.9157389e+00   2.2675863e+00  6.1300000e-157
   1.9267986e+00   2.2672107e+00  1.7400000e-154
   1.9379221e+00   2.2668337e+00  4.5500000e-152
   1.9491099e+00   2.2664551e+00  1.1100000e-149
   1.9603622e+00   2.2660748e+00  2.4900000e-147
   1.9716795e+00   2.2656930e+00  5.2200000e-145
   1.9830621e+00   2.2653093e+00  1.0100000e-142
   1.9945105e+00   2.2649239e+00  1.8300000e-140
   2.0060249e+00   2.2645367e+00  3.0900000e-138
   2.0176058e+00   2.2641476e+00  4.8400000e-136
   2.0292536e+00   2.2637565e+00  7.0900000e-134
   2.0409686e+00   2.2633634e+00  9.6800000e-132
   2.0527512e+00   2.2629682e+00  1.2300000e-129
   2.0646019e+00   2.2625709e+00  1.4700000e-127
   2.0765210e+00   2.2621715e+00  1.6400000e-125
   2.0885089e+00   2.2617698e+00  1.7200000e-123
   2.1005660e+00   2.2613658e+00  1.6800000e-121
   2.1126927e+00   2.2609595e+00  1.5500000e-119
   2.1248894e+00   2.2605507e+00  1.3300000e-117
   2.1371565e+00   2.2601395e+00  1.0800000e-115
   2.1494944e+00   2.2597257e+00  8.2400000e-114
   2.1619036e+00   2.2593093e+00  5.9100000e-112
   2.1743844e+00   2.2588903e+00  3.9900000e-110
   2.1869373e+00   2.2584685e+00  2.5400000e-108
   2.1995626e+00   2.2580440e+00  1.5300000e-106
   2.2122608e+00   2.2576166e+00  8.6500000e-105
   2.2250323e+00   2.2571864e+00  4.6300000e-103
   2.2378776e+00   2.2567531e+00  2.3400000e-101
   2.2507970e+00   2.2563168e+00   1.1200000e-99
   2.2637910e+00   2.2558775e+00   5.0700000e-98
   2.2768600e+00   2.2554349e+00   2.1800000e-96
   2.2900044e+00   2.2549891e+00   8.8500000e-95
   2.3032248e+00   2.2545401e+00   3.4100000e-93
   2.3165214e+00   2.2540876e+00   1.2500000e-91
   2.3298949e+00   2.2536317e+00   4.3400000e-90
   2.3433455e+00   2.2531724e+00   1.4300000e-88
   2.3568738e+00   2.2527094e+00   4.5000000e-87
   2.3704802e+00   2.2522429e+00   1.3500000e-85
   2.3841651e+00   2.2517726e+00   3.8300000e-84
   2.3979290e+00   2.2512985e+00   1.0400000e-82
   2.4117724e+00   2.2508206e+00   2.6800000e-81
   2.4256957e+00   2.2503388e+00   6.6200000e-80
   2.4396994e+00   2.2498530e+00   1.5600000e-78
   2.4537840e+00   2.2493631e+00   3.5000000e-77
   2.4679498e+00   2.2488690e+00   7.5100000e-76
   2.4821974e+00   2.2483708e+00   1.5400000e-74
   2.4965273e+00   2.2478682e+00   3.0300000e-73
   2.5109399e+00   2.2473613e+00   5.7000000e-72
   2.5254357e+00   2.2468500e+00   1.0300000e-70
   2.5400152e+00   2.2463341e+00   1.7700000e-69
   2.5546789e+00   2.2458136e+00   2.9300000e-68
   2.5694272e+00   2.2452884e+00   4.6500000e-67
   2.5842607e+00   2.2447585e+00   7.0900000e-66
   2.5991798e+00   2.2442237e+00   1.0400000e-64
   2.6141850e+00   2.2436840e+00   1.4600000e-63
   2.6292769e+00   2.2431392e+00   1.9700000e-62
   2.6444559e+00   2.2425894e+00   2.5600000e-61
   2.6597225e+00   2.2420344e+00   3.2000000e-60
   2.6750772e+00   2.2414741e+00   3.8500000e-59
   2.6905206e+00   2.2409085e+00   4.4700000e-58
   2.7060532e+00   2.2403374e+00   5.0000000e-57
   2.7216754e+00   2.2397607e+00   5.3800000e-56
   2.7373878e+00   2.2391785e+00   5.6000000e-55
   2.7531909e+00   2.2385905e+00   5.6100000e-54
   2.7690852e+00   2.2379967e+00   5.4400000e-53
   2.7850713e+00   2.2373971e+00   5.0900000e-52
   2.8011497e+00   2.2367914e+00   4.6000000e-51
   2.8173209e+00   2.2361796e+00   4.0200000e-50
   2.8335855e+00   2.2355616e+00   3.4000000e-49
   2.8499440e+00   2.2349373e+00   2.7800000e-48
   2.8663969e+00   2.2343066e+00   2.2000000e-47
   2.8829448e+00   2.2336695e+00   1.6900000e-46
   2.8995882e+00   2.2330257e+00   1.2500000e-45
   2.9163277e+00   2.2323752e+00   9.0200000e-45
   2.9331638e+00   2.2317179e+00   6.2900000e-44
   2.9500972e+00   2.2310537e+00   4.2600000e-43
   2.9671283e+00   2.2303825e+00   2.8000000e-42
   2.9842577e+00   2.2297041e+00   1.7900000e-41
   3.0014860e+00   2.2290185e+00   1.1100000e-40
   3.0188138e+00   2.2283255e+00   6.6600000e-40
   3.0362416e+00   2.2276251e+00   3.9000000e-39
   3.0537700e+00   2.2269170e+00   2.2200000e-38
   3.0713996e+00   2.2262013e+00   1.2300000e-37
   3.0891310e+00   2.2254777e+00   6.6000000e-37
   3.1069647e+00   2.2247462e+00   3.4600000e-36
   3.1249014e+00   2.2240065e+00   1.7600000e-35
   3.1429417e+00   2.2232587e+00   8.7600000e-35
   3.1610861e+00   2.2225026e+00   4.2400000e-34
   3.1793352e+00   2.2217380e+00   2.0000000e-33
   3.1976897e+00   2.2209648e+00   9.2000000e-33
   3.2161502e+00   2.2201829e+00   4.1300000e-32
   3.2347172e+00   2.2193922e+00   1.8100000e-31
   3.2533915e+00   2.2185924e+00   7.7100000e-31
   3.2721735e+00   2.2177836e+00   3.2200000e-30
   3.2910640e+00   2.2169654e+00   1.3100000e-29
   3.3100635e+00   2.2161379e+00   5.2100000e-29
   3.3291727e+00   2.2153007e+00   2.0300000e-28
   3.3483922e+00   2.2144539e+00   7.7000000e-28
   3.3677227e+00   2.2135972e+00   2.8600000e-27
   3.3871648e+00   2.2127305e+00   1.0400000e-26
   3.4067191e+00   2.2118537e+00   3.7000000e-26
   3.4263863e+00   2.2109665e+00   1.2900000e-25
   3.4461670e+00   2.2100688e+00   4.3800000e-25
   3.4660620e+00   2.2091605e+00   1.4600000e-24
   3.4860718e+00   2.2082414e+00   4.7700000e-24
   3.5061971e+00   2.2073113e+00   1.5300000e-23
   3.5264386e+00   2.2063701e+00   4.7900000e-23
   3.5467969e+00   2.2054175e+00   1.4700000e-22
   3.5672728e+00   2.2044534e+00   4.4500000e-22
   3.5878669e+00   2.2034776e+00   1.3200000e-21
   3.6085799e+00   2.2024900e+00   3.8200000e-21
   3.6294124e+00   2.2014903e+00   1.0900000e-20
   3.6503653e+00   2.2004784e+00   3.0400000e-20
   3.6714391e+00   2.1994540e+00   8.3300000e-20
   3.6926345e+00   2.1984170e+00   2.2500000e-19
   3.7139523e+00   2.1973671e+00   5.9500000e-19
   3.7353932e+00   2.1963042e+00   1.5500000e-18
   3.7569579e+00   2.1952281e+00   3.9500000e-18
   3.7786470e+00   2.1941385e+00   9.9300000e-18
   3.8004614e+00   2.1930352e+00   2.4500000e-17
   3.8224017e+00   2.1919180e+00   5.9600000e-17
   3.8444686e+00   2.1907866e+00   1.4300000e-16
   3.8666630e+00   2.1896409e+00   3.3500000e-16
   3.8889855e+00   2.1884806e+00   7.7600000e-16
   3.9114369e+00   2.1873055e+00   1.7700000e-15
   3.9340178e+00   2.1861153e+00   3.9600000e-15
   3.9567292e+00   2.1849097e+00   8.7500000e-15
   3.9795716e+00   2.1836886e+00   1.9000000e-14
   4.0025459e+00   2.1824516e+00   4.0800000e-14
   4.0256529e+00   2.1811985e+00   8.6200000e-14
   4.0488932e+00   2.1799290e+00   1.7900000e-13
   4.0722677e+00   2.1786428e+00   3.6800000e-13
   4.0957772e+00   2.1773396e+00   7.4500000e-13
   4.1194224e+00   2.1760192e+00   1.4900000e-12
   4.1432041e+00   2.1746813e+00   2.9200000e-12
   4.1671230e+00   2.1733255e+00   5.6800000e-12
   4.1911801e+00   2.1719515e+00   1.0900000e-11
   4.2153760e+00   2.1705590e+00   2.0600000e-11
   4.2397117e+00   2.1691477e+00   3.8400000e-11
   4.2641878e+00   2.1677172e+00   7.0700000e-11
   4.2888052e+00   2.1662671e+00   1.2900000e-10
   4.3135648e+00   2.1647972e+00   2.3100000e-10
   4.3384673e+00   2.1633070e+00   4.1000000e-10
   4.3635135e+00   2.1617962e+00   7.1900000e-10
   4.3887043e+00   2.1602644e+00   1.2500000e-09
   4.4140406e+00   2.1587111e+00   2.1300000e-09
   4.4395231e+00   2.1571359e+00   3.6100000e-09
   4.4651528e+00   2.1555384e+00   6.0500000e-09
   4.4909304e+00   2.1539182e+00   1.0000000e-08
   4.5168568e+00   2.1522747e+00   1.6400000e-08
   4.5429329e+00   2.1506076e+00   2.6500000e-08
   4.5691596e+00   2.1489162e+00   4.2500000e-08
   4.5955376e+00   2.1472001e+00   6.7300000e-08
   4.6220679e+00   2.1454587e+00   1.0500000e-07
   4.6487514e+00   2.1436915e+00   1.6400000e-07
   4.6755890e+00   2.1418978e+00   2.5100000e-07
   4.7025814e+00   2.1400769e+00   3.8200000e-07
   4.7297297e+00   2.1382284e+00   5.7600000e-07
   4.7570347e+00   2.1363513e+00   8.5800000e-07
   4.7844974e+00   2.1344450e+00   1.2700000e-06
   4.8121186e+00   2.1325087e+00   1.8500000e-06
   4.8398993e+00   2.1305415e+00   2.6900000e-06
   4.8678403e+00   2.1285425e+00   3.8600000e-06
   4.8959427e+00   2.1265109e+00   5.4900000e-06
   4.9242073e+00   2.1244454e+00   7.7500000e-06
   4.9526350e+00   2.1223452e+00   1.0800000e-05
   4.9812269e+00   2.1202089e+00   1.5000000e-05
   5.0099838e+00   2.1180354e+00   2.0600000e-05
   5.0389068e+00   2.1158233e+00   2.8100000e-05
   5.0679967e+00   2.1135713e+00   3.8000000e-05
   5.0972546e+00   2.1112778e+00   5.0900000e-05
   5.1266813e+00   2.1089415e+00   6.7700000e-05
   5.1562780e+00   2.1065606e+00   8.9300000e-05
   5.1860455e+00   2.1041336e+00   1.1692300e-04
   5.2159849e+00   2.1016588e+00   1.5187900e-04
   5.2460971e+00   2.0991347e+00   1.9579600e-04
   5.2763831e+00   2.0965595e+00   2.5053800e-04
   5.3068440e+00   2.0939318e+00   3.1823900e-04
   5.3374808e+00   2.0912502e+00   4.0132100e-04
   5.3682944e+00   2.0885135e+00   5.0250000e-04
   5.3992859e+00   2.0857205e+00   6.2478900e-04
   5.4304563e+00   2.0828706e+00   7.7149100e-04
   5.4618067e+00   2.0799632e+00   9.4618000e-04
   5.4933380e+00   2.0769984e+00   1.1526760e-03
   5.5250514e+00   2.0739767e+00   1.3950050e-03
   5.5569479e+00   2.0708988e+00   1.6773460e-03
   5.5890285e+00   2.0677664e+00   2.0039710e-03
   5.6212943e+00   2.0645816e+00   2.3791630e-03
   5.6537464e+00   2.0613472e+00   2.8071320e-03
   5.6863858e+00   2.0580665e+00   3.2919100e-03
   5.7192137e+00   2.0547439e+00   3.8372510e-03
   5.7522311e+00   2.0513841e+00   4.4465080e-03
   5.7854391e+00   2.0479927e+00   5.1225170e-03
   5.8188388e+00   2.0445758e+00   5.8674790e-03
   5.8524313e+00   2.0411400e+00   6.6828400e-03
   5.8862177e+00   2.0376926e+00   7.5691840e-03
   5.9201993e+00   2.0342409e+00   8.5261290e-03
   5.9543769e+00   2.0307928e+00   9.5522470e-03
   5.9887519e+00   2.0273560e+00   1.0644991e-02
   6.0233254e+00   2.0239383e+00   1.1800653e-02
   6.0580984e+00   2.0205472e+00   1.3014342e-02
   6.0930722e+00   2.0171898e+00   1.4279991e-02
   6.1282479e+00   2.0138725e+00   1.5590386e-02
   6.1636266e+00   2.0106010e+00   1.6937232e-02
   6.1992096e+00   2.0073802e+00   1.8311242e-02
   6.2349981e+00   2.0042137e+00   1.9702252e-02
   6.2709931e+00   2.0011040e+00   2.1099366e-02
   6.3071959e+00   1.9980523e+00   2.2491116e-02
   6.3436078e+00   1.9950582e+00   2.3865644e-02
   6.3802298e+00   1.9921200e+00   2.5210892e-02
   6.4170633e+00   1.9892345e+00   2.6514808e-02
   6.4541094e+00   1.9863968e+00   2.7765542e-02
   6.4913694e+00   1.9836006e+00   2.8951651e-02
   6.5288445e+00   1.9808385e+00   3.0062292e-02
   6.5665359e+00   1.9781014e+00   3.1087393e-02
   6.6044449e+00   1.9753790e+00   3.2017824e-02
   6.6425728e+00   1.9726603e+00   3.2845528e-02
   6.6809208e+00   1.9699331e+00   3.3563644e-02
   6.7194902e+00   1.9671846e+00   3.4166593e-02
   6.7582822e+00   1.9644013e+00   3.4650138e-02
   6.7972982e+00   1.9615695e+00   3.5011423e-02
   6.8365394e+00   1.9586752e+00   3.5248977e-02
   6.8760072e+00   1.9557044e+00   3.5362695e-02
   6.9157028e+00   1.9526433e+00   3.5353793e-02
   6.9556276e+00   1.9494783e+00   3.5224744e-02
   6.9957829e+00   1.9461964e+00   3.4979193e-02
   7.0361700e+00   1.9427850e+00   3.4621852e-02
   7.0767902e+00   1.9392323e+00   3.4158390e-02
   7.1176450e+00   1.9355271e+00   3.3595308e-02
   7.1587356e+00   1.9316592e+00   3.2939807e-02
   7.2000635e+00   1.9276190e+00   3.2199657e-02
   7.2416299e+00   1.9233979e+00   3.1383061e-02
   7.2834363e+00   1.9189882e+00   3.0498525e-02
   7.3254840e+00   1.9143831e+00   2.9554732e-02
   7.3677745e+00   1.9095765e+00   2.8560423e-02
   7.4103091e+00   1.9045631e+00   2.7524283e-02
   7.4530893e+00   1.8993382e+00   2.6454844e-02
   7.4961164e+00   1.8938981e+00   2.5360393e-02
   7.5393920e+00   1.8882392e+00   2.4248896e-02
   7.5829174e+00   1.8823587e+00   2.3127933e-02
   7.6266940e+00   1.8762540e+00   2.2004644e-02
   7.6707234e+00   1.8699228e+00   2.0885695e-02
   7.7150070e+00   1.8633630e+00   1.9777248e-02
   7.7595462e+00   1.8565725e+00   1.8684950e-02
   7.8043426e+00   1.8495491e+00   1.7613935e-02
   7.8493975e+00   1.8422904e+00   1.6568838e-02
   7.8947126e+00   1.8347940e+00   1.5553821e-02
   7.9402893e+00   1.8270566e+00   1.4572614e-02
   7.9861290e+00   1.8190749e+00   1.3628566e-02
   8.0322335e+00   1.8108446e+00   1.2724713e-02
   8.0786041e+00   1.8023609e+00   1.1863860e-02
   8.1252424e+00   1.7936180e+00   1.1048672e-02
   8.1721499e+00   1.7846095e+00   1.0281786e-02
   8.2193282e+00   1.7753277e+00   9.5659320e-03
   8.2667789e+00   1.7657639e+00   8.9040800e-03
   8.3145036e+00   1.7559083e+00   8.2995890e-03
   8.3625037e+00   1.7457497e+00   7.7563900e-03
   8.4107810e+00   1.7352760e+00   7.2791700e-03
   8.4593369e+00   1.7244735e+00   6.8735890e-03
   8.5081732e+00   1.7133273e+00   6.5465070e-03
   8.5572914e+00   1.7018212e+00   6.3062250e-03
   8.6066932e+00   1.6899377e+00   6.1627530e-03
   8.6563802e+00   1.6776583e+00   6.1280830e-03
   8.7063540e+00   1.6649633e+00   6.2164820e-03
   8.7566164e+00   1.6518319e+00   6.4447920e-03
   8.8071689e+00   1.6382429e+00   6.8327430e-03
   8.8580132e+00   1.6241744e+00   7.4032640e-03
   8.9091511e+00   1.6096041e+00   8.1828000e-03
   8.9605842e+00   1.5945101e+00   9.2016250e-03
   9.0123142e+00   1.5788708e+00   1.0494142e-02
   9.0643428e+00   1.5626656e+00   1.2099173e-02
   9.1166719e+00   1.5458751e+00   1.4060228e-02
   9.1693030e+00   1.5284824e+00   1.6425745e-02
   9.2222380e+00   1.5104729e+00   1.9249299e-02
   9.2754785e+00   1.4918357e+00   2.2589758e-02
   9.3290264e+00   1.4725641e+00   2.6511400e-02
   9.3828835e+00   1.4526565e+00   3.1083941e-02
   9.4370515e+00   1.4321177e+00   3.6382490e-02
   9.4915322e+00   1.4109601e+00   4.2487387e-02
   9.5463274e+00   1.3892044e+00   4.9483898e-02
   9.6014389e+00   1.3668819e+00   5.7461720e-02
   9.6568686e+00   1.3440354e+00   6.6514245e-02
   9.7126183e+00   1.3207213e+00   7.6737502e-02
   9.7686899e+00   1.2970114e+00   8.8228690e-02
   9.8250852e+00   1.2729947e+00   1.0108417e-01
   9.8818060e+00   1.2487794e+00   1.1539677e-01
   9.9388543e+00   1.2244948e+00   1.3125233e-01
   9.9962319e+00   1.2002923e+00   1.4872518e-01
   1.0053941e+01   1.1763462e+00   1.6787271e-01
   1.0111983e+01   1.1528526e+00   1.8872880e-01
   1.0170360e+01   1.1300272e+00   2.1129657e-01
   1.0229074e+01   1.1080995e+00   2.3554087e-01
   1.0288127e+01   1.0873054e+00   2.6138146e-01
   1.0347521e+01   1.0678758e+00   2.8868810e-01
   1.0407258e+01   1.0500230e+00   3.1727910e-01
   1.0467340e+01   1.0339261e+00   3.4692430e-01
   1.0527768e+01   1.0197172e+00   3.7735348e-01
   1.0588546e+01   1.0074703e+00   4.0826935e-01
   1.0649674e+01   9.9719514e-01   4.3936388e-01
   1.0711155e+01   9.8883741e-01   4.7033560e-01
   1.0772992e+01   9.8228377e-01   5.0090524e-01
   1.0835185e+01   9.7737114e-01   5.3082829e-01
   1.0897737e+01   9.7389820e-01   5.5990343e-01
   1.0960650e+01   9.7163756e-01   5.8797661e-01
   1.1023927e+01   9.7034671e-01   6.1494217e-01
   1.1087569e+01   9.6977752e-01   6.4074151e-01
   1.1151578e+01   9.6968391e-01   6.6536071e-01
   1.1215957e+01   9.6982833e-01   6.8882759e-01
   1.1280707e+01   9.6998682e-01   7.1120900e-01
   1.1345831e+01   9.6995434e-01   7.3260793e-01
   1.1411332e+01   9.6954943e-01   7.5316121e-01
   1.1477210e+01   9.6861976e-01   7.7303649e-01
   1.1543469e+01   9.6704842e-01   7.9242841e-01
   1.1610110e+01   9.6476023e-01   8.1155348e-01
   1.1677136e+01   9.6172838e-01   8.3064272e-01
   1.1744548e+01   9.5798053e-01   8.4993144e-01
   1.1812350e+01   9.5360272e-01   8.6964626e-01
   1.1880544e+01   9.4873988e-01   8.8998965e-01
   1.1949131e+01   9.4359193e-01   9.1112234e-01
   1.2018114e+01   9.3840364e-01   9.3314586e-01
   1.2087495e+01   9.3344819e-01   9.5608735e-01
   1.2157277e+01   9.2900483e-01   9.7988918e-01
   1.2227462e+01   9.2533230e-01   1.0044065e+00
   1.2298052e+01   9.2264159e-01   1.0294133e+00
   1.2369049e+01   9.2107095e-01   1.0546178e+00
   1.2440457e+01   9.2066654e-01   1.0796862e+00
   1.2512276e+01   9.2137177e-01   1.1042706e+00
   1.2584510e+01   9.2302550e-01   1.1280391e+00
   1.2657162e+01   9.2536888e-01   1.1507058e+00
   1.2730232e+01   9.2806015e-01   1.1720555e+00
   1.2803725e+01   9.3069512e-01   1.1919643e+00
   1.2877641e+01   9.3283135e-01   1.2104139e+00
   1.2951985e+01   9.3401464e-01   1.2274996e+00
   1.3026757e+01   9.3380666e-01   1.2434322e+00
   1.3101962e+01   9.3181184e-01   1.2585347e+00
   1.3177600e+01   9.2770418e-01   1.2732320e+00
   1.3253675e+01   9.2125187e-01   1.2880359e+00
   1.3330190e+01   9.1233907e-01   1.3035243e+00
   1.3407146e+01   9.0098423e-01   1.3203142e+00
   1.3484546e+01   8.8735229e-01   1.3390285e+00
   1.3562393e+01   8.7175808e-01   1.3602594e+00
   1.3640690e+01   8.5466012e-01   1.3845272e+00
   1.3719438e+01   8.3664055e-01   1.4122415e+00
   1.3798641e+01   8.1837254e-01   1.4436685e+00
   1.3878302e+01   8.0057711e-01   1.4789087e+00
   1.3958422e+01   7.8397407e-01   1.5178917e+00
   1.4039005e+01   7.6923425e-01   1.5603875e+00
   1.4120053e+01   7.5694079e-01   1.6060331e+00
   1.4201569e+01   7.4756305e-01   1.6543684e+00
   1.4283555e+01   7.4144593e-01   1.7048752e+00
   1.4366015e+01   7.3881206e-01   1.7570126e+00
   1.4448951e+01   7.3977330e-01   1.8102460e+00
   1.4532366e+01   7.4434736e-01   1.8640677e+00
   1.4616262e+01   7.5247580e-01   1.9180091e+00
   1.4700643e+01   7.6404083e-01   1.9716469e+00
   1.4785510e+01   7.7887962e-01   2.0246050e+00
   1.4870868e+01   7.9679562e-01   2.0765533e+00
   1.4956719e+01   8.1756727e-01   2.1272060e+00
   1.5043065e+01   8.4095440e-01   2.1763183e+00
   1.5129909e+01   8.6670300e-01   2.2236849e+00
   1.5217255e+01   8.9454910e-01   2.2691376e+00
   1.5305105e+01   9.2422185e-01   2.3125443e+00
   1.5393463e+01   9.5544648e-01   2.3538085e+00
   1.5482330e+01   9.8794787e-01   2.3928679e+00
   1.5571711e+01   1.0214532e+00   2.4296948e+00
   1.5661607e+01   1.0556963e+00   2.4642944e+00
   1.5752023e+01   1.0904205e+00   2.4967049e+00
   1.5842960e+01   1.1253835e+00   2.5269949e+00
   1.5934422e+01   1.1603607e+00   2.5552614e+00
   1.6026413e+01   1.1951487e+00   2.5816273e+00
   1.6118934e+01   1.2295690e+00   2.6062379e+00
   1.6211990e+01   1.2634706e+00   2.6292562e+00
   1.6305583e+01   1.2967322e+00   2.6508593e+00
   1.6399716e+01   1.3292631e+00   2.6712327e+00
   1.6494392e+01   1.3610045e+00   2.6905654e+00
   1.6589616e+01   1.3919279e+00   2.7090448e+00
   1.6685389e+01   1.4220345e+00   2.7268521e+00
   1.6781714e+01   1.4513529e+00   2.7441575e+00
   1.6878596e+01   1.4799358e+00   2.7611153e+00
   1.6976037e+01   1.5078565e+00   2.7778625e+00
   1.7074041e+01   1.5352046e+00   2.7945146e+00
   1.7172611e+01   1.5620820e+00   2.8111645e+00
   1.7271749e+01   1.5885980e+00   2.8278820e+00
   1.7371460e+01   1.6148649e+00   2.8447139e+00
   1.7471747e+01   1.6409943e+00   2.8616847e+00
   1.7572612e+01   1.6670931e+00   2.8787985e+00
   1.7674060e+01   1.6932602e+00   2.8960411e+00
   1.7776093e+01   1.7195846e+00   2.9133826e+00
   1.7878716e+01   1.7461431e+00   2.9307805e+00
   1.7981931e+01   1.7729996e+00   2.9481823e+00
   1.8085742e+01   1.8002038e+00   2.9655291e+00
   1.8190152e+01   1.8277923e+00   2.9827577e+00
   1.8295165e+01   1.8557883e+00   2.9998032e+00
   1.8400784e+01   1.8842028e+00   3.0166015e+00
   1.8507013e+01   1.9130357e+00   3.0330910e+00
   1.8613855e+01   1.9422774e+00   3.0492137e+00
   1.8721314e+01   1.9719097e+00   3.0649171e+00
   1.8829393e+01   2.0019079e+00   3.0801538e+00
   1.8938096e+01   2.0322418e+00   3.0948832e+00
   1.9047427e+01   2.0628772e+00   3.1090704e+00
   1.9157389e+01   2.0937772e+00   3.1226873e+00
   1.9267986e+01   2.1249030e+00   3.1357114e+00
   1.9379221e+01   2.1562154e+00   3.1481262e+00
   1.9491099e+01   2.1876746e+00   3.1599205e+00
   1.9603622e+01   2.2192417e+00   3.1710882e+00
   1.9716795e+01   2.2508791e+00   3.1816266e+00
   1.9830621e+01   2.2825505e+00   3.1915375e+00
   1.9945105e+01   2.3142211e+00   3.2008257e+00
   2.0060249e+01   2.3458586e+00   3.2094987e+00
   2.0176058e+01   2.3774320e+00   3.2175665e+00
   2.0292536e+01   2.4089127e+00   3.2250409e+00
   2.0409686e+01   2.4402740e+00   3.2319352e+00
   2.0527512e+01   2.4714910e+00   3.2382642e+00
   2.0646019e+01   2.5025408e+00   3.2440434e+00
   2.0765210e+01   2.5334019e+00   3.2492894e+00
   2.0885089e+01   2.5640550e+00   3.2540187e+00
   2.1005660e+01   2.5944811e+00   3.2582496e+00
   2.1126927e+01   2.6246640e+00   3.2619990e+00
   2.1248894e+01   2.6545875e+00   3.2652855e+00
   2.1371565e+01   2.6842370e+00   3.2681273e+00
   2.1494944e+01   2.7135987e+00   3.2705429e+00
   2.1619036e+01   2.7426598e+00   3.2725507e+00
   2.1743844e+01   2.7714082e+00   3.2741697e+00
   2.1869373e+01   2.7998323e+00   3.2754191e+00
   2.1995626e+01   2.8279216e+00   3.2763177e+00
   2.2122608e+01   2.8556655e+00   3.2768855e+00
   2.2250323e+01   2.8830545e+00   3.2771422e+00
   2.2378776e+01   2.9100793e+00   3.2771084e+00
   2.2507970e+01   2.9367314e+00   3.2768045e+00
   2.2637910e+01   2.9630024e+00   3.2762522e+00
   2.2768600e+01   2.9888845e+00   3.2754737e+00
   2.2900044e+01   3.0143713e+00   3.2744913e+00
   2.3032248e+01   3.0394557e+00   3.2733290e+00
   2.3165214e+01   3.0641322e+00   3.2720115e+00
   2.3298949e+01   3.0883961e+00   3.2705638e+00
   2.3433455e+01   3.1122432e+00   3.2690131e+00
   2.3568738e+01   3.1356710e+00   3.2673866e+00
   2.3704802e+01   3.1586781e+00   3.2657130e+00
   2.3841651e+01   3.1812642e+00   3.2640225e+00
   2.3979290e+01   3.2034310e+00   3.2623463e+00
   2.4117724e+01   3.2251820e+00   3.2607166e+00
   2.4256957e+01   3.2465232e+00   3.2591663e+00
   2.4396994e+01   3.2674622e+00   3.2577303e+00
   2.4537840e+01   3.2880099e+00   3.2564433e+00
   2.4679498e+01   3.3081798e+00   3.2553413e+00
   2.4821974e+01   3.3279887e+00   3.2544605e+00
   2.4965273e+01   3.3474569e+00   3.2538370e+00
   2.5109399e+01   3.3666077e+00   3.2535076e+00
   2.5254357e+01   3.3854689e+00   3.2535078e+00
   2.5400152e+01   3.4040716e+00   3.2538730e+00
   2.5546789e+01   3.4224519e+00   3.2546360e+00
   2.5694272e+01   3.4406489e+00   3.2558296e+00
   2.5842607e+01   3.4587070e+00   3.2574826e+00
   2.5991798e+01   3.4766739e+00   3.2596220e+00
   2.6141850e+01   3.4946018e+00   3.2622707e+00
   2.6292769e+01   3.5125460e+00   3.2654485e+00
   2.6444559e+01   3.5305665e+00   3.2691692e+00
   2.6597225e+01   3.5487250e+00   3.2734430e+00
   2.6750772e+01   3.5670875e+00   3.2782729e+00
   2.6905206e+01   3.5857197e+00   3.2836582e+00
   2.7060532e+01   3.6046917e+00   3.2895888e+00
   2.7216754e+01   3.6240716e+00   3.2960502e+00
   2.7373878e+01   3.6439302e+00   3.3030187e+00
   2.7531909e+01   3.6643358e+00   3.3104649e+00
   2.7690852e+01   3.6853556e+00   3.3183513e+00
   2.7850713e+01   3.7070542e+00   3.3266336e+00
   2.8011497e+01   3.7294931e+00   3.3352600e+00
   2.8173209e+01   3.7527296e+00   3.3441721e+00
   2.8335855e+01   3.7768159e+00   3.3533050e+00
   2.8499440e+01   3.8017986e+00   3.3625880e+00
   2.8663969e+01   3.8277179e+00   3.3719451e+00
   2.8829448e+01   3.8546069e+00   3.3812956e+00
   2.8995882e+01   3.8824911e+00   3.3905551e+00
   2.9163277e+01   3.9113882e+00   3.3996361e+00
   2.9331638e+01   3.9413074e+00   3.4084493e+00
   2.9500972e+01   3.9722497e+00   3.4169039e+00
   2.9671283e+01   4.0042074e+00   3.4249089e+00
   2.9842577e+01   4.0371644e+00   3.4323740e+00
   3.0014860e+01   4.0710962e+00   3.4392105e+00
   3.0188138e+01   4.1059701e+00   3.4453317e+00
   3.0362416e+01   4.1417459e+00   3.4506545e+00
   3.0537700e+01   4.1783758e+00   3.4550995e+00
   3.0713996e+01   4.2158054e+00   3.4585918e+00
   3.0891310e+01   4.2539738e+00   3.4610620e+00
   3.1069647e+01   4.2928148e+00   3.4624461e+00
   3.1249014e+01   4.3322567e+00   3.4626864e+00
   3.1429417e+01   4.3722239e+00   3.4617318e+00
   3.1610861e+01   4.4126370e+00   3.4595376e+00
   3.1793352e+01   4.4534137e+00   3.4560667e+00
   3.1976897e+01   4.4944693e+00   3.4512886e+00
   3.2161502e+01   4.5357178e+00   3.4451802e+00
   3.2347172e+01   4.5770722e+00   3.4377256e+00
   3.2533915e+01   4.6184453e+00   3.4289157e+00
   3.2721735e+01   4.6597502e+00   3.4187487e+00
   3.2910640e+01   4.7009010e+00   3.4072292e+00
   3.3100635e+01   4.7418134e+00   3.3943686e+00
   3.3291727e+01   4.7824050e+00   3.3801841e+00
   3.3483922e+01   4.8225961e+00   3.3646993e+00
   3.3677227e+01   4.8623096e+00   3.3479430e+00
   3.3871648e+01   4.9014718e+00   3.3299493e+00
   3.4067191e+01   4.9400127e+00   3.3107572e+00
   3.4263863e+01   4.9778663e+00   3.2904098e+00
   3.4461670e+01   5.0149704e+00   3.2689546e+00
   3.4660620e+01   5.0512674e+00   3.2464424e+00
   3.4860718e+01   5.0867042e+00   3.2229271e+00
   3.5061971e+01   5.1212324e+00   3.1984655e+00
   3.5264386e+01   5.1548081e+00   3.1731165e+00
   3.5467969e+01   5.1873925e+00   3.1469411e+00
   3.5672728e+01   5.2189514e+00   3.1200015e+00
   3.5878669e+01   5.2494553e+00   3.0923614e+00
   3.6085799e+01   5.2788797e+00   3.0640847e+00
   3.6294124e+01   5.3072045e+00   3.0352361e+00
   3.6503653e+01   5.3344144e+00   3.0058802e+00
   3.6714391e+01   5.3604983e+00   2.9760810e+00
   3.6926345e+01   5.3854497e+00   2.9459024e+00
   3.7139523e+01   5.4092660e+00   2.9154069e+00
   3.7353932e+01   5.4319487e+00   2.8846561e+00
   3.7569579e+01   5.4535031e+00   2.8537102e+00
   3.7786470e+01   5.4739381e+00   2.8226275e+00
   3.8004614e+01   5.4932658e+00   2.7914649e+00
   3.8224017e+01   5.5115017e+00   2.7602769e+00
   3.8444686e+01   5.5286641e+00   2.7291159e+00
   3.8666630e+01   5.5447741e+00   2.6980322e+00
   3.8889855e+01   5.5598552e+00   2.6670735e+00
   3.9114369e+01   5.5739332e+00   2.6362849e+00
   3.9340178e+01   5.5870359e+00   2.6057091e+00
   3.9567292e+01   5.5991930e+00   2.5753860e+00
   3.9795716e+01   5.6104355e+00   2.5453528e+00
   4.0025459e+01   5.6207960e+00   2.5156441e+00
   4.0256529e+01   5.6303081e+00   2.4862917e+00
   4.0488932e+01   5.6390065e+00   2.4573245e+00
   4.0722677e+01   5.6469264e+00   2.4287691e+00
   4.0957772e+01   5.6541036e+00   2.4006490e+00
   4.1194224e+01   5.6605744e+00   2.3729854e+00
   4.1432041e+01   5.6663749e+00   2.3457967e+00
   4.1671230e+01   5.6715417e+00   2.3190991e+00
   4.1911801e+01   5.6761108e+00   2.2929059e+00
   4.2153760e+01   5.6801181e+00   2.2672287e+00
   4.2397117e+01   5.6835991e+00   2.2420763e+00
   4.2641878e+01   5.6865887e+00   2.2174557e+00
   4.2888052e+01   5.6891211e+00   2.1933717e+00
   4.3135648e+01   5.6912298e+00   2.1698272e+00
   4.3384673e+01   5.6929473e+00   2.1468234e+00
   4.3635135e+01   5.6943053e+00   2.1243596e+00
   4.3887043e+01   5.6953344e+00   2.1024335e+00
   4.4140406e+01   5.6960641e+00   2.0810416e+00
   4.4395231e+01   5.6965230e+00   2.0601787e+00
   4.4651528e+01   5.6967381e+00   2.0398386e+00
   4.4909304e+01   5.6967356e+00   2.0200137e+00
   4.5168568e+01   5.6965404e+00   2.0006956e+00
   4.5429329e+01   5.6961759e+00   1.9818749e+00
   4.5691596e+01   5.6956645e+00   1.9635413e+00
   4.5955376e+01   5.6950273e+00   1.9456840e+00
   4.6220679e+01   5.6942841e+00   1.9282913e+00
   4.6487514e+01   5.6934536e+00   1.9113511e+00
   4.6755890e+01   5.6925530e+00   1.8948510e+00
   4.7025814e+01   5.6915986e+00   1.8787780e+00
   4.7297297e+01   5.6906054e+00   1.8631190e+00
   4.7570347e+01   5.6895873e+00   1.8478606e+00
   4.7844974e+01   5.6885569e+00   1.8329893e+00
   4.8121186e+01   5.6875261e+00   1.8184916e+00
   4.8398993e+01   5.6865054e+00   1.8043539e+00
   4.8678403e+01   5.6855045e+00   1.7905627e+00
   4.8959427e+01   5.6845322e+00   1.7771046e+00
   4.9242073e+01   5.6835961e+00   1.7639663e+00
   4.9526350e+01   5.6827034e+00   1.7511348e+00
   4.9812269e+01   5.6818601e+00   1.7385973e+00
   5.0099838e+01   5.6810715e+00   1.7263410e+00
   5.0389068e+01   5.6803424e+00   1.7143538e+00
   5.0679967e+01   5.6796767e+00   1.7026236e+00
   5.0972546e+01   5.6790776e+00   1.6911387e+00
   5.1266813e+01   5.6785480e+00   1.6798879e+00
   5.1562780e+01   5.6780900e+00   1.6688601e+00
   5.1860455e+01   5.6777052e+00   1.6580448e+00
   5.2159849e+01   5.6773949e+00   1.6474317e+00
   5.2460971e+01   5.6771599e+00   1.6370110e+00
   5.2763831e+01   5.6770005e+00   1.6267733e+00
   5.3068440e+01   5.6769167e+00   1.6167095e+00
   5.3374808e+01   5.6769083e+00   1.6068109e+00
   5.3682944e+01   5.6769746e+00   1.5970692e+00
   5.3992859e+01   5.6771148e+00   1.5874766e+00
   5.4304563e+01   5.6773277e+00   1.5780255e+00
   5.4618067e+01   5.6776122e+00   1.5687088e+00
   5.4933380e+01   5.6779666e+00   1.5595196e+00
   5.5250514e+01   5.6783894e+00   1.5504514e+00
   5.5569479e+01   5.6788787e+00   1.5414982e+00
   5.5890285e+01   5.6794328e+00   1.5326542e+00
   5.6212943e+01   5.6800495e+00   1.5239139e+00
   5.6537464e+01   5.6807269e+00   1.5152722e+00
   5.6863858e+01   5.6814628e+00   1.5067242e+00
   5.7192137e+01   5.6822550e+00   1.4982653e+00
   5.7522311e+01   5.6831014e+00   1.4898912e+00
   5.7854391e+01   5.6839996e+00   1.4815979e+00
   5.8188388e+01   5.6849475e+00   1.4733816e+00
   5.8524313e+01   5.6859428e+00   1.4652388e+00
   5.8862177e+01   5.6869832e+00   1.4571661e+00
   5.9201993e+01   5.6880667e+00   1.4491605e+00
   5.9543769e+01   5.6891908e+00   1.4412190e+00
   5.9887519e+01   5.6903536e+00   1.4333389e+00
   6.0233254e+01   5.6915527e+00   1.4255178e+00
   6.0580984e+01   5.6927863e+00   1.4177532e+00
   6.0930722e+01   5.6940521e+00   1.4100431e+00
   6.1282479e+01   5.6953483e+00   1.4023853e+00
   6.1636266e+01   5.6966728e+00   1.3947780e+00
   6.1992096e+01   5.6980237e+00   1.3872195e+00
   6.2349981e+01   5.6993992e+00   1.3797081e+00
   6.2709931e+01   5.7007975e+00   1.3722424e+00
   6.3071959e+01   5.7022169e+00   1.3648209e+00
   6.3436078e+01   5.7036556e+00   1.3574425e+00
   6.3802298e+01   5.7051121e+00   1.3501058e+00
   6.4170633e+01   5.7065848e+00   1.3428100e+00
   6.4541094e+01   5.7080722e+00   1.3355538e+00
   6.4913694e+01   5.7095728e+00   1.3283365e+00
   6.5288445e+01   5.7110852e+00   1.3211572e+00
   6.5665359e+01   5.7126082e+00   1.3140151e+00
   6.6044449e+01   5.7141404e+00   1.3069095e+00
   6.6425728e+01   5.7156806e+00   1.2998398e+00
   6.6809208e+01   5.7172276e+00   1.2928053e+00
   6.7194902e+01   5.7187803e+00   1.2858056e+00
   6.7582822e+01   5.7203376e+00   1.2788400e+00
   6.7972982e+01   5.7218986e+00   1.2719082e+00
   6.8365394e+01   5.7234622e+00   1.2650098e+00
   6.8760072e+01   5.7250275e+00   1.2581443e+00
   6.9157028e+01   5.7265937e+00   1.2513115e+00
   6.9556276e+01   5.7281599e+00   1.2445109e+00
   6.9957829e+01   5.7297252e+00   1.2377424e+00
   7.0361700e+01   5.7312891e+00   1.2310056e+00
   7.0767902e+01   5.7328506e+00   1.2243004e+00
   7.1176450e+01   5.7344093e+00   1.2176264e+00
   7.1587356e+01   5.7359643e+00   1.2109836e+00
   7.2000635e+01   5.7375152e+00   1.2043717e+00
   7.2416299e+01   5.7390614e+00   1.1977905e+00
   7.2834363e+01   5.7406023e+00   1.1912400e+00
   7.3254840e+01   5.7421374e+00   1.1847200e+00
   7.3677745e+01   5.7436663e+00   1.1782303e+00
   7.4103091e+01   5.7451884e+00   1.1717709e+00
   7.4530893e+01   5.7467035e+00   1.1653415e+00
   7.4961164e+01   5.7482110e+00   1.1589423e+00
   7.5393920e+01   5.7497107e+00   1.1525730e+00
   7.5829174e+01   5.7512021e+00   1.1462335e+00
   7.6266940e+01   5.7526851e+00   1.1399239e+00
   7.6707234e+01   5.7541592e+00   1.1336439e+00
   7.7150070e+01   5.7556242e+00   1.1273936e+00
   7.7595462e+01   5.7570798e+00   1.1211729e+00
   7.8043426e+01   5.7585259e+00   1.1149818e+00
   7.8493975e+01   5.7599621e+00   1.1088200e+00
   7.8947126e+01   5.7613884e+00   1.1026877e+00
   7.9402893e+01   5.7628044e+00   1.0965848e+00
   7.9861290e+01   5.7642101e+00   1.0905111e+00
   8.0322335e+01   5.7656053e+00   1.0844667e+00
   8.0786041e+01   5.7669898e+00   1.0784514e+00
   8.1252424e+01   5.7683635e+00   1.0724654e+00
   8.1721499e+01   5.7697263e+00   1.0665083e+00
   8.2193282e+01   5.7710781e+00   1.0605804e+00
   8.2667789e+01   5.7724189e+00   1.0546814e+00
   8.3145036e+01   5.7737484e+00   1.0488113e+00
   8.3625037e+01   5.7750668e+00   1.0429701e+00
   8.4107810e+01   5.7763738e+00   1.0371577e+00
   8.4593369e+01   5.7776695e+00   1.0313741e+00
   8.5081732e+01   5.7789538e+00   1.0256192e+00
   8.5572914e+01   5.7802268e+00   1.0198929e+00
   8.6066932e+01   5.7814882e+00   1.0141952e+00
   8.6563802e+01   5.7827382e+00   1.0085261e+00
   8.7063540e+01   5.7839768e+00   1.0028854e+00
   8.7566164e+01   5.7852038e+00   9.9727312e-01
   8.8071689e+01   5.7864194e+00   9.9168917e-01
   8.8580132e+01   5.7876236e+00   9.8613350e-01
   8.9091511e+01   5.7888163e+00   9.8060603e-01
   8.9605842e+01   5.7899975e+00   9.7510669e-01
   9.0123142e+01   5.7911674e+00   9.6963542e-01
   9.0643428e+01   5.7923259e+00   9.6419214e-01
   9.1166719e+01   5.7934730e+00   9.5877678e-01
   9.1693030e+01   5.7946089e+00   9.5338927e-01
   9.2222380e+01   5.7957335e+00   9.4802953e-01
   9.2754785e+01   5.7968468e+00   9.4269748e-01
   9.3290264e+01   5.7979490e+00   9.3739305e-01
   9.3828835e+01   5.7990401e+00   9.3211615e-01
   9.4370515e+01   5.8001201e+00   9.2686670e-01
   9.4915322e+01   5.8011892e+00   9.2164462e-01
   9.5463274e+01   5.8022472e+00   9.1644983e-01
   9.6014389e+01   5.8032944e+00   9.1128224e-01
   9.6568686e+01   5.8043308e+00   9.0614176e-01
   9.7126183e+01   5.8053564e+00   9.0102831e-01
   9.7686899e+01   5.8063713e+00   8.9594180e-01
   9.8250852e+01   5.8073756e+00   8.9088213e-01
   9.8818060e+01   5.8083693e+00   8.8584922e-01
   9.9388543e+01   5.8093526e+00   8.8084297e-01
   9.9962319e+01   5.8103255e+00   8.7586330e-01
   1.0053941e+02   5.8112880e+00   8.7091010e-01
   1.0111983e+02   5.8122403e+00   8.6598328e-01
   1.0170360e+02   5.8131824e+00   8.6108275e-01
   1.0229074e+02   5.8141145e+00   8.5620841e-01
   1.0288127e+02   5.8150365e+00   8.5136016e-01
   1.0347521e+02   5.8159486e+00   8.4653791e-01
   1.0407258e+02   5.8168508e+00   8.4174155e-01
   1.0467340e+02   5.8177433e+00   8.3697098e-01
   1.0527768e+02   5.8186261e+00   8.3222611e-01
   1.0588546e+02   5.8194993e+00   8.2750683e-01
   1.0649674e+02   5.8203629e+00   8.2281304e-01
   1.0711155e+02   5.8212171e+00   8.1814463e-01
   1.0772992e+02   5.8220620e+00   8.1350152e-01
   1.0835185e+02   5.8228976e+00   8.0888358e-01
   1.0897737e+02   5.8237240e+00   8.0429072e-01
   1.0960650e+02   5.8245413e+00   7.9972283e-01
   1.1023927e+02   5.8253496e+00   7.9517981e-01
   1.1087569e+02   5.8261489e+00   7.9066155e-01
   1.1151578e+02   5.8269394e+00   7.8616795e-01
   1.1215957e+02   5.8277211e+00   7.8169889e-01
   1.1280707e+02   5.8284941e+00   7.7725428e-01
   1.1345831e+02   5.8292585e+00   7.7283401e-01
   1.1411332e+02   5.8300144e+00   7.6843796e-01
   1.1477210e+02   5.8307619e+00   7.6406603e-01
   1.1543469e+02   5.8315010e+00   7.5971812e-01
   1.1610110e+02   5.8322319e+00   7.5539411e-01
   1.1677136e+02   5.8329545e+00   7.5109390e-01
   1.1744548e+02   5.8336691e+00   7.4681738e-01
   1.1812350e+02   5.8343756e+00   7.4256444e-01
   1.1880544e+02   5.8350741e+00   7.3833498e-01
   1.1949131e+02   5.8357649e+00   7.3412887e-01
   1.2018114e+02   5.8364478e+00   7.2994602e-01
   1.2087495e+02   5.8371230e+00   7.2578632e-01
   1.2157277e+02   5.8377906e+00   7.2164965e-01
   1.2227462e+02   5.8384507e+00   7.1753591e-01
   1.2298052e+02   5.8391032e+00   7.1344498e-01
   1.2369049e+02   5.8397484e+00   7.0937677e-01
   1.2440457e+02   5.8403863e+00   7.0533116e-01
   1.2512276e+02   5.8410170e+00   7.0130804e-01
