   2.2000000e-01   1.0070000e+00   6.9700000e-01
   2.4000000e-01   9.9500000e-01   1.1450000e+00
   2.6000000e-01   1.0910000e+00   1.4330000e+00
   2.8000000e-01   1.1780000e+00   1.6510000e+00
   3.0000000e-01   1.2710000e+00   1.8450000e+00
   3.2000000e-01   1.3600000e+00   2.0090000e+00
   3.4000000e-01   1.4520000e+00   2.1740000e+00
   3.6000000e-01   1.5500000e+00   2.3080000e+00
   3.8000000e-01   1.6360000e+00   2.4520000e+00
   4.0000000e-01   1.7340000e+00   2.5790000e+00
   4.2000000e-01   1.8360000e+00   2.7080000e+00
   4.4000000e-01   1.9350000e+00   2.8170000e+00
   4.6000000e-01   2.0340000e+00   2.9260000e+00
   4.8000000e-01   2.1340000e+00   3.0330000e+00
   5.0000000e-01   2.2450000e+00   3.1380000e+00
   5.2000000e-01   2.3560000e+00   3.2280000e+00
   5.4000000e-01   2.4700000e+00   3.3190000e+00
   5.6000000e-01   2.5930000e+00   3.4010000e+00
   5.8000000e-01   2.7310000e+00   3.4660000e+00
   6.0000000e-01   2.8570000e+00   3.5030000e+00
   6.2000000e-01   2.9680000e+00   3.5370000e+00
   6.4000000e-01   3.0780000e+00   3.5660000e+00
   6.6000000e-01   3.1790000e+00   3.5860000e+00
   6.8000000e-01   3.2740000e+00   3.6030000e+00
   7.0000000e-01   3.3640000e+00   3.6160000e+00
   7.2000000e-01   3.4480000e+00   3.6230000e+00
   7.4000000e-01   3.5260000e+00   3.6280000e+00
   7.6000000e-01   3.5950000e+00   3.6300000e+00
   7.8000000e-01   3.6600000e+00   3.6310000e+00
   8.0000000e-01   3.7240000e+00   3.6270000e+00
   8.2000000e-01   3.7600000e+00   3.6190000e+00
   8.4000000e-01   3.8010000e+00   3.6270000e+00
   8.6000000e-01   3.8300000e+00   3.6300000e+00
   8.8000000e-01   3.8560000e+00   3.6530000e+00
   9.0000000e-01   3.8880000e+00   3.6850000e+00
   9.2000000e-01   3.9310000e+00   3.7140000e+00
   9.4000000e-01   3.9700000e+00   3.7360000e+00
   9.6000000e-01   4.0160000e+00   3.7610000e+00
   9.8000000e-01   4.0610000e+00   3.7900000e+00
   1.0000000e+00   4.0980000e+00   3.8040000e+00
   1.0200000e+00   4.1380000e+00   3.8310000e+00
   1.0400000e+00   4.1790000e+00   3.8520000e+00
   1.0600000e+00   4.2260000e+00   3.8800000e+00
   1.0800000e+00   4.2750000e+00   3.9000000e+00
   1.1000000e+00   4.3190000e+00   3.9110000e+00
   1.1200000e+00   4.3650000e+00   3.9210000e+00
   1.1400000e+00   4.4020000e+00   3.9310000e+00
   1.1600000e+00   4.4430000e+00   3.9340000e+00
   1.1800000e+00   4.4750000e+00   3.9400000e+00
   1.2000000e+00   4.5100000e+00   3.9360000e+00
   1.2200000e+00   4.5150000e+00   3.9420000e+00
   1.2400000e+00   4.5390000e+00   3.9590000e+00
   1.2600000e+00   4.5580000e+00   3.9800000e+00
   1.2800000e+00   4.5810000e+00   4.0000000e+00
   1.3000000e+00   4.6030000e+00   4.0090000e+00
   1.3200000e+00   4.6270000e+00   4.0230000e+00
   1.3400000e+00   4.6490000e+00   4.0490000e+00
   1.3600000e+00   4.6800000e+00   4.0650000e+00
   1.3800000e+00   4.6970000e+00   4.0740000e+00
   1.4000000e+00   4.7040000e+00   4.0910000e+00
   1.4200000e+00   4.7340000e+00   4.1130000e+00
   1.4400000e+00   4.7540000e+00   4.1280000e+00
   1.4600000e+00   4.7770000e+00   4.1500000e+00
   1.4800000e+00   4.8000000e+00   4.1660000e+00
   1.5000000e+00   4.8190000e+00   4.1820000e+00
   1.5200000e+00   4.8460000e+00   4.1920000e+00
   1.5400000e+00   4.8460000e+00   4.2030000e+00
   1.5600000e+00   4.8780000e+00   4.2290000e+00
   1.5800000e+00   4.8960000e+00   4.2380000e+00
   1.6000000e+00   4.9140000e+00   4.2530000e+00
   1.6200000e+00   4.9330000e+00   4.2780000e+00
   1.6400000e+00   4.9500000e+00   4.2820000e+00
   1.6600000e+00   4.9580000e+00   4.2920000e+00
   1.6800000e+00   4.9700000e+00   4.3110000e+00
   1.7000000e+00   4.9830000e+00   4.3280000e+00
   1.7200000e+00   4.9970000e+00   4.3320000e+00
   1.7400000e+00   5.0030000e+00   4.3570000e+00
   1.7600000e+00   5.0160000e+00   4.3710000e+00
   1.7800000e+00   5.0270000e+00   4.3870000e+00
   1.8000000e+00   5.0300000e+00   4.3930000e+00
   1.8200000e+00   5.0250000e+00   4.4330000e+00
   1.8400000e+00   5.0470000e+00   4.4620000e+00
   1.8600000e+00   5.0550000e+00   4.4660000e+00
   1.8800000e+00   5.0500000e+00   4.5210000e+00
   1.9000000e+00   5.0970000e+00   4.5590000e+00
   1.9200000e+00   5.1260000e+00   4.5720000e+00
   1.9400000e+00   5.1620000e+00   4.5650000e+00
   1.9600000e+00   5.1740000e+00   4.5730000e+00
   1.9800000e+00   5.1940000e+00   4.5730000e+00
   2.0000000e+00   5.1830000e+00   4.5860000e+00
   2.0200000e+00   5.2090000e+00   4.5840000e+00
   2.0400000e+00   5.2070000e+00   4.5970000e+00
   2.0600000e+00   5.2120000e+00   4.6060000e+00
   2.0800000e+00   5.2100000e+00   4.6180000e+00
   2.1000000e+00   5.2170000e+00   4.6370000e+00
   2.1200000e+00   5.2230000e+00   4.6550000e+00
   2.1400000e+00   5.2410000e+00   4.6670000e+00
   2.1600000e+00   5.2400000e+00   4.6660000e+00
   2.1800000e+00   5.2360000e+00   4.6790000e+00
   2.2000000e+00   5.2410000e+00   4.6930000e+00
   2.2200000e+00   5.2390000e+00   4.7020000e+00
   2.2400000e+00   5.2390000e+00   4.7070000e+00
   2.2600000e+00   5.2310000e+00   4.7240000e+00
   2.2800000e+00   5.2240000e+00   4.7390000e+00
   2.3000000e+00   5.2210000e+00   4.7620000e+00
   2.3200000e+00   5.2120000e+00   4.7780000e+00
   2.3400000e+00   5.2050000e+00   4.7960000e+00
   2.3600000e+00   5.2120000e+00   4.8200000e+00
   2.3800000e+00   5.2040000e+00   4.8300000e+00
   2.4000000e+00   5.2000000e+00   4.8530000e+00
   2.4200000e+00   5.1960000e+00   4.8800000e+00
   2.4400000e+00   5.2030000e+00   4.8960000e+00
   2.4600000e+00   5.1950000e+00   4.9120000e+00
   2.4800000e+00   5.2090000e+00   4.9370000e+00
   2.5000000e+00   5.2070000e+00   4.9150000e+00
   2.5126000e+00   5.1890000e+00   4.9240000e+00
   2.5253000e+00   5.1760000e+00   4.9360000e+00
   2.5381000e+00   5.1650000e+00   4.9480000e+00
   2.5510000e+00   5.1530000e+00   4.9620000e+00
   2.5641000e+00   5.1420000e+00   4.9770000e+00
   2.5773000e+00   5.1310000e+00   4.9920000e+00
   2.5907000e+00   5.1200000e+00   5.0090000e+00
   2.6042000e+00   5.1100000e+00   5.0280000e+00
   2.6178000e+00   5.1010000e+00   5.0470000e+00
   2.6316000e+00   5.0920000e+00   5.0690000e+00
   2.6455000e+00   5.0870000e+00   5.0890000e+00
   2.6596000e+00   5.0800000e+00   5.1090000e+00
   2.6738000e+00   5.0750000e+00   5.1290000e+00
   2.6882000e+00   5.0700000e+00   5.1490000e+00
   2.7027000e+00   5.0640000e+00   5.1680000e+00
   2.7322000e+00   5.0520000e+00   5.2060000e+00
   2.7174000e+00   5.0580000e+00   5.1880000e+00
   2.7473000e+00   5.0450000e+00   5.2270000e+00
   2.7624000e+00   5.0380000e+00   5.2460000e+00
   2.7778000e+00   5.0300000e+00   5.2640000e+00
   2.7933000e+00   5.0220000e+00   5.2860000e+00
   2.8090000e+00   5.0130000e+00   5.3080000e+00
   2.8249000e+00   5.0020000e+00   5.3280000e+00
   2.8409000e+00   4.9930000e+00   5.3530000e+00
   2.8571000e+00   4.9830000e+00   5.3770000e+00
   2.8736000e+00   4.9740000e+00   5.4000000e+00
   2.8902000e+00   4.9640000e+00   5.4270000e+00
   2.9070000e+00   4.9540000e+00   5.4510000e+00
   2.9240000e+00   4.9430000e+00   5.4780000e+00
   2.9412000e+00   4.9300000e+00   5.5060000e+00
   2.9586000e+00   4.9210000e+00   5.5340000e+00
   2.9762000e+00   4.9090000e+00   5.5640000e+00
   2.9940000e+00   4.8980000e+00   5.5960000e+00
   3.0120000e+00   4.8880000e+00   5.6280000e+00
   3.0303000e+00   4.8800000e+00   5.6590000e+00
   3.0488000e+00   4.8690000e+00   5.6930000e+00
   3.0675000e+00   4.8600000e+00   5.7260000e+00
   3.0864000e+00   4.8500000e+00   5.7590000e+00
   3.1056000e+00   4.8390000e+00   5.7950000e+00
   3.1250000e+00   4.8310000e+00   5.8320000e+00
   3.1447000e+00   4.8210000e+00   5.8670000e+00
   3.1646000e+00   4.8110000e+00   5.9070000e+00
   3.1847000e+00   4.8020000e+00   5.9450000e+00
   3.2051000e+00   4.7930000e+00   5.9830000e+00
   3.2258000e+00   4.7840000e+00   6.0220000e+00
   3.2468000e+00   4.7740000e+00   6.0640000e+00
   3.2680000e+00   4.7660000e+00   6.1080000e+00
   3.2895000e+00   4.7580000e+00   6.1500000e+00
   3.3113000e+00   4.7490000e+00   6.1940000e+00
   3.3333000e+00   4.7440000e+00   6.2420000e+00
   3.3557000e+00   4.7390000e+00   6.2860000e+00
   3.3764000e+00   4.7330000e+00   6.3320000e+00
   3.4014000e+00   4.7280000e+00   6.3770000e+00
   3.4247000e+00   4.7200000e+00   6.4230000e+00
   3.4483000e+00   4.7150000e+00   6.4730000e+00
   3.4722000e+00   4.7100000e+00   6.5180000e+00
   3.4965000e+00   4.7010000e+00   6.5680000e+00
   3.5211000e+00   4.6970000e+00   6.6190000e+00
   3.5461000e+00   4.6930000e+00   6.6700000e+00
   3.5714000e+00   4.6860000e+00   6.7210000e+00
   3.5971000e+00   4.6800000e+00   6.7740000e+00
   3.6232000e+00   4.6740000e+00   6.8270000e+00
   3.6496000e+00   4.6690000e+00   6.8830000e+00
   3.6765000e+00   4.6640000e+00   6.9380000e+00
   3.7037000e+00   4.6570000e+00   6.9960000e+00
   3.7313000e+00   4.6540000e+00   7.0560000e+00
   3.7594000e+00   4.6510000e+00   7.1150000e+00
   3.7879000e+00   4.6470000e+00   7.1740000e+00
   3.8168000e+00   4.6390000e+00   7.2360000e+00
   3.8462000e+00   4.6360000e+00   7.3010000e+00
   3.8760000e+00   4.6330000e+00   7.3660000e+00
   3.9063000e+00   4.6300000e+00   7.4330000e+00
   3.9370000e+00   4.6280000e+00   7.5020000e+00
   3.9683000e+00   4.6280000e+00   7.5730000e+00
   4.0000000e+00   4.6300000e+00   7.6420000e+00
   4.0323000e+00   4.6300000e+00   7.7110000e+00
   4.0650000e+00   4.6270000e+00   7.7840000e+00
   4.0984000e+00   4.6290000e+00   7.8600000e+00
   4.1322000e+00   4.6340000e+00   7.9360000e+00
   4.1667000e+00   4.6340000e+00   8.0120000e+00
   4.2017000e+00   4.6420000e+00   8.0900000e+00
   4.2373000e+00   4.6460000e+00   8.1660000e+00
   4.2735000e+00   4.6540000e+00   8.2450000e+00
   4.3103000e+00   4.6560000e+00   8.3240000e+00
   4.3478000e+00   4.6630000e+00   8.4080000e+00
   4.3860000e+00   4.6700000e+00   8.4910000e+00
   4.4248000e+00   4.6770000e+00   8.5730000e+00
   4.4643000e+00   4.6840000e+00   8.6600000e+00
   4.5045000e+00   4.6970000e+00   8.7440000e+00
   4.5455000e+00   4.7050000e+00   8.8260000e+00
   4.5872000e+00   4.7110000e+00   8.9120000e+00
   4.6296000e+00   4.7180000e+00   9.0000000e+00
   4.6729000e+00   4.7230000e+00   9.0930000e+00
   4.7170000e+00   4.7260000e+00   9.1870000e+00
   4.7619000e+00   4.7330000e+00   9.2850000e+00
   4.8077000e+00   4.7400000e+00   9.3860000e+00
   4.8544000e+00   4.7480000e+00   9.4900000e+00
   4.9020000e+00   4.7580000e+00   9.5990000e+00
   4.9505000e+00   4.7720000e+00   9.7080000e+00
   5.0000000e+00   4.7880000e+00   9.8190000e+00
   5.0505000e+00   4.8040000e+00   9.9320000e+00
   5.1020000e+00   4.8250000e+00   1.0039000e+01
   5.1546000e+00   4.8370000e+00   1.0152000e+01
   5.2083000e+00   4.8560000e+00   1.0277000e+01
   5.2632000e+00   4.8730000e+00   1.0388000e+01
   5.3191000e+00   4.8890000e+00   1.0514000e+01
   5.3763000e+00   4.9100000e+00   1.0641000e+01
   5.4348000e+00   4.9290000e+00   1.0779000e+01
   5.4945000e+00   4.9610000e+00   1.0917000e+01
   5.5556000e+00   5.0010000e+00   1.1042000e+01
   5.6180000e+00   5.0240000e+00   1.1177000e+01
   5.6818000e+00   5.0510000e+00   1.1320000e+01
   5.7471000e+00   5.0890000e+00   1.1453000e+01
   5.8140000e+00   5.1150000e+00   1.1595000e+01
   5.8824000e+00   5.1510000e+00   1.1746000e+01
   5.9524000e+00   5.1830000e+00   1.1902000e+01
   6.0241000e+00   5.2300000e+00   1.2057000e+01
   6.0976000e+00   5.2710000e+00   1.2212000e+01
   6.1728000e+00   5.3100000e+00   1.2376000e+01
   6.2500000e+00   5.3600000e+00   1.2543000e+01
   6.3291000e+00   5.4100000e+00   1.2714000e+01
   6.4103000e+00   5.4700000e+00   1.2889000e+01
   6.4935000e+00   5.5320000e+00   1.3060000e+01
   6.5789000e+00   5.5950000e+00   1.3237000e+01
   6.6667000e+00   5.6610000e+00   1.3416000e+01
   6.7568000e+00   5.7320000e+00   1.3596000e+01
   6.8493000e+00   5.8020000e+00   1.3787000e+01
   6.9444000e+00   5.8870000e+00   1.3963000e+01
   7.0423000e+00   5.9520000e+00   1.4150000e+01
   7.1429000e+00   6.0350000e+00   1.4344000e+01
   7.2464000e+00   6.1270000e+00   1.4539000e+01
   7.3529000e+00   6.2130000e+00   1.4727000e+01
   7.4627000e+00   6.3090000e+00   1.4911000e+01
   7.5758000e+00   6.3830000e+00   1.5092000e+01
   7.6923000e+00   6.4560000e+00   1.5310000e+01
   7.8125000e+00   6.5500000e+00   1.5527000e+01
   7.9365000e+00   6.6320000e+00   1.5735000e+01
   8.0645000e+00   6.7200000e+00   1.5970000e+01
   8.1967000e+00   6.8190000e+00   1.6197000e+01
   8.3333000e+00   6.9240000e+00   1.6439000e+01
   8.4746000e+00   7.0180000e+00   1.6674000e+01
   8.6207000e+00   7.1150000e+00   1.6929000e+01
   8.7719000e+00   7.2180000e+00   1.7195000e+01
   8.9286000e+00   7.3170000e+00   1.7476000e+01
   9.0909000e+00   7.4550000e+00   1.7774000e+01
   9.2593000e+00   7.5840000e+00   1.8059000e+01
   9.4340000e+00   7.7210000e+00   1.8366000e+01
   9.6154000e+00   7.8640000e+00   1.8676000e+01
   9.8039000e+00   8.0250000e+00   1.8992000e+01
   1.0000000e+01   8.2010000e+00   1.9327000e+01
   1.0204100e+01   8.3700000e+00   1.9660000e+01
   1.0416700e+01   8.5460000e+00   1.9986000e+01
   1.0638300e+01   8.7320000e+00   2.0344000e+01
   1.0869600e+01   8.9370000e+00   2.0716000e+01
   1.1111100e+01   9.1360000e+00   2.1086000e+01
   1.1363600e+01   9.3690000e+00   2.1473000e+01
   1.1627900e+01   9.5950000e+00   2.1856000e+01
   1.1904800e+01   9.8310000e+00   2.2265000e+01
   1.2195100e+01   1.0079000e+01   2.2688000e+01
   1.2500000e+01   1.0335000e+01   2.3123000e+01
   1.2820500e+01   1.0619000e+01   2.3577000e+01
   1.3157900e+01   1.0911000e+01   2.4042000e+01
   1.3513500e+01   1.1205000e+01   2.4500000e+01
   1.3888900e+01   1.1515000e+01   2.5016000e+01
   1.4285700e+01   1.1814000e+01   2.5545000e+01
   1.4705900e+01   1.2166000e+01   2.6097000e+01
   1.5151500e+01   1.2516000e+01   2.6686000e+01
   1.5625000e+01   1.2929000e+01   2.7320000e+01
   1.6129000e+01   1.3352000e+01   2.7954000e+01
   1.6666700e+01   1.3803000e+01   2.8636000e+01
   1.7241400e+01   1.4266000e+01   2.9301000e+01
   1.7857100e+01   1.4769000e+01   3.0059000e+01
   1.8518500e+01   1.5347000e+01   3.0829000e+01
   1.9230800e+01   1.5920000e+01   3.1621000e+01
   2.0000000e+01   1.6515000e+01   3.2549000e+01
   2.0833300e+01   1.7198000e+01   3.3469000e+01
   2.1739100e+01   1.8038000e+01   3.4513000e+01
   2.2727300e+01   1.8944000e+01   3.5431000e+01
   2.3809500e+01   2.0031000e+01   3.6348000e+01
   2.5000000e+01   2.0688000e+01   3.7284000e+01
   2.6315800e+01   2.1445000e+01   3.8482000e+01
   2.7777800e+01   2.2327000e+01   3.9897000e+01
   2.9411800e+01   2.3283000e+01   4.1521000e+01
   3.1250000e+01   2.4459000e+01   4.3439000e+01
   3.3333300e+01   2.5820000e+01   4.5534000e+01
   3.5714300e+01   2.7455000e+01   4.7998000e+01
   3.8461500e+01   2.9442000e+01   5.0816000e+01
   4.1666700e+01   3.1972000e+01   5.4228000e+01
   4.5454500e+01   3.5375000e+01   5.8200000e+01
   5.0000000e+01   3.9980000e+01   6.2499000e+01
   5.5555600e+01   4.6731000e+01   6.7736000e+01
