0.9	0.73991
0.92	0.74537
0.94	0.32958
0.96	0.47859
0.98	0.80082
1	0.97449
1.02	0.97945
1.04	0.9913
1.06	0.98503
1.08	0.95416
1.1	0.78418
1.12	0.21742
1.14	0.3369
1.16	0.59992
1.18	0.77601
1.2	0.80194
1.22	0.90571
1.24	0.98418
1.26	0.93731
1.28	0.9622
1.3	0.87044
1.32	0.69154
1.34	0.43526
1.36	7E-5
1.38	0.00109
1.4	0.00544
1.42	0.04441
1.44	0.11075
1.46	0.31971
1.48	0.29462
1.5	0.66108
1.52	0.88764
1.54	0.96164
1.56	0.9879
1.58	0.96143
1.6	0.96048
1.62	0.99164
1.64	0.98176
1.66	0.98007
1.68	0.97946
1.7	0.95656
1.72	0.90582
1.74	0.84672
1.76	0.80377
1.78	0.55912
1.8	0.22947
1.82	0.02087
1.84	1.9E-4
1.86	3.4E-4
1.88	0.00146
1.9	0.00265
1.92	0.00565
1.94	0.05735
1.96	0.15282
1.98	0.62728
2	0.41822
2.02	0.50932
2.04	0.87691
2.06	0.70509
2.08	0.88175
2.1	0.91677
2.12	0.92426
2.14	0.98023
2.16	0.92519
2.18	0.90158
2.2	0.89035
2.22	0.96225
2.24	0.96706
2.26	0.94718
2.28	0.93808
2.3	0.90903
2.32	0.84822
2.34	0.84354
2.36	0.83137
2.38	0.64341
2.4	0.69657
2.42	0.47345
2.44	0.60752
2.46	0.57127
2.48	0.21812
2.5	0.15684
2.52	0.01297
2.54	1.5E-4
2.56	0
2.58	0
2.6	0
2.62	0
2.64	0
2.66	0
2.68	0
2.7	0
2.72	0
2.74	0
2.76	0
2.78	0
2.8	0
2.82	1E-5
2.84	0.00359
2.86	0.00644
2.88	0.02204
2.9	0.07241
2.92	0.06609
2.94	0.09915
2.96	0.19322
2.98	0.09432
3	0.24629
3.02	0.13823
3.04	0.09231
3.06	0.14025
3.08	0.15913
3.1	0.08815
3.12	0.30337
3.14	0.26557
3.16	0.48678
3.18	0.55048
3.2	0.04735
3.22	0.03421
3.24	0.26465
3.26	0.20275
3.28	0.37159
3.3	0.07347
3.32	0.04471
3.34	0.39376
3.36	0.24422
3.38	0.43036
3.4	0.73895
3.42	0.77178
3.44	0.7764
3.46	0.79537
3.48	0.84388
3.5	0.84566
3.52	0.81346
3.54	0.67906
3.56	0.7992
3.58	0.75262
3.6	0.83081
3.62	0.88698
3.64	0.91401
3.66	0.88501
3.68	0.5361
3.7	0.92562
3.72	0.89706
3.74	0.79782
3.76	0.79624
3.78	0.86335
3.8	0.91715
3.82	0.92797
3.84	0.84077
3.86	0.82326
3.88	0.81609
3.9	0.87168
3.92	0.84677
3.94	0.90184
3.96	0.9297
3.98	0.91979
4	0.91159
4.02	0.87986
4.04	0.83318
4.06	0.83049
4.08	0.77939
4.1	0.75801
4.12	0.74586
4.14	0.72859
4.16	0.65356
4.18	0.08772
4.2	1E-5
4.22	0
4.24	0
4.26	0
4.28	0
4.3	0
4.32	0
4.34	0
4.36	0
4.38	1E-5
4.4	0
4.42	1.2E-4
4.44	0.00547
4.46	0.02959
4.48	0.07008
4.5	0.30517
4.52	0.15535
4.54	0.25348
4.56	0.41825
4.58	0.47986
4.6	0.68391
4.62	0.69248
4.64	0.76119
4.66	0.60102
4.68	0.39306
4.7	0.71177
4.72	0.69107
4.74	0.70256
4.76	0.63368
4.78	0.41326
4.8	0.639
4.82	0.40843
4.84	0.17152
4.86	0.61525
4.88	0.67094
4.9	0.20893
4.92	0.72862
4.94	0.32425
4.96	0.05823
4.98	0.17633
5	0.27202
5.02	0.00948
5.04	0.45455
5.06	0.40272
5.08	0.03882
5.1	0.11442
5.12	0.21805
5.14	6.8E-4
5.16	0.09588
5.18	0.23961
5.2	7.7E-4
5.22	5.6E-4
5.24	1.9E-4
5.26	0.10024
5.28	2E-4
5.3	1.6E-4
5.32	0.06177
5.34	0.00104
5.36	0
5.38	0.00166
5.4	0.00143
5.42	0
5.44	0
5.46	0
5.48	0
5.5	0.00136
5.52	1E-5
5.54	0
5.56	0
5.58	0
5.6	0
5.62	0
5.64	0
5.66	0
5.68	0
5.7	0
5.72	0
5.74	0
5.76	0
5.78	0
5.8	0
5.82	0
5.84	0
5.86	0
5.88	0
5.9	0
5.92	0
5.94	0
5.96	0
5.98	0
6	0
6.02	0
6.04	0
6.06	0
6.08	0
6.1	0
6.12	0
6.14	0
6.16	0
6.18	0
6.2	0
6.22	0
6.24	0
6.26	1E-5
6.28	0
6.3	1E-5
6.32	0
6.34	0
6.36	0
6.38	0
6.4	0
6.42	0
6.44	0
6.46	0
6.48	0
6.5	0
6.52	0
6.54	0
6.56	0
6.58	0
6.6	0
6.62	0
6.64	0
6.66	0
6.68	0
6.7	0
6.72	0
6.74	0
6.76	0
6.78	0
6.8	0
6.82	0
6.84	0
6.86	0
6.88	0
6.9	0
6.92	0
6.94	0
6.96	0
6.98	0
7	0
7.02	0
7.04	0
7.06	0
7.08	0
7.1	0
7.12	0
7.14	0
7.16	0
7.18	0
7.2	0
7.22	0
7.24	5E-4
7.26	0
7.28	0
7.3	0
7.32	9E-5
7.34	0
7.36	2E-5
7.38	6E-5
7.4	0.01174
7.42	0.00648
7.44	0.00897
7.46	2E-5
7.48	0
7.5	0.02153
7.52	0.03739
7.54	0.07005
7.56	0.01331
7.58	2E-5
7.6	3.6E-4
7.62	0.00214
7.64	0.0249
7.66	0.00436
7.68	0.09542
7.7	0.25308
7.72	0.13526
7.74	0.24542
7.76	0.03435
7.78	0.15762
7.8	0.22588
7.82	0.37896
7.84	0.27691
7.86	0.00676
7.88	0.00243
7.9	0.00954
7.92	0.19391
7.94	0.01561
7.96	0.46055
7.98	0.33677
8	0.55792
8.02	0.62288
8.04	0.0697
8.06	0.52985
8.08	0.53425
8.1	0.92806
8.12	0.9541
8.14	0.77532
8.16	0.06331
8.18	0.54551
8.2	0.54543
8.22	0.82344
8.24	0.55409
8.26	0.42011
8.28	0.8783
8.3	0.91222
8.32	0.91988
8.34	0.52996
8.36	0.81192
8.38	0.79126
8.4	0.79596
8.42	0.31248
8.44	0.82481
8.46	0.91607
8.48	0.84629
8.5	0.7065
8.52	0.23343
8.54	0.86089
8.56	0.95244
8.58	0.19798
8.6	0.91309
8.62	0.93802
8.64	0.95514
8.66	0.87575
8.68	0.3949
8.7	0.47057
8.72	0.93329
8.74	0.95027
8.76	0.89584
8.78	0.92388
8.8	0.43985
8.82	0.84918
8.84	0.94938
8.86	0.97247
8.88	0.95934
8.9	0.94109
8.92	0.34975
8.94	0.93875
8.96	0.97649
8.98	0.96093
9	0.49796
9.02	0.94534
9.04	0.65025
9.06	0.96551
9.08	0.62777
9.1	0.88057
9.12	0.97189
9.14	0.96451
9.16	0.69815
9.18	0.95547
9.2	0.94336
9.22	0.92612
9.24	0.92378
9.26	0.924
9.28	0.91923
9.3	0.90089
9.32	0.79919
9.34	0.91714
9.36	0.88232
9.38	0.35635
9.4	0.70354
9.42	0.58009
9.44	0.49621
9.46	0.48742
9.48	0.42516
9.5	0.38985
9.52	0.37494
9.54	0.49149
9.56	0.65922
9.58	0.88879
9.6	0.50292
9.62	0.35924
9.64	0.47865
9.66	0.5033
9.68	0.57729
9.7	0.5314
9.72	0.50514
9.74	0.57725
9.76	0.57231
9.78	0.60704
9.8	0.59061
9.82	0.58905
9.84	0.6683
9.86	0.55257
9.88	0.69596
9.9	0.63432
9.92	0.78266
9.94	0.82637
9.96	0.78823
9.98	0.84923
10	0.81406
10.02	0.90031
10.04	0.92787
10.06	0.9328
10.08	0.9421
10.1	0.9472
10.12	0.97249
10.14	0.97019
10.16	0.91466
10.18	0.94885
10.2	0.97507
10.22	0.9422
10.24	0.90546
10.26	0.94915
10.28	0.95716
10.3	0.88609
10.32	0.95186
10.34	0.90685
10.36	0.97488
10.38	0.9768
10.4	0.97294
10.42	0.90464
10.44	0.97462
10.46	0.89021
10.48	0.9282
10.5	0.97596
10.52	0.99025
10.54	0.81757
10.56	0.94457
10.58	0.92467
10.6	0.9921
10.62	0.97968
10.64	0.99617
10.66	0.98961
10.68	0.97926
10.7	0.97316
10.72	0.97571
10.74	0.97867
10.76	0.95773
10.78	0.99669
10.8	0.96433
10.82	0.98136
10.84	0.75832
10.86	0.98318
10.88	0.98526
10.9	0.99486
10.92	0.99636
10.94	0.88589
10.96	0.99189
10.98	0.96321
11	0.46976
11.02	0.97994
11.04	0.92818
11.06	0.9957
11.08	0.98779
11.1	0.9976
11.12	0.99753
11.14	0.94325
11.16	0.98191
11.18	0.99809
11.2	0.99666
11.22	0.84968
11.24	0.95929
11.26	0.94563
11.28	0.93184
11.3	0.98366
11.32	0.77279
11.34	0.98616
11.36	0.99686
11.38	0.61186
11.4	0.98667
11.42	0.98402
11.44	0.99484
11.46	0.98646
11.48	0.55883
11.5	0.99123
11.52	0.9949
11.54	0.98668
11.56	0.6553
11.58	0.99405
11.6	0.99637
11.62	0.99587
11.64	0.99002
11.66	0.9929
11.68	0.98049
11.7	0.42501
11.72	0.61493
11.74	0.83533
11.76	0.9436
11.78	0.92042
11.8	0.99085
11.82	0.98146
11.84	0.99548
11.86	0.99291
11.88	0.77287
11.9	0.63266
11.92	0.96643
11.94	0.99411
11.96	0.98298
11.98	0.9906
12	0.9969
12.02	0.99656
12.04	0.9882
12.06	0.9865
12.08	0.52689
12.1	0.95668
12.12	0.5769
12.14	0.99011
12.16	0.98304
12.18	0.99399
12.2	0.99467
12.22	0.99
12.24	0.96771
12.26	0.92874
12.28	0.45658
12.3	0.93464
12.32	0.98434
12.34	0.98226
12.36	0.911
12.38	0.67125
12.4	0.85155
12.42	0.97333
12.44	0.59517
12.46	0.77495
12.48	0.89191
12.5	0.82715
12.52	0.03942
12.54	0.3786
12.56	0.21425
12.58	0.79663
12.6	0.36957
12.62	0.71314
12.64	0.8534
12.66	0.95588
12.68	0.96424
12.7	0.946
12.72	0.91377
12.74	0.41098
12.76	0.67269
12.78	0.93054
12.8	0.9502
12.82	0.90254
12.84	0.75672
12.86	0.75189
12.88	0.6689
12.9	0.55773
12.92	0.89324
12.94	0.89447
12.96	0.9107
12.98	0.62122
13	0.52985
13.02	0.85021
13.04	0.91568
13.06	0.96469
13.08	0.78136
13.1	0.67239
13.12	0.886
13.14	0.90003
13.16	0.85732
13.18	0.48807
13.2	0.4964
13.22	0.76549
13.24	0.59843
13.26	0.07532
13.28	0.30494
13.3	0.59213
13.32	0.69597
13.34	0.24323
13.36	0.07369
13.38	0.61854
13.4	0.57448
13.42	0.03896
13.44	0.01765
13.46	0.35723
13.48	0.04607
13.5	5.5E-4
13.52	0.14487
13.54	0.31182
13.56	0.17977
13.58	0.06634
13.6	0.28686
13.62	0.33081
13.64	0.03686
13.66	0.14503
13.68	0.0091
13.7	0.04091
13.72	0.02076
13.74	0.36761
13.76	0.11221
13.78	0.14606
13.8	0.37137
13.82	0.18229
13.84	0.12414
13.86	0.01024
13.88	0
13.9	0
13.92	1.5E-4
13.94	0.1056
13.96	0.04823
13.98	0.01339
14	0.08384
14.02	1E-4
14.04	0.00701
14.06	0.00558
14.08	0.00434
14.1	0.00329
14.12	2.3E-4
14.14	5E-5
14.16	4.2E-4
14.18	0
14.2	8E-5
14.22	0
14.24	0
14.26	0
14.28	0
14.3	0
14.32	0
14.34	0
14.36	0
14.38	0
14.4	0
14.42	0
14.44	0
14.46	0
14.48	0
14.5	0
14.52	0
14.54	0
14.56	0
14.58	0
14.6	0
14.62	0
14.64	0
14.66	0
14.68	0
14.7	0
14.72	0
14.74	0
14.76	0
14.78	0
14.8	0
14.82	0
14.84	0
14.86	0
14.88	0
14.9	0
14.92	0
14.94	0
14.96	0
14.98	0
15	0
15.02	0
15.04	0
15.06	0
15.08	0
15.1	0
15.12	0
15.14	0
15.16	0
15.18	0
15.2	0
15.22	0
15.24	0
15.26	0
15.28	0
15.3	0
15.32	0
15.34	0
15.36	0
15.38	0
15.4	0
15.42	0
15.44	0
15.46	0
15.48	0
15.5	0
15.52	0
15.54	0
15.56	0
15.58	0
15.6	0
15.62	0
15.64	0
15.66	0
15.68	0
15.7	0
15.72	0
15.74	0
15.76	0
15.78	0
15.8	0
15.82	0
15.84	6E-5
15.86	0
15.88	2.5E-4
15.9	9E-5
15.92	3.7E-4
15.94	6.7E-4
15.96	9E-5
15.98	0
16	0
16.02	3.3E-4
16.04	0.04232
16.06	4.3E-4
16.08	0.10601
16.1	0.00502
16.12	0.00488
16.14	0.00882
16.16	0.01009
16.18	3E-5
16.2	0
16.22	0
16.24	0
16.26	0.0022
16.28	0.00668
16.3	0.03045
16.32	9E-5
16.34	0.07759
16.36	0.06922
16.38	0.09326
16.4	0.06811
16.42	0.08991
16.44	0.15104
16.46	0.06007
16.48	0.2472
16.5	0.03507
16.52	0.25983
16.54	0.00454
16.56	0.13235
16.58	0.01148
16.6	0.27885
16.62	0.01917
16.64	0.047
16.66	9.1E-4
16.68	0.00412
16.7	0.09871
16.72	0.03205
16.74	0.01671
16.76	0.00312
16.78	0.06595
16.8	0.00122
16.82	0.00104
16.84	0.00992
16.86	0.00626
16.88	1E-5
16.9	0
16.92	2E-5
16.94	0.00768
16.96	0.04546
16.98	0.00471
17	0.33487
17.02	0.26819
17.04	0.18766
17.06	0.20943
17.08	0.0376
17.1	2E-4
17.12	0.01283
17.14	0.18623
17.16	0.05075
17.18	0.05436
17.2	1.3E-4
17.22	0
17.24	6.9E-4
17.26	0.02301
17.28	0.10308
17.3	0.08199
17.32	0.02177
17.34	1E-5
17.36	0
17.38	3.2E-4
17.4	0.00985
17.42	0.17745
17.44	0.2719
17.46	0.22421
17.48	0.12936
17.5	6.8E-4
17.52	0.00829
17.54	0.00166
17.56	0
17.58	0
17.6	2.4E-4
17.62	0
17.64	0
17.66	0.00953
17.68	0.10856
17.7	0.13731
17.72	0.04914
17.74	0.00392
17.76	0
17.78	0.14045
17.8	0.42066
17.82	0.52263
17.84	0.22133
17.86	0.23051
17.88	0.56553
17.9	0.392
17.92	0.37827
17.94	0.03471
17.96	0.22707
17.98	0.28362
18	0.14154
18.02	0.00131
18.04	7E-5
18.06	0.13943
18.08	0.29237
18.1	0.10199
18.12	0.26718
18.14	0.19433
18.16	0.00102
18.18	0
18.2	0.00436
18.22	0.03576
18.24	2.3E-4
18.26	0
18.28	3E-4
18.3	0
18.32	0
18.34	0
18.36	2.8E-4
18.38	0.03187
18.4	0.13998
18.42	0.22631
18.44	0.17984
18.46	0.07756
18.48	2.1E-4
18.5	0.03004
18.52	0.22404
18.54	0.17822
18.56	0.39353
18.58	0.20969
18.6	0.15726
18.62	0.00576
18.64	0
18.66	0
18.68	0.03994
18.7	0.09779
18.72	0.01277
18.74	0.3025
18.76	0.24622
18.78	0.08203
18.8	0.45338
18.82	0.46672
18.84	0.42952
18.86	0.36819
18.88	0.1817
18.9	0.15899
18.92	0.05477
18.94	0.02585
18.96	6.1E-4
18.98	0
19	0
19.02	0
19.04	0
19.06	4.3E-4
19.08	0.00148
19.1	0.03377
19.12	0.05695
19.14	0.07561
19.16	0.05442
19.18	0.02442
19.2	0.00264
19.22	1E-5
19.24	0
19.26	0
19.28	0
19.3	0
19.32	0
19.34	0
19.36	0
19.38	0
19.4	6.7E-4
19.42	1E-5
19.44	4.6E-4
19.46	0.03075
19.48	0.12236
19.5	0.08629
19.52	0.0567
19.54	0.00447
19.56	0.00433
19.58	1E-5
19.6	1.5E-4
19.62	0.01975
19.64	0.01789
19.66	0.0025
19.68	4E-5
19.7	0
19.72	0
19.74	0
19.76	0
19.78	1E-4
19.8	4.2E-4
19.82	0
19.84	0
19.86	0
19.88	0
19.9	0
19.92	0
19.94	0
19.96	0
19.98	9.7E-4
20	0.00985
20.02	0.02856
20.04	0.08069
20.06	0.15076
20.08	0.17174
20.1	0.26506
20.12	0.28794
20.14	0.27475
20.16	0.22143
20.18	0.24705
20.2	0.18327
20.22	0.05461
20.24	2.2E-4
20.26	0.01386
20.28	0.0012
20.3	0
20.32	0
20.34	0
20.36	7E-5
20.38	0.01249
20.4	0.04294
20.42	0.01066
20.44	0.06771
20.46	0.09471
20.48	0.13281
20.5	0.02412
20.52	0.0675
20.54	0.01565
20.56	2.9E-4
20.58	0
20.6	3E-5
20.62	0
20.64	0
20.66	0
20.68	0
20.7	0
20.72	8E-5
20.74	8.6E-4
20.76	0.00515
20.78	5E-5
20.8	9E-5
20.82	0.00479
20.84	0.07824
20.86	0.11257
20.88	0.05541
20.9	0.10306
20.92	0.09649
20.94	0.06949
20.96	0.03096
20.98	6.4E-4
21	1.6E-4
21.02	0.00387
21.04	0.002
21.06	1.4E-4
21.08	0
21.1	0
21.12	0
21.14	0
21.16	0
21.18	0
21.2	0
21.22	0
21.24	0
21.26	0
21.28	3E-5
21.3	8E-5
21.32	0
21.34	0
21.36	0
21.38	0
21.4	2E-5
21.42	0
21.44	0.00185
21.46	3.3E-4
21.48	0.01773
21.5	0.04238
21.52	0.03332
21.54	0.02692
21.56	0.00908
21.58	2.8E-4
21.6	0.007
21.62	0.00267
21.64	1.8E-4
21.66	0
21.68	0
21.7	0
21.72	0
21.74	0
21.76	0
21.78	0
21.8	0
21.82	0
21.84	0
21.86	0
21.88	0
21.9	0
21.92	0
21.94	0
21.96	0
21.98	0
22	0
22.02	0
22.04	0
22.06	0
22.08	0
22.1	0
22.12	0
22.14	0
22.16	1.8E-4
22.18	0.00207
22.2	2.9E-4
22.22	0.00477
22.24	7E-5
22.26	0.01963
22.28	0.01348
22.3	0.01214
22.32	0.00271
22.34	2E-5
22.36	0
22.38	0
22.4	0
22.42	0
22.44	1.3E-4
22.46	2.1E-4
22.48	1E-5
22.5	0
22.52	0
22.54	0
22.56	0
22.58	0
22.6	0
22.62	0
22.64	0
22.66	0
22.68	0
22.7	1E-5
22.72	1.6E-4
22.74	8.1E-4
22.76	0.00168
22.78	0.00456
22.8	0.0065
22.82	3.3E-4
22.84	0.00105
22.86	4.4E-4
22.88	1E-5
22.9	0
22.92	0
22.94	0
22.96	1E-5
22.98	0
23	0
23.02	0
23.04	0.00113
23.06	0.00436
23.08	0.00546
23.1	0.00183
23.12	2.9E-4
23.14	2E-5
23.16	0
23.18	0
23.2	0
23.22	0
23.24	0
23.26	1.4E-4
23.28	9.4E-4
23.3	8.1E-4
23.32	1E-5
23.34	0.0012
23.36	0.00169
23.38	7.4E-4
23.4	1.5E-4
23.42	0
23.44	0
23.46	0
23.48	0
23.5	0
23.52	0
23.54	0
23.56	0
23.58	0
23.6	0
23.62	0
23.64	0
23.66	0
23.68	0
23.7	0
23.72	0
23.74	0
23.76	0
23.78	0
23.8	0
23.82	0
23.84	0
23.86	0
23.88	0
23.9	0
23.92	0
23.94	0
23.96	0
23.98	0
24	0
24.02	0
24.04	0
24.06	0
24.08	0
24.1	0
24.12	0
24.14	1E-5
24.16	3E-5
24.18	9E-5
24.2	3.1E-4
24.22	6.1E-4
24.24	0.00107
24.26	0.00131
24.28	0.00182
24.3	0.00384
24.32	0.00491
24.34	0.00605
24.36	0.0071
24.38	0.00788
24.4	0.007
24.42	1E-5
24.44	0.00837
24.46	0.00969
24.48	0.00984
24.5	0.00961
24.52	0.00791
24.54	0.00281
24.56	0.0061
24.58	0.00498
24.6	0.00329
24.62	0.00134
24.64	6E-5
24.66	0
24.68	1E-5
24.7	1.9E-4
24.72	3.2E-4
24.74	2E-4
24.76	1.1E-4
24.78	4E-5
24.8	2E-5
24.82	0
24.84	0
24.86	0
24.88	0
24.9	0
24.92	0
24.94	0
24.96	0
24.98	0
25	0
25.02	0
25.04	0
25.06	0
25.08	0
25.1	0
25.12	0
25.14	0
25.16	0
25.18	0
25.2	0
25.22	0
25.24	0
25.26	0
25.28	0
25.3	0
25.32	0
25.34	0
25.36	0
25.38	0
25.4	0
25.42	0
25.44	0
25.46	0
25.48	0
25.5	0
25.52	0
25.54	0
25.56	0
25.58	0
25.6	0
25.62	0
25.64	0
25.66	0
25.68	0
25.7	0
25.72	0
25.74	0
25.76	0
25.78	0
25.8	0
25.82	0
25.84	0
25.86	0
25.88	0
25.9	0
25.92	0
25.94	0
25.96	0
25.98	0
26	0
26.02	0
26.04	0
26.06	0
26.08	0
26.1	0
26.12	0
26.14	0
26.16	0
26.18	0
26.2	0
26.22	0
26.24	0
26.26	0
26.28	0
26.3	0
26.32	0
26.34	0
26.36	0
26.38	0
26.4	0
26.42	0
26.44	0
26.46	0
26.48	0
26.5	0
26.52	0
26.54	0
26.56	0
26.58	0
26.6	0
26.62	0
26.64	0
26.66	0
26.68	0
26.7	0
26.72	0
26.74	0
26.76	0
26.78	0
26.8	0
26.82	0
26.84	0
26.86	0
26.88	0
26.9	0
26.92	0
26.94	0
26.96	0
26.98	0
27	0
27.02	0
27.04	0
27.06	0
27.08	0
27.1	0
27.12	0
27.14	0
27.16	0
27.18	0
27.2	0
27.22	0
27.24	0
27.26	0
27.28	0
27.3	0
27.32	0
27.34	0
27.36	0
27.38	0
27.4	0
27.42	0
27.44	0
27.46	0
27.48	0
27.5	0
27.52	0
27.54	0
27.56	0
27.58	0
27.6	0
27.62	0
27.64	0
27.66	0
27.68	0
27.7	0
27.72	0
27.74	0
27.76	0
27.78	0
27.8	0
27.82	0
27.84	0
27.86	0
27.88	0
27.9	0
27.92	0
27.94	0
27.96	0
27.98	0
28	0
28.02	0
28.04	0
28.06	0
28.08	0
28.1	0
28.12	0
28.14	0
28.16	0
28.18	0
28.2	0
28.22	0
28.24	0
28.26	0
28.28	0
28.3	0
28.32	0
28.34	0
28.36	0
28.38	0
28.4	0
28.42	0
28.44	0
28.46	0
28.48	0
28.5	0
28.52	0
28.54	0
28.56	0
28.58	0
28.6	0
28.62	0
28.64	0
28.66	0
28.68	0
28.7	0
28.72	0
28.74	0
28.76	0
28.78	0
28.8	0
28.82	0
28.84	0
28.86	0
28.88	0
28.9	0
28.92	0
28.94	0
28.96	0
28.98	0
29	0
29.02	0
29.04	0
29.06	0
29.08	0
29.1	0
29.12	0
29.14	0
29.16	0
29.18	0
29.2	0
29.22	0
29.24	0
29.26	0
29.28	0
29.3	0
29.32	0
29.34	0
29.36	0
29.38	0
29.4	0
29.42	0
29.44	0
29.46	0
29.48	0
29.5	0
29.52	0
29.54	0
29.56	0
29.58	0
29.6	0
29.62	0
29.64	0
29.66	0
29.68	0
29.7	0
29.72	0
29.74	0
29.76	0
29.78	0
29.8	0
29.82	0
29.84	0
29.86	0
29.88	0
29.9	0
29.92	0
29.94	0
29.96	0
29.98	0
30	0
30.02	0
30.04	0
30.06	0
30.08	0
30.1	0
30.12	0
30.14	0
30.16	0
30.18	0
30.2	0
30.22	0
30.24	0
30.26	0
30.28	0
30.3	0
30.32	0
30.34	0
30.36	0
30.38	0
30.4	0
30.42	0
30.44	0
30.46	0
30.48	0
30.5	0
30.52	0
30.54	0
30.56	0
30.58	0
30.6	0
30.62	0
30.64	0
30.66	0
30.68	0
30.7	0
30.72	0
30.74	0
30.76	0
30.78	0
30.8	0
30.82	0
30.84	0
30.86	0
30.88	0
30.9	0
30.92	0
30.94	0
30.96	0
30.98	0
31	0
31.02	0
31.04	0
31.06	0
31.08	0
31.1	0
31.12	0
31.14	0
31.16	0
31.18	0
31.2	0
31.22	0
31.24	0
31.26	0
31.28	0
31.3	0
31.32	0
31.34	0
31.36	0
31.38	0
31.4	0
31.42	0
31.44	0
31.46	0
31.48	0
31.5	0
31.52	0
31.54	0
31.56	0
31.58	0
31.6	0
31.62	0
31.64	0
31.66	0
31.68	0
31.7	0
31.72	0
31.74	0
31.76	0
31.78	0
31.8	0
31.82	0
31.84	0
31.86	0
31.88	0
31.9	0
31.92	0
31.94	0
31.96	0
31.98	0
32	0
32.02	0
32.04	0
32.06	0
32.08	0
32.1	0
32.12	0
32.14	0
32.16	0
32.18	0
32.2	0
32.22	0
32.24	0
32.26	0
32.28	0
32.3	0
32.32	0
32.34	0
32.36	0
32.38	0
32.4	0
32.42	0
32.44	0
32.46	0
32.48	0
32.5	0
32.52	0
32.54	0
32.56	0
32.58	0
32.6	0
32.62	0
32.64	0
32.66	0
32.68	0
32.7	0
32.72	0
32.74	0
32.76	0
32.78	0
32.8	0
32.82	0
32.84	0
32.86	0
32.88	0
32.9	0
32.92	0
32.94	0
32.96	0
32.98	0
33	0
33.02	0
33.04	0
33.06	0
33.08	0
33.1	0
33.12	0
33.14	0
33.16	0
33.18	0
33.2	0
33.22	0
33.24	0
33.26	0
33.28	0
33.3	0
33.32	0
33.34	0
33.36	0
33.38	0
33.4	0
33.42	0
33.44	0
33.46	0
33.48	0
33.5	0
33.52	0
33.54	0
33.56	0
33.58	0
33.6	0
33.62	0
33.64	0
33.66	0
33.68	0
33.7	0
33.72	0
33.74	0
33.76	0
33.78	0
33.8	0
33.82	0
33.84	0
33.86	0
33.88	0
33.9	0
33.92	0
33.94	0
33.96	0
33.98	0
34	0
34.02	0
34.04	0
34.06	0
34.08	0
34.1	0
34.12	0
34.14	0
34.16	0
34.18	0
34.2	0
34.22	0
34.24	0
34.26	0
34.28	0
34.3	0
34.32	0
34.34	0
34.36	0
34.38	0
34.4	0
34.42	0
34.44	0
34.46	0
34.48	0
34.5	0
34.52	0
34.54	0
34.56	0
34.58	0
34.6	0
34.62	0
34.64	0
34.66	0
34.68	0
34.7	0
34.72	0
34.74	0
34.76	0
34.78	0
34.8	0
34.82	0
34.84	0
34.86	0
34.88	0
34.9	0
34.92	0
34.94	0
34.96	0
34.98	0
35	0
35.02	0
35.04	0
35.06	0
35.08	0
35.1	0
35.12	0
35.14	0
35.16	0
35.18	0
35.2	0
35.22	0
35.24	0
35.26	0
35.28	0
35.3	0
35.32	0
35.34	0
35.36	0
35.38	0
35.4	0
35.42	0
35.44	0
35.46	0
35.48	0
35.5	0
35.52	0
35.54	0
35.56	0
35.58	0
35.6	0
35.62	0
35.64	0
35.66	0
35.68	0
35.7	0
35.72	0
35.74	0
35.76	0
35.78	0
35.8	0
35.82	0
35.84	0
35.86	0
35.88	0
35.9	0
35.92	0
35.94	0
35.96	0
35.98	0
36	0
36.02	0
36.04	0
36.06	0
36.08	0
36.1	0
36.12	0
36.14	0
36.16	0
36.18	0
36.2	0
36.22	0
36.24	0
36.26	0
36.28	0
36.3	0
36.32	0
36.34	0
36.36	0
36.38	0
36.4	0
36.42	0
36.44	0
36.46	0
36.48	0
36.5	0
36.52	0
36.54	0
36.56	0
36.58	0
36.6	0
36.62	0
36.64	0
36.66	0
36.68	0
36.7	0
36.72	0
36.74	0
36.76	0
36.78	0
36.8	0
36.82	0
36.84	0
36.86	0
36.88	0
36.9	0
36.92	0
36.94	0
36.96	0
36.98	0
37	0
37.02	0
37.04	0
37.06	0
37.08	0
37.1	0
37.12	0
37.14	0
37.16	0
37.18	0
37.2	0
37.22	0
37.24	0
37.26	0
37.28	0
37.3	0
37.32	0
37.34	0
37.36	0
37.38	0
37.4	0
37.42	0
37.44	0
37.46	0
37.48	0
37.5	0
37.52	0
37.54	0
37.56	0
37.58	0
37.6	0
37.62	0
37.64	0
37.66	0
37.68	0
37.7	0
37.72	0
37.74	0
37.76	0
37.78	0
37.8	0
37.82	0
37.84	0
37.86	0
37.88	0
37.9	0
37.92	0
37.94	0
37.96	0
37.98	0
38	0
38.02	0
38.04	0
38.06	0
38.08	0
38.1	0
38.12	0
38.14	0
38.16	0
38.18	0
38.2	0
38.22	0
38.24	0
38.26	0
38.28	0
38.3	0
38.32	0
38.34	0
38.36	0
38.38	0
38.4	0
38.42	0
38.44	0
38.46	0
38.48	0
38.5	0
38.52	0
38.54	0
38.56	0
38.58	0
38.6	0
38.62	0
38.64	0
38.66	0
38.68	0
38.7	0
38.72	0
38.74	0
38.76	0
38.78	0
38.8	0
38.82	0
38.84	0
38.86	0
38.88	0
38.9	0
38.92	0
38.94	0
38.96	0
38.98	0
39	0
39.02	0
39.04	0
39.06	0
39.08	0
39.1	0
39.12	0
39.14	0
39.16	0
39.18	0
39.2	0
39.22	0
39.24	0
39.26	0
39.28	0
39.3	0
39.32	0
39.34	0
39.36	0
39.38	0
39.4	0
39.42	0
39.44	0
39.46	0
39.48	0
39.5	0
39.52	0
39.54	0
39.56	0
39.58	0
39.6	0
39.62	0
39.64	0
39.66	0
39.68	0
39.7	0
39.72	0
39.74	0
39.76	0
39.78	0
39.8	0
39.82	0
39.84	0
39.86	0
39.88	0
39.9	0
39.92	0
39.94	0
39.96	0
39.98	0
40	0
40.02	0
40.04	0
40.06	0
40.08	0
40.1	0
40.12	0
40.14	0
40.16	0
40.18	0
40.2	0
40.22	0
40.24	0
40.26	0
40.28	0
40.3	0
40.32	0
40.34	0
40.36	0
40.38	0
40.4	0
40.42	0
40.44	0
40.46	0
40.48	0
40.5	0
40.52	0
40.54	0
40.56	0
40.58	0
40.6	0
40.62	0
40.64	0
40.66	0
40.68	0
40.7	0
40.72	0
40.74	0
40.76	0
40.78	0
40.8	0
40.82	0
40.84	0
40.86	0
40.88	0
40.9	0
40.92	0
40.94	0
40.96	0
40.98	0
41	0
41.02	0
41.04	0
41.06	0
41.08	0
41.1	0
41.12	0
41.14	0
41.16	0
41.18	0
41.2	0
41.22	0
41.24	0
41.26	0
41.28	0
41.3	0
41.32	0
41.34	0
41.36	0
41.38	0
41.4	0
41.42	0
41.44	0
41.46	0
41.48	0
41.5	0
41.52	0
41.54	0
41.56	0
41.58	0
41.6	0
41.62	0
41.64	0
41.66	0
41.68	0
41.7	0
41.72	0
41.74	0
41.76	0
41.78	0
41.8	0
41.82	0
41.84	0
41.86	0
41.88	0
41.9	0
41.92	0
41.94	0
41.96	0
41.98	0
42	0
42.02	0
42.04	0
42.06	0
42.08	0
42.1	0
42.12	0
42.14	0
42.16	0
42.18	0
42.2	0
42.22	0
42.24	0
42.26	0
42.28	0
42.3	0
42.32	0
42.34	0
42.36	0
42.38	0
42.4	0
42.42	0
42.44	0
42.46	0
42.48	0
42.5	0
42.52	0
42.54	0
42.56	0
42.58	0
42.6	0
42.62	0
42.64	0
42.66	0
42.68	0
42.7	0
42.72	0
42.74	0
42.76	0
42.78	0
42.8	0
42.82	0
42.84	0
42.86	0
42.88	0
42.9	0
42.92	0
42.94	0
42.96	0
42.98	0
43	0
43.02	0
43.04	0
43.06	0
43.08	0
43.1	0
43.12	0
43.14	0
43.16	0
43.18	0
43.2	0
43.22	0
43.24	0
43.26	0
43.28	0
43.3	0
43.32	0
43.34	0
43.36	0
43.38	0
43.4	0
43.42	0
43.44	0
43.46	0
43.48	0
43.5	0
43.52	0
43.54	0
43.56	0
43.58	0
43.6	0
43.62	0
43.64	0
43.66	0
43.68	0
43.7	0
43.72	0
43.74	0
43.76	0
43.78	0
43.8	0
43.82	0
43.84	0
43.86	0
43.88	0
43.9	0
43.92	0
43.94	0
43.96	0
43.98	0
44	0
44.02	0
44.04	0
44.06	0
44.08	0
44.1	0
44.12	0
44.14	0
44.16	0
44.18	0
44.2	0
44.22	0
44.24	0
44.26	0
44.28	0
44.3	0
44.32	0
44.34	0
44.36	0
44.38	0
44.4	0
44.42	0
44.44	0
44.46	0
44.48	0
44.5	0
44.52	0
44.54	0
44.56	0
44.58	0
44.6	0
44.62	0
44.64	0
44.66	0
44.68	0
44.7	0
44.72	0
44.74	0
44.76	0
44.78	0
44.8	0
44.82	0
44.84	0
44.86	0
44.88	0
44.9	0
44.92	0
44.94	0
44.96	0
44.98	0
45	0
45.02	0
45.04	0
45.06	0
45.08	0
45.1	0
45.12	0
45.14	0
45.16	0
45.18	0
45.2	0
45.22	0
45.24	0
45.26	0
45.28	0
45.3	0
45.32	0
45.34	0
45.36	0
45.38	0
45.4	0
45.42	0
45.44	0
45.46	0
45.48	0
45.5	0
45.52	0
45.54	0
45.56	0
45.58	0
45.6	0
45.62	0
45.64	0
45.66	0
45.68	0
45.7	0
45.72	0
45.74	0
45.76	0
45.78	0
45.8	0
45.82	0
45.84	0
45.86	0
45.88	0
45.9	0
45.92	0
45.94	0
45.96	0
45.98	0
46	0
46.02	0
46.04	0
46.06	0
46.08	0
46.1	0
46.12	0
46.14	0
46.16	0
46.18	0
46.2	0
46.22	0
46.24	0
46.26	0
46.28	0
46.3	0
46.32	0
46.34	0
46.36	0
46.38	0
46.4	0
46.42	0
46.44	0
46.46	0
46.48	0
46.5	0
46.52	0
46.54	0
46.56	0
46.58	0
46.6	0
46.62	0
46.64	0
46.66	0
46.68	0
46.7	0
46.72	0
46.74	0
46.76	0
46.78	0
46.8	0
46.82	0
46.84	0
46.86	0
46.88	0
46.9	0
46.92	0
46.94	0
46.96	0
46.98	0
47	0
47.02	0
47.04	0
47.06	0
47.08	0
47.1	0
47.12	0
47.14	0
47.16	0
47.18	0
47.2	0
47.22	0
47.24	0
47.26	0
47.28	0
47.3	0
47.32	0
47.34	0
47.36	0
47.38	0
47.4	0
47.42	0
47.44	0
47.46	0
47.48	0
47.5	0
47.52	0
47.54	0
47.56	0
47.58	0
47.6	0
47.62	0
47.64	0
47.66	0
47.68	0
47.7	0
47.72	0
47.74	0
47.76	0
47.78	0
47.8	0
47.82	0
47.84	0
47.86	0
47.88	0
47.9	0
47.92	0
47.94	0
47.96	0
47.98	0
48	0
48.02	0
48.04	0
48.06	0
48.08	0
48.1	0
48.12	0
48.14	0
48.16	0
48.18	0
48.2	0
48.22	0
48.24	0
48.26	0
48.28	0
48.3	0
48.32	0
48.34	0
48.36	0
48.38	0
48.4	0
48.42	0
48.44	0
48.46	0
48.48	0
48.5	0
48.52	0
48.54	0
48.56	0
48.58	0
48.6	0
48.62	0
48.64	0
48.66	0
48.68	0
48.7	0
48.72	0
48.74	0
48.76	0
48.78	0
48.8	0
48.82	0
48.84	0
48.86	0
48.88	0
48.9	0
48.92	0
48.94	0
48.96	0
48.98	0
49	0
49.02	0
49.04	0
49.06	0
49.08	0
49.1	0
49.12	0
49.14	0
49.16	0
49.18	0
49.2	0
49.22	0
49.24	0
49.26	0
49.28	0
49.3	0
49.32	0
49.34	0
49.36	0
49.38	0
49.4	0
49.42	0
49.44	0
49.46	0
49.48	0
49.5	0
49.52	0
49.54	0
49.56	0
49.58	0
49.6	0
49.62	0
49.64	0
49.66	0
49.68	0
49.7	0
49.72	0
49.74	0
49.76	0
49.78	0
49.8	0
49.82	0
49.84	0
49.86	0
49.88	0
49.9	0
49.92	0
49.94	0
49.96	0
49.98	0
50	0