   2.1300000e-01   2.0220000e+00   2.5800000e-01
   2.3300000e-01   1.9150000e+00   1.0000000e-01
   2.5300000e-01   1.8440000e+00   4.8000000e-02
   2.7300000e-01   1.8030000e+00   2.3000000e-02
   2.9300000e-01   1.7740000e+00   1.1000000e-02
   3.1300000e-01   1.7530000e+00   5.0000000e-03
   3.3300000e-01   1.7390000e+00   0.0000000e+00
   3.5300000e-01   1.7250000e+00   0.0000000e+00
   3.7300000e-01   1.7150000e+00   0.0000000e+00
   3.9300000e-01   1.7080000e+00   0.0000000e+00
   4.1300000e-01   1.7010000e+00   0.0000000e+00
   4.3300000e-01   1.6960000e+00   0.0000000e+00
   4.5300000e-01   1.6910000e+00   0.0000000e+00
   4.7300000e-01   1.6870000e+00   0.0000000e+00
   4.9300000e-01   1.6810000e+00   0.0000000e+00
   5.1300000e-01   1.6790000e+00   0.0000000e+00
   5.3300000e-01   1.6760000e+00   0.0000000e+00
   5.5300000e-01   1.6730000e+00   0.0000000e+00
   5.7300000e-01   1.6730000e+00   0.0000000e+00
   5.9300000e-01   1.6720000e+00   0.0000000e+00
   6.1300000e-01   1.6710000e+00   0.0000000e+00
   6.3300000e-01   1.6700000e+00   0.0000000e+00
   6.5300000e-01   1.6690000e+00   0.0000000e+00
   6.7300000e-01   1.6680000e+00   0.0000000e+00
   6.9300000e-01   1.6680000e+00   0.0000000e+00
   7.1300000e-01   1.6670000e+00   0.0000000e+00
   7.3300000e-01   1.6670000e+00   0.0000000e+00
   7.5300000e-01   1.6670000e+00   0.0000000e+00
   7.7300000e-01   1.6670000e+00   0.0000000e+00
   7.9300000e-01   1.6670000e+00   0.0000000e+00
   8.1300000e-01   1.6680000e+00   0.0000000e+00
   8.3300000e-01   1.6680000e+00   0.0000000e+00
   8.5300000e-01   1.6680000e+00   0.0000000e+00
   8.7300000e-01   1.6670000e+00   0.0000000e+00
   8.9300000e-01   1.6670000e+00   0.0000000e+00
   9.1300000e-01   1.6660000e+00   0.0000000e+00
   9.3300000e-01   1.6660000e+00   0.0000000e+00
   9.5300000e-01   1.6660000e+00   0.0000000e+00
   9.7300000e-01   1.6660000e+00   0.0000000e+00
   9.9300000e-01   1.6670000e+00   0.0000000e+00
   1.0130000e+00   1.6670000e+00   0.0000000e+00
   1.0330000e+00   1.6680000e+00   0.0000000e+00
   1.0530000e+00   1.6690000e+00   0.0000000e+00
   1.0730000e+00   1.6700000e+00   0.0000000e+00
   1.0930000e+00   1.6700000e+00   0.0000000e+00
   1.1130000e+00   1.6700000e+00   0.0000000e+00
   1.1330000e+00   1.6700000e+00   0.0000000e+00
   1.1530000e+00   1.6710000e+00   0.0000000e+00
   1.1730000e+00   1.6700000e+00   0.0000000e+00
   1.1930000e+00   1.6700000e+00   0.0000000e+00
   1.2130000e+00   1.6700000e+00   0.0000000e+00
   1.2330000e+00   1.6700000e+00   0.0000000e+00
   1.2530000e+00   1.6700000e+00   0.0000000e+00
   1.2730000e+00   1.6700000e+00   0.0000000e+00
   1.2930000e+00   1.6700000e+00   0.0000000e+00
   1.3130000e+00   1.6700000e+00   0.0000000e+00
   1.3330000e+00   1.6700000e+00   0.0000000e+00
   1.3530000e+00   1.6690000e+00   0.0000000e+00
   1.3730000e+00   1.6690000e+00   0.0000000e+00
   1.3930000e+00   1.6690000e+00   0.0000000e+00
   1.4130000e+00   1.6690000e+00   0.0000000e+00
   1.4330000e+00   1.6690000e+00   0.0000000e+00
   1.4530000e+00   1.6690000e+00   0.0000000e+00
   1.4730000e+00   1.6690000e+00   0.0000000e+00
   1.4930000e+00   1.6690000e+00   0.0000000e+00
   1.5130000e+00   1.6690000e+00   0.0000000e+00
   1.5330000e+00   1.6690000e+00   0.0000000e+00
   1.5530000e+00   1.6690000e+00   0.0000000e+00
   1.5730000e+00   1.6690000e+00   0.0000000e+00
   1.5930000e+00   1.6690000e+00   0.0000000e+00
   1.6130000e+00   1.6690000e+00   0.0000000e+00
   1.6330000e+00   1.6690000e+00   0.0000000e+00
   1.6530000e+00   1.6690000e+00   0.0000000e+00
   1.6730000e+00   1.6690000e+00   0.0000000e+00
   1.6930000e+00   1.6690000e+00   0.0000000e+00
   1.7130000e+00   1.6690000e+00   0.0000000e+00
   1.7330000e+00   1.6690000e+00   0.0000000e+00
   1.7530000e+00   1.6690000e+00   0.0000000e+00
   1.7730000e+00   1.6690000e+00   0.0000000e+00
   1.7930000e+00   1.6690000e+00   0.0000000e+00
   1.8130000e+00   1.6690000e+00   0.0000000e+00
   1.8330000e+00   1.6700000e+00   0.0000000e+00
   1.8530000e+00   1.6700000e+00   0.0000000e+00
   1.8730000e+00   1.6700000e+00   0.0000000e+00
   1.8930000e+00   1.6700000e+00   0.0000000e+00
   1.9130000e+00   1.6700000e+00   0.0000000e+00
   1.9330000e+00   1.6700000e+00   0.0000000e+00
   1.9530000e+00   1.6700000e+00   0.0000000e+00
   1.9730000e+00   1.6700000e+00   0.0000000e+00
   1.9930000e+00   1.6700000e+00   0.0000000e+00
   2.0130000e+00   1.6700000e+00   0.0000000e+00
   2.0330000e+00   1.6700000e+00   0.0000000e+00
   2.0730000e+00   1.6700000e+00   0.0000000e+00
   2.0530000e+00   1.6690000e+00   0.0000000e+00
   2.0930000e+00   1.6700000e+00   0.0000000e+00
   2.1130000e+00   1.6700000e+00   0.0000000e+00
   2.1330000e+00   1.6700000e+00   0.0000000e+00
   2.1530000e+00   1.6700000e+00   0.0000000e+00
   2.1730000e+00   1.6700000e+00   0.0000000e+00
   2.1930000e+00   1.6700000e+00   0.0000000e+00
   2.2130000e+00   1.6700000e+00   0.0000000e+00
   2.2330000e+00   1.6700000e+00   0.0000000e+00
   2.2530000e+00   1.6700000e+00   0.0000000e+00
   2.2730000e+00   1.6710000e+00   0.0000000e+00
   2.2930000e+00   1.6710000e+00   0.0000000e+00
   2.3130000e+00   1.6710000e+00   0.0000000e+00
   2.3330000e+00   1.6710000e+00   0.0000000e+00
   2.3530000e+00   1.6710000e+00   0.0000000e+00
   2.3730000e+00   1.6720000e+00   0.0000000e+00
   2.3930000e+00   1.6720000e+00   0.0000000e+00
   2.4130000e+00   1.6720000e+00   0.0000000e+00
   2.4330000e+00   1.6720000e+00   0.0000000e+00
   2.4530000e+00   1.6720000e+00   0.0000000e+00
   2.4730000e+00   1.6720000e+00   0.0000000e+00
   2.4930000e+00   1.6720000e+00   0.0000000e+00
   2.5082000e+00   1.6720000e+00   0.0000000e+00
   2.5208000e+00   1.6720000e+00   0.0000000e+00
   2.5336000e+00   1.6710000e+00   0.0000000e+00
   2.5465000e+00   1.6710000e+00   0.0000000e+00
   2.5595000e+00   1.6710000e+00   0.0000000e+00
   2.5727000e+00   1.6710000e+00   0.0000000e+00
   2.5860000e+00   1.6710000e+00   0.0000000e+00
   2.5994000e+00   1.6710000e+00   0.0000000e+00
   2.6130000e+00   1.6710000e+00   0.0000000e+00
   2.6267000e+00   1.6710000e+00   0.0000000e+00
   2.6406000e+00   1.6710000e+00   0.0000000e+00
   2.6546000e+00   1.6710000e+00   0.0000000e+00
   2.6688000e+00   1.6700000e+00   0.0000000e+00
   2.6831000e+00   1.6700000e+00   0.0000000e+00
   2.6976000e+00   1.6700000e+00   0.0000000e+00
   2.7122000e+00   1.6700000e+00   0.0000000e+00
   2.7270000e+00   1.6700000e+00   0.0000000e+00
   2.7420000e+00   1.6700000e+00   0.0000000e+00
   2.7571000e+00   1.6700000e+00   0.0000000e+00
   2.7724000e+00   1.6700000e+00   0.0000000e+00
   2.7878000e+00   1.6700000e+00   0.0000000e+00
   2.8035000e+00   1.6700000e+00   0.0000000e+00
   2.8193000e+00   1.6700000e+00   0.0000000e+00
   2.8353000e+00   1.6700000e+00   0.0000000e+00
   2.8514000e+00   1.6700000e+00   0.0000000e+00
   2.8678000e+00   1.6700000e+00   0.0000000e+00
   2.8843000e+00   1.6700000e+00   0.0000000e+00
   2.9011000e+00   1.6700000e+00   0.0000000e+00
   2.9180000e+00   1.6700000e+00   0.0000000e+00
   2.9351000e+00   1.6690000e+00   0.0000000e+00
   2.9525000e+00   1.6690000e+00   0.0000000e+00
   2.9700000e+00   1.6690000e+00   0.0000000e+00
   2.9878000e+00   1.6690000e+00   0.0000000e+00
   3.0057000e+00   1.6690000e+00   0.0000000e+00
   3.0239000e+00   1.6690000e+00   0.0000000e+00
   3.0423000e+00   1.6690000e+00   0.0000000e+00
   3.0609000e+00   1.6690000e+00   0.0000000e+00
   3.0798000e+00   1.6690000e+00   0.0000000e+00
   3.0989000e+00   1.6690000e+00   0.0000000e+00
   3.1182000e+00   1.6690000e+00   0.0000000e+00
   3.1377000e+00   1.6690000e+00   0.0000000e+00
   3.1576000e+00   1.6690000e+00   0.0000000e+00
   3.1776000e+00   1.6680000e+00   0.0000000e+00
   3.1980000e+00   1.6680000e+00   0.0000000e+00
   3.2185000e+00   1.6680000e+00   0.0000000e+00
   3.2394000e+00   1.6680000e+00   0.0000000e+00
   3.2605000e+00   1.6680000e+00   0.0000000e+00
   3.2819000e+00   1.6680000e+00   0.0000000e+00
   3.3036000e+00   1.6680000e+00   0.0000000e+00
   3.3256000e+00   1.6680000e+00   0.0000000e+00
   3.3478000e+00   1.6680000e+00   0.0000000e+00
   3.3704000e+00   1.6680000e+00   0.0000000e+00
   3.3933000e+00   1.6680000e+00   0.0000000e+00
   3.4165000e+00   1.6680000e+00   0.0000000e+00
   3.4400000e+00   1.6680000e+00   0.0000000e+00
   3.4638000e+00   1.6680000e+00   0.0000000e+00
   3.4880000e+00   1.6680000e+00   0.0000000e+00
   3.5125000e+00   1.6680000e+00   0.0000000e+00
   3.5373000e+00   1.6680000e+00   0.0000000e+00
   3.5625000e+00   1.6680000e+00   0.0000000e+00
   3.5881000e+00   1.6680000e+00   0.0000000e+00
   3.6140000e+00   1.6680000e+00   0.0000000e+00
   3.6403000e+00   1.6680000e+00   0.0000000e+00
   3.6670000e+00   1.6670000e+00   0.0000000e+00
   3.6941000e+00   1.6670000e+00   0.0000000e+00
   3.7216000e+00   1.6670000e+00   0.0000000e+00
   3.7495000e+00   1.6670000e+00   0.0000000e+00
   3.7779000e+00   1.6670000e+00   0.0000000e+00
   3.8066000e+00   1.6670000e+00   0.0000000e+00
   3.8358000e+00   1.6670000e+00   0.0000000e+00
   3.8655000e+00   1.6670000e+00   0.0000000e+00
   3.8956000e+00   1.6670000e+00   0.0000000e+00
   3.9262000e+00   1.6670000e+00   0.0000000e+00
   3.9573000e+00   1.6670000e+00   0.0000000e+00
   3.9888000e+00   1.6670000e+00   0.0000000e+00
   4.0209000e+00   1.6670000e+00   0.0000000e+00
   4.0535000e+00   1.6670000e+00   0.0000000e+00
   4.0866000e+00   1.6670000e+00   0.0000000e+00
   4.1203000e+00   1.6670000e+00   0.0000000e+00
   4.1545000e+00   1.6670000e+00   0.0000000e+00
   4.1894000e+00   1.6670000e+00   0.0000000e+00
   4.2248000e+00   1.6670000e+00   0.0000000e+00
   4.2608000e+00   1.6660000e+00   0.0000000e+00
   4.2974000e+00   1.6660000e+00   0.0000000e+00
   4.3346000e+00   1.6660000e+00   0.0000000e+00
   4.3725000e+00   1.6660000e+00   0.0000000e+00
   4.4111000e+00   1.6660000e+00   0.0000000e+00
   4.4504000e+00   1.6660000e+00   0.0000000e+00
   4.4903000e+00   1.6660000e+00   0.0000000e+00
   4.5310000e+00   1.6660000e+00   0.0000000e+00
   4.5725000e+00   1.6660000e+00   0.0000000e+00
   4.6147000e+00   1.6660000e+00   0.0000000e+00
   4.6577000e+00   1.6660000e+00   0.0000000e+00
   4.7015000e+00   1.6660000e+00   0.0000000e+00
   4.7461000e+00   1.6660000e+00   0.0000000e+00
   4.7916000e+00   1.6670000e+00   0.0000000e+00
   4.8379000e+00   1.6660000e+00   0.0000000e+00
   4.8852000e+00   1.6670000e+00   0.0000000e+00
   4.9334000e+00   1.6670000e+00   0.0000000e+00
   4.9826000e+00   1.6670000e+00   0.0000000e+00
   5.0327000e+00   1.6670000e+00   0.0000000e+00
   5.0839000e+00   1.6670000e+00   0.0000000e+00
   5.1361000e+00   1.6670000e+00   0.0000000e+00
   5.1894000e+00   1.6680000e+00   0.0000000e+00
   5.2438000e+00   1.6670000e+00   0.0000000e+00
   5.2994000e+00   1.6680000e+00   0.0000000e+00
   5.3562000e+00   1.6680000e+00   0.0000000e+00
   5.4142000e+00   1.6680000e+00   0.0000000e+00
   5.4735000e+00   1.6680000e+00   0.0000000e+00
   5.5340000e+00   1.6680000e+00   0.0000000e+00
   5.5980000e+00   1.6680000e+00   0.0000000e+00
   5.6593000e+00   1.6680000e+00   0.0000000e+00
   5.7241000e+00   1.6680000e+00   0.0000000e+00
   5.7904000e+00   1.6680000e+00   0.0000000e+00
   5.8582000e+00   1.6680000e+00   0.0000000e+00
   5.9777000e+00   1.6690000e+00   0.0000000e+00
   5.9968000e+00   1.6690000e+00   0.0000000e+00
   6.0710000e+00   1.6690000e+00   0.0000000e+00
   6.1463000e+00   1.6680000e+00   0.0000000e+00
   6.2228000e+00   1.6680000e+00   0.0000000e+00
   6.3012000e+00   1.6680000e+00   0.0000000e+00
   6.3816000e+00   1.6680000e+00   0.0000000e+00
   6.4641000e+00   1.6680000e+00   0.0000000e+00
   6.5488000e+00   1.6680000e+00   0.0000000e+00
   6.6357000e+00   1.6680000e+00   0.0000000e+00
   6.7249000e+00   1.6680000e+00   0.0000000e+00
   6.8166000e+00   1.6680000e+00   0.0000000e+00
   6.9109000e+00   1.6680000e+00   0.0000000e+00
   7.0077000e+00   1.6670000e+00   0.0000000e+00
   7.1073000e+00   1.6670000e+00   0.0000000e+00
   7.2098000e+00   1.6670000e+00   0.0000000e+00
   7.3153000e+00   1.6670000e+00   0.0000000e+00
   7.4239000e+00   1.6670000e+00   0.0000000e+00
   7.5358000e+00   1.6670000e+00   0.0000000e+00
   7.6511000e+00   1.6670000e+00   0.0000000e+00
   7.7700000e+00   1.6670000e+00   0.0000000e+00
   7.8927000e+00   1.6670000e+00   0.0000000e+00
   8.0192000e+00   1.6670000e+00   0.0000000e+00
   8.1500000e+00   1.6670000e+00   0.0000000e+00
   8.2850000e+00   1.6670000e+00   0.0000000e+00
   8.4246000e+00   1.6670000e+00   0.0000000e+00
   8.5690000e+00   1.6670000e+00   0.0000000e+00
   8.7184000e+00   1.6670000e+00   0.0000000e+00
   8.8731000e+00   1.6670000e+00   0.0000000e+00
   9.0334000e+00   1.6670000e+00   0.0000000e+00
   9.1996000e+00   1.6670000e+00   0.0000000e+00
   9.3721000e+00   1.6660000e+00   0.0000000e+00
   9.5511000e+00   1.6660000e+00   0.0000000e+00
   9.7371000e+00   1.6660000e+00   0.0000000e+00
   9.9305000e+00   1.6660000e+00   0.0000000e+00
   1.0131700e+01   1.6660000e+00   0.0000000e+00
   1.0341300e+01   1.6650000e+00   0.0000000e+00
   1.0559700e+01   1.6650000e+00   0.0000000e+00
   1.0787500e+01   1.6650000e+00   0.0000000e+00
   1.1025400e+01   1.6640000e+00   0.0000000e+00
   1.1274000e+01   1.6640000e+00   0.0000000e+00
   1.1534000e+01   1.6630000e+00   0.0000000e+00
   1.1806400e+01   1.6630000e+00   0.0000000e+00
   1.2091900e+01   1.6620000e+00   0.0000000e+00
   1.2391600e+01   1.6620000e+00   0.0000000e+00
   1.2706500e+01   1.6620000e+00   0.0000000e+00
   1.3037800e+01   1.6620000e+00   0.0000000e+00
   1.3386900e+01   1.6620000e+00   0.0000000e+00
   1.3755200e+01   1.6620000e+00   0.0000000e+00
   1.4144300e+01   1.6620000e+00   0.0000000e+00
   1.4556000e+01   1.6620000e+00   0.0000000e+00
   1.4992500e+01   1.6620000e+00   0.0000000e+00
   1.5456000e+01   1.6620000e+00   0.0000000e+00
   1.5949000e+01   1.6620000e+00   0.0000000e+00
   1.6474500e+01   1.6610000e+00   0.0000000e+00
   1.7035800e+01   1.6610000e+00   0.0000000e+00
   1.7636700e+01   1.6610000e+00   0.0000000e+00
   1.8281500e+01   1.6590000e+00   0.0000000e+00
   1.8975300e+01   1.6580000e+00   0.0000000e+00
   1.9723900e+01   1.6560000e+00   0.0000000e+00
   2.0533900e+01   1.6550000e+00   0.0000000e+00
   2.1413300e+01   1.6530000e+00   0.0000000e+00
   2.2371400e+01   1.6490000e+00   0.0000000e+00
   2.3419200e+01   1.6450000e+00   0.0000000e+00
   2.4570000e+01   1.6400000e+00   0.0000000e+00
   2.5839800e+01   1.6360000e+00   0.0000000e+00
   2.7248000e+01   1.6320000e+00   0.0000000e+00
   2.8818400e+01   1.6240000e+00   0.0000000e+00
   3.0581000e+01   1.6150000e+00   0.0000000e+00
   3.2573300e+01   1.6060000e+00   0.0000000e+00
   3.4843200e+01   1.5950000e+00   0.0000000e+00
   3.7453200e+01   1.5810000e+00   0.0000000e+00
   4.0485800e+01   1.5610000e+00   0.0000000e+00
   4.4052900e+01   1.5430000e+00   0.0000000e+00
   4.8309200e+01   1.5190000e+00   0.0000000e+00
   5.3475900e+01   1.4850000e+00   0.0000000e+00
   5.9880200e+01   1.4310000e+00   4.0000000e-03
   6.8027200e+01   1.3390000e+00   1.1000000e-02
   7.8740200e+01   1.1510000e+00   2.7000000e-02
   9.3457900e+01   5.1100000e-01   1.6500000e-01
   1.1494250e+02   3.3000000e-01   2.0140000e+00
   1.4925370e+02   4.1370000e+00   6.0200000e-01
