   2.4800000e-05   1.0000000e+00   4.4500000e-09
   4.1330000e-05   1.0000000e+00   3.0900000e-08
   8.2660000e-05   1.0000000e+00   4.0600000e-07
   1.3780000e-04   1.0010000e+00   3.6500000e-07
   1.3930000e-04   1.0010000e+00   3.5600000e-07
   1.5500000e-04   1.0010000e+00   5.3800000e-07
   3.1000000e-04   1.0000000e+00   6.6200000e-06
   6.1990000e-04   1.0000000e+00   9.4900000e-05
   8.2660000e-04   1.0000000e+00   2.7300000e-04
   1.0330000e-03   9.9900000e-01   6.2400000e-04
   1.1270000e-03   9.9900000e-01   8.2300000e-04
   1.2400000e-03   9.9900000e-01   8.5100000e-04
   1.3780000e-03   1.0000000e+00   1.7400000e-04
   1.5500000e-03   9.9900000e-01   2.6300000e-04
   1.7710000e-03   9.9800000e-01   3.9500000e-04
   2.0660000e-03   9.9700000e-01   6.5100000e-04
   2.4800000e-03   9.9700000e-01   1.1100000e-03
   3.1000000e-03   9.9300000e-01   2.4500000e-03
   4.1330000e-03   9.8800000e-01   5.1300000e-03
   6.1990000e-03   9.7800000e-01   1.5900000e-02
   8.2660000e-03   9.6900000e-01   3.1000000e-02
   1.0330000e-02   9.6500000e-01   5.4000000e-02
   1.1270000e-02   9.6800000e-01   5.9900000e-02
   1.1810000e-02   9.6800000e-01   6.2500000e-02
   1.2400000e-02   9.6700000e-01   6.5300000e-02
   1.3050000e-02   9.6500000e-01   6.9300000e-02
   1.3480000e-02   9.6300000e-01   7.4400000e-02
   1.3780000e-02   9.6300000e-01   7.8800000e-02
   1.4090000e-02   9.6300000e-01   8.3400000e-02
   1.4420000e-02   9.6600000e-01   8.7700000e-02
   1.4760000e-02   9.6900000e-01   9.1100000e-02
   1.4940000e-02   9.7100000e-01   9.2300000e-02
   1.5120000e-02   9.7300000e-01   9.3400000e-02
   1.5310000e-02   9.7400000e-01   9.4300000e-02
   1.5500000e-02   9.7700000e-01   9.4600000e-02
   1.5690000e-02   9.7900000e-01   9.4100000e-02
   1.5900000e-02   9.8000000e-01   9.3600000e-02
   1.6100000e-02   9.8200000e-01   9.2100000e-02
   1.6310000e-02   9.8400000e-01   9.1000000e-02
   1.6530000e-02   9.8300000e-01   8.7200000e-02
   1.6750000e-02   9.7900000e-01   8.5000000e-02
   1.6980000e-02   9.7700000e-01   8.5700000e-02
   1.7220000e-02   9.7500000e-01   8.6800000e-02
   1.7460000e-02   9.7400000e-01   8.8100000e-02
   1.7710000e-02   9.7200000e-01   8.9300000e-02
   1.7970000e-02   9.7000000e-01   9.0800000e-02
   1.8230000e-02   9.6800000e-01   9.2700000e-02
   1.8510000e-02   9.6800000e-01   9.4500000e-02
   1.8790000e-02   9.6700000e-01   9.6300000e-02
   1.9070000e-02   9.6600000e-01   9.9000000e-02
   1.9370000e-02   9.6500000e-01   1.0200000e-01
   1.9680000e-02   9.6500000e-01   1.0400000e-01
   2.0000000e-02   9.6500000e-01   1.0700000e-01
   2.0330000e-02   9.6600000e-01   1.0800000e-01
   2.0660000e-02   9.6600000e-01   1.0900000e-01
   2.1010000e-02   9.6600000e-01   1.0900000e-01
   2.1380000e-02   9.6400000e-01   1.1000000e-01
   2.1750000e-02   9.6200000e-01   1.1200000e-01
   2.2140000e-02   9.6000000e-01   1.1400000e-01
   2.2540000e-02   9.5800000e-01   1.1700000e-01
   2.2960000e-02   9.5700000e-01   1.2000000e-01
   2.3390000e-02   9.5600000e-01   1.2300000e-01
   2.3840000e-02   9.5400000e-01   1.2600000e-01
   2.4310000e-02   9.5300000e-01   1.3000000e-01
   2.4800000e-02   9.5300000e-01   1.3400000e-01
   2.5300000e-02   9.5200000e-01   1.3700000e-01
   2.5830000e-02   9.5200000e-01   1.4000000e-01
   2.6380000e-02   9.5100000e-01   1.4300000e-01
   2.6950000e-02   9.5100000e-01   1.4600000e-01
   2.7550000e-02   9.4900000e-01   1.4800000e-01
   2.8180000e-02   9.4800000e-01   1.5100000e-01
   2.8830000e-02   9.4500000e-01   1.5400000e-01
   2.9520000e-02   9.4200000e-01   1.5700000e-01
   3.0240000e-02   9.3800000e-01   1.6100000e-01
   3.1000000e-02   9.3400000e-01   1.6700000e-01
   3.1790000e-02   9.3000000e-01   1.7400000e-01
   3.2630000e-02   9.2700000e-01   1.8000000e-01
   3.3510000e-02   9.2500000e-01   1.8700000e-01
   3.4440000e-02   9.2200000e-01   1.9300000e-01
   3.5420000e-02   9.1700000e-01   1.9800000e-01
   3.6470000e-02   9.1000000e-01   2.0500000e-01
   3.7570000e-02   9.0100000e-01   2.1400000e-01
   3.8750000e-02   8.9100000e-01   2.2300000e-01
   3.9990000e-02   8.7600000e-01   2.3900000e-01
   4.1330000e-02   8.5600000e-01   2.6200000e-01
   4.2750000e-02   8.4900000e-01   3.0200000e-01
   4.4280000e-02   8.6200000e-01   3.4600000e-01
   4.5920000e-02   8.8400000e-01   3.8200000e-01
   4.7690000e-02   9.2100000e-01   4.0300000e-01
   4.9590000e-02   9.6000000e-01   3.9600000e-01
   5.1660000e-02   9.6100000e-01   3.7300000e-01
   5.3910000e-02   9.4300000e-01   3.6600000e-01
   5.6360000e-02   9.1700000e-01   3.8100000e-01
   5.9040000e-02   8.9700000e-01   4.1100000e-01
   6.1990000e-02   8.8200000e-01   4.5500000e-01
   6.5250000e-02   8.8300000e-01   5.0700000e-01
   6.8880000e-02   8.9000000e-01   5.6100000e-01
   7.2930000e-02   9.1300000e-01   6.2000000e-01
   7.7490000e-02   9.5400000e-01   6.7300000e-01
   7.9990000e-02   9.8100000e-01   6.9500000e-01
   8.2660000e-02   1.0090000e+00   7.0700000e-01
   8.5510000e-02   1.0340000e+00   7.1700000e-01
   8.8560000e-02   1.0550000e+00   7.2400000e-01
   9.5370000e-02   1.0840000e+00   7.2400000e-01
   1.0330000e-01   1.0910000e+00   7.1300000e-01
   1.1270000e-01   1.0740000e+00   7.5400000e-01
   1.2400000e-01   1.0380000e+00   8.1800000e-01
   1.3050000e-01   1.0290000e+00   8.6700000e-01
   1.3780000e-01   1.0270000e+00   9.2100000e-01
   1.4590000e-01   1.0290000e+00   9.7900000e-01
   1.5500000e-01   1.0290000e+00   1.0300000e+00
   1.6530000e-01   1.0050000e+00   1.0900000e+00
   1.7710000e-01   9.7200000e-01   1.2000000e+00
   1.9070000e-01   9.5800000e-01   1.3700000e+00
   2.0660000e-01   1.0360000e+00   1.5900000e+00
   2.1380000e-01   1.1020000e+00   1.6700000e+00
   2.2140000e-01   1.1830000e+00   1.7400000e+00
   2.2960000e-01   1.2760000e+00   1.7800000e+00
   2.3840000e-01   1.3780000e+00   1.8000000e+00
   2.4800000e-01   1.4700000e+00   1.7800000e+00
   2.5830000e-01   1.5330000e+00   1.7100000e+00
   2.6950000e-01   1.5200000e+00   1.6700000e+00
   2.8180000e-01   1.4870000e+00   1.6400000e+00
   2.9520000e-01   1.4190000e+00   1.6400000e+00
   3.1000000e-01   1.3440000e+00   1.7200000e+00
   3.2630000e-01   1.3360000e+00   1.8100000e+00
   3.4440000e-01   1.3100000e+00   1.8700000e+00
   3.6470000e-01   1.2700000e+00   1.9500000e+00
   3.8750000e-01   1.2320000e+00   2.0700000e+00
   4.1330000e-01   1.1840000e+00   2.2100000e+00
   4.4280000e-01   1.1690000e+00   2.3600000e+00
   4.7690000e-01   1.1520000e+00   2.5000000e+00
   5.1660000e-01   1.1210000e+00   2.6000000e+00
   5.3910000e-01   1.0370000e+00   2.5900000e+00
   5.6360000e-01   8.2600000e-01   2.6000000e+00
   5.9040000e-01   4.6800000e-01   2.8100000e+00
   6.1990000e-01   2.7200000e-01   3.2400000e+00
   6.5250000e-01   2.1400000e-01   3.6700000e+00
   6.7020000e-01   2.1500000e-01   3.8600000e+00
   6.8880000e-01   2.1300000e-01   4.0500000e+00
   7.0850000e-01   2.1400000e-01   4.2400000e+00
   7.2930000e-01   2.2300000e-01   4.4300000e+00
   8.2660000e-01   2.6000000e-01   5.2600000e+00
   1.2400000e+00   4.3300000e-01   8.4600000e+00
   2.4800000e+00   1.6920000e+00   1.7600000e+01
   1.2400000e+01   2.9100000e+01   7.1100000e+01
   2.4800000e+01   6.2800000e+01   1.0300000e+02
   1.2400000e+02   1.8600000e+02   2.1300000e+02
   2.4800000e+02   2.7000000e+02   2.9400000e+02
