0.2500 	1.39 	1.34 
0.2550 	1.39 	1.34 
0.2600 	1.45 	1.35 
0.2650 	1.47 	1.34 
0.2700 	1.51 	1.33 
0.2750 	1.51 	1.31 
0.2800 	1.57 	1.27 
0.2850 	1.61 	1.24 
0.2900 	1.60 	1.17 
0.2950 	1.64 	1.08 
0.3000 	1.67 	0.96 
0.3050 	1.63 	0.72 
0.3100 	1.54 	0.54 
0.3150 	1.35 	0.41 
0.3200 	1.07 	0.32 
0.3250 	0.72 	0.33 
0.3300 	0.30 	0.55 
0.3350 	0.20 	0.86 
0.3400 	0.16 	1.14 
0.3450 	0.14 	1.27 
0.3500 	0.12 	1.35 
0.3550 	0.10 	1.42 
0.3600 	0.09 	1.52 
0.3650 	0.07 	1.60 
0.3700 	0.06 	1.70 
0.3750 	0.06 	1.74 
0.3800 	0.07 	1.78 
0.3850 	0.07 	1.82 
0.3900 	0.07 	1.85 
0.3950 	0.07 	1.89 
0.4000 	0.08 	1.93 
0.4050 	0.07 	1.98 
0.4100 	0.07 	2.03 
0.4150 	0.07 	2.08 
0.4200 	0.07 	2.13 
0.4250 	0.07 	2.18 
0.4300 	0.06 	2.22 
0.4350 	0.06 	2.27 
0.4400 	0.06 	2.32 
0.4450 	0.06 	2.37 
0.4500 	0.06 	2.42 
0.4550 	0.05 	2.47 
0.4600 	0.05 	2.51 
0.4650 	0.05 	2.56 
0.4700 	0.05 	2.60 
0.4750 	0.05 	2.65 
0.4800 	0.05 	2.69 
0.4850 	0.05 	2.74 
0.4900 	0.05 	2.78 
0.4950 	0.05 	2.83 
0.5000 	0.05 	2.87 
0.5050 	0.05 	2.92 
0.5100 	0.05 	2.96 
0.5150 	0.05 	3.01 
0.5200 	0.05 	3.05 
0.5250 	0.05 	3.10 
0.5300 	0.05 	3.14 
0.5350 	0.05 	3.19 
0.5400 	0.05 	3.23 
0.5450 	0.05 	3.28 
0.5500 	0.06 	3.32 
0.5550 	0.06 	3.36 
0.5600 	0.06 	3.41 
0.5650 	0.06 	3.45 
0.5700 	0.06 	3.49 
0.5750 	0.06 	3.54 
0.5800 	0.06 	3.58 
0.5850 	0.06 	3.62 
0.5900 	0.06 	3.66 
0.5950 	0.06 	3.71 
0.6000 	0.06 	3.75 
0.6050 	0.06 	3.80 
0.6100 	0.06 	3.84 
0.6150 	0.06 	3.89 
0.6200 	0.06 	3.93 
0.6250 	0.07 	3.98 
0.6300 	0.07 	4.02 
0.6350 	0.07 	4.07 
0.6400 	0.07 	4.11 
0.6450 	0.07 	4.16 
0.6500 	0.07 	4.20 
0.6550 	0.07 	4.24 
0.6600 	0.07 	4.28 
0.6650 	0.07 	4.33 
0.6700 	0.07 	4.37 
0.6750 	0.07 	4.41 
0.6800 	0.07 	4.45 
0.6850 	0.07 	4.49 
0.6900 	0.07 	4.54 
0.6950 	0.07 	4.58 
0.7000 	0.08 	4.62 
0.7050 	0.08 	4.66 
0.7100 	0.08 	4.71 
0.7150 	0.08 	4.75 
0.7200 	0.08 	4.79 
0.7250 	0.08 	4.84 
0.7300 	0.08 	4.88 
0.7350 	0.08 	4.92 
0.7400 	0.08 	4.96 
0.7450 	0.08 	5.01 
0.7500 	0.08 	5.05 
0.7550 	0.08 	5.09 
0.7600 	0.08 	5.13 
0.7650 	0.08 	5.17 
0.7700 	0.08 	5.21 
0.7750 	0.09 	5.25 
0.7800 	0.09 	5.29 
0.7850 	0.09 	5.33 
0.7900 	0.09 	5.37 
0.7950 	0.09 	5.41 
0.8000 	0.09 	5.45 
0.8050 	0.09 	5.49 
0.8100 	0.09 	5.53 
0.8150 	0.09 	5.57 
0.8200 	0.09 	5.61 
0.8250 	0.10 	5.65 
0.8300 	0.10 	5.69 
0.8350 	0.10 	5.73 
0.8400 	0.10 	5.77 
0.8450 	0.10 	5.81 
0.8500 	0.10 	5.85 
0.8550 	0.10 	5.89 
0.8600 	0.10 	5.92 
0.8650 	0.10 	5.96 
0.8700 	0.10 	6.00 
0.8750 	0.10 	6.04 
0.8800 	0.10 	6.07 
0.8850 	0.10 	6.11 
0.8900 	0.10 	6.15 
0.8950 	0.10 	6.18 
0.9000 	0.11 	6.22 
0.9050 	0.11 	6.25 
0.9100 	0.11 	6.29 
0.9150 	0.11 	6.32 
0.9200 	0.11 	6.36 
0.9250 	0.11 	6.39 
0.9300 	0.11 	6.42 
0.9350 	0.11 	6.46 
0.9400 	0.11 	6.49 
0.9450 	0.11 	6.53 
0.9500 	0.11 	6.56 
0.9550 	0.11 	6.59 
0.9600 	0.11 	6.61 
0.9650 	0.12 	6.64 
0.9700 	0.12 	6.67 
0.9750 	0.12 	6.70 
0.9800 	0.12 	6.72 
0.9850 	0.12 	6.75 
0.9900 	0.13 	6.78 
0.9950 	0.13 	6.80 
1.0000 	0.13 	6.83 
1.0050 	0.13 	6.87 
1.0100 	0.13 	6.91 
1.0150 	0.13 	6.94 
1.0200 	0.14 	6.98 
1.0250 	0.14 	7.02 
1.0300 	0.14 	7.06 
1.0350 	0.14 	7.09 
1.0400 	0.14 	7.13 
1.0450 	0.14 	7.17 
1.0500 	0.15 	7.21 
1.0550 	0.15 	7.25 
1.0600 	0.15 	7.28 
1.0650 	0.15 	7.32 
1.0700 	0.15 	7.36 
1.0750 	0.16 	7.40 
1.0800 	0.16 	7.44 
1.0850 	0.16 	7.47 
1.0900 	0.16 	7.51 
1.0950 	0.16 	7.55 
1.1000 	0.16 	7.59 
1.1050 	0.17 	7.62 
1.1100 	0.17 	7.66 
1.1150 	0.17 	7.70 
1.1200 	0.17 	7.74 
1.1250 	0.17 	7.78 
1.1300 	0.17 	7.81 
1.1350 	0.18 	7.85 
1.1400 	0.18 	7.89 
1.1450 	0.18 	7.93 
1.1500 	0.18 	7.97 
1.1550 	0.18 	8.00 
1.1600 	0.19 	8.04 
1.1650 	0.19 	8.08 
1.1700 	0.19 	8.12 
1.1750 	0.19 	8.15 
1.1800 	0.19 	8.19 
1.1850 	0.19 	8.23 
1.1900 	0.20 	8.27 
1.1950 	0.20 	8.31 
1.2000 	0.20 	8.34 
1.2050 	0.20 	8.38 
1.2100 	0.20 	8.42 
1.2150 	0.20 	8.46 
1.2200 	0.21 	8.50 
1.2250 	0.21 	8.53 
1.2300 	0.21 	8.57 
1.2350 	0.21 	8.61 
1.2400 	0.21 	8.65 
1.2450 	0.21 	8.68 
1.2500 	0.22 	8.72 
1.2550 	0.22 	8.76 
1.2600 	0.22 	8.80 
1.2650 	0.22 	8.84 
1.2700 	0.22 	8.87 
1.2750 	0.23 	8.91 
1.2800 	0.23 	8.95 
1.2850 	0.23 	8.99 
1.2900 	0.23 	9.03 
1.2950 	0.23 	9.06 
1.3000 	0.23 	9.10 
1.3050 	0.24 	9.14 
1.3100 	0.24 	9.18 
1.3150 	0.24 	9.21 
1.3200 	0.24 	9.25 
1.3250 	0.24 	9.29 
1.3300 	0.24 	9.33 
1.3350 	0.25 	9.37 
1.3400 	0.25 	9.40 
1.3450 	0.25 	9.44 
1.3500 	0.25 	9.48 
1.3550 	0.25 	9.52 
1.3600 	0.26 	9.56 
1.3650 	0.26 	9.59 
1.3700 	0.26 	9.63 
1.3750 	0.26 	9.67 
1.3800 	0.26 	9.71 
1.3850 	0.26 	9.74 
1.3900 	0.27 	9.78 
1.3950 	0.27 	9.82 
1.4000 	0.27 	9.86 
1.4050 	0.27 	9.90 
1.4100 	0.27 	9.93 
1.4150 	0.27 	9.97 
1.4200 	0.28 	10.01 
1.4250 	0.28 	10.05 
1.4300 	0.28 	10.09 
1.4350 	0.28 	10.12 
1.4400 	0.28 	10.16 
1.4450 	0.29 	10.20 
1.4500 	0.29 	10.24 
1.4550 	0.29 	10.27 
1.4600 	0.29 	10.31 
1.4650 	0.29 	10.35 
1.4700 	0.29 	10.39 
1.4750 	0.30 	10.43 
1.4800 	0.30 	10.46 
1.4850 	0.30 	10.50 
1.4900 	0.30 	10.54 
1.4950 	0.30 	10.58 
1.5000 	0.30 	10.62 
1.5050 	0.31 	10.65 
1.5100 	0.31 	10.69 
1.5150 	0.31 	10.73 
1.5200 	0.31 	10.77 
1.5250 	0.31 	10.80 
1.5300 	0.32 	10.84 
1.5350 	0.32 	10.88 
1.5400 	0.32 	10.92 
1.5450 	0.32 	10.96 
1.5500 	0.32 	10.99 
1.5550 	0.32 	11.03 
1.5600 	0.33 	11.07 
1.5650 	0.33 	11.11 
1.5700 	0.33 	11.14 
1.5750 	0.33 	11.18 
1.5800 	0.33 	11.22 
1.5850 	0.33 	11.26 
1.5900 	0.34 	11.30 
1.5950 	0.34 	11.33 
1.6000 	0.34 	11.37 
1.6050 	0.34 	11.41 
1.6100 	0.34 	11.45 
1.6150 	0.34 	11.49 
1.6200 	0.35 	11.52 
1.6250 	0.35 	11.56 
1.6300 	0.35 	11.60 
1.6350 	0.35 	11.64 
1.6400 	0.35 	11.67 
1.6450 	0.36 	11.71 
1.6500 	0.36 	11.75 
1.6550 	0.36 	11.79 
1.6600 	0.36 	11.83 
1.6650 	0.36 	11.86 
1.6700 	0.36 	11.90 
1.6750 	0.37 	11.94 
1.6800 	0.37 	11.98 
1.6850 	0.37 	12.02 
1.6900 	0.37 	12.05 
1.6950 	0.37 	12.09 
1.7000 	0.37 	12.13 
1.7050 	0.38 	12.17 
1.7100 	0.38 	12.20 
1.7150 	0.38 	12.24 
1.7200 	0.38 	12.28 
1.7250 	0.38 	12.32 
1.7300 	0.39 	12.36 
1.7350 	0.39 	12.39 
1.7400 	0.39 	12.43 
1.7450 	0.39 	12.47 
1.7500 	0.39 	12.51 
1.7550 	0.39 	12.55 
1.7600 	0.40 	12.58 
1.7650 	0.40 	12.62 
1.7700 	0.40 	12.66 
1.7750 	0.40 	12.70 
1.7800 	0.40 	12.73 
1.7850 	0.40 	12.77 
1.7900 	0.41 	12.81 
1.7950 	0.41 	12.85 
1.8000 	0.41 	12.89 
1.8050 	0.41 	12.92 
1.8100 	0.41 	12.96 
1.8150 	0.42 	13.00 
1.8200 	0.42 	13.04 
1.8250 	0.42 	13.08 
1.8300 	0.42 	13.11 
1.8350 	0.42 	13.15 
1.8400 	0.42 	13.19 
1.8450 	0.43 	13.23 
1.8500 	0.43 	13.26 
1.8550 	0.43 	13.30 
1.8600 	0.43 	13.34 
1.8650 	0.43 	13.38 
1.8700 	0.43 	13.42 
1.8750 	0.44 	13.45 
1.8800 	0.44 	13.49 
1.8850 	0.44 	13.53 
1.8900 	0.44 	13.57 
1.8950 	0.44 	13.61 
1.9000 	0.44 	13.64 
1.9050 	0.45 	13.68 
1.9100 	0.45 	13.72 
1.9150 	0.45 	13.76 
1.9200 	0.45 	13.79 
1.9250 	0.45 	13.83 
1.9300 	0.46 	13.87 
1.9350 	0.46 	13.91 
1.9400 	0.46 	13.95 
1.9450 	0.46 	13.98 
1.9500 	0.46 	14.02 
1.9550 	0.46 	14.06 
1.9600 	0.47 	14.10 
1.9650 	0.47 	14.14 
1.9700 	0.47 	14.17 
1.9750 	0.47 	14.21 
1.9800 	0.47 	14.25 
1.9850 	0.47 	14.29 
1.9900 	0.48 	14.32 
1.9950 	0.48 	14.36 
2.0000 	0.48 	14.40 
2.0050 	0.48 	14.44 
2.0100 	0.49 	14.47 
2.0150 	0.49 	14.51 
2.0200 	0.49 	14.54 
2.0250 	0.50 	14.58 
2.0300 	0.50 	14.61 
2.0350 	0.50 	14.65 
2.0400 	0.51 	14.69 
2.0450 	0.51 	14.72 
2.0500 	0.52 	14.76 
2.0550 	0.52 	14.79 
2.0600 	0.52 	14.83 
2.0650 	0.53 	14.86 
2.0700 	0.53 	14.90 
2.0750 	0.53 	14.94 
2.0800 	0.54 	14.97 
2.0850 	0.54 	15.01 
2.0900 	0.54 	15.04 
2.0950 	0.55 	15.08 
2.1000 	0.55 	15.12 
2.1050 	0.55 	15.15 
2.1100 	0.56 	15.19 
2.1150 	0.56 	15.22 
2.1200 	0.56 	15.26 
2.1250 	0.57 	15.29 
2.1300 	0.57 	15.33 
2.1350 	0.58 	15.37 
2.1400 	0.58 	15.40 
2.1450 	0.58 	15.44 
2.1500 	0.59 	15.47 
2.1550 	0.59 	15.51 
2.1600 	0.59 	15.54 
2.1650 	0.60 	15.58 
2.1700 	0.60 	15.62 
2.1750 	0.60 	15.65 
2.1800 	0.61 	15.69 
2.1850 	0.61 	15.72 
2.1900 	0.61 	15.76 
2.1950 	0.62 	15.79 
2.2000 	0.62 	15.83 
2.2050 	0.62 	15.87 
2.2100 	0.63 	15.90 
2.2150 	0.63 	15.94 
2.2200 	0.64 	15.97 
2.2250 	0.64 	16.01 
2.2300 	0.64 	16.04 
2.2350 	0.65 	16.08 
2.2400 	0.65 	16.12 
2.2450 	0.65 	16.15 
2.2500 	0.66 	16.19 
2.2550 	0.66 	16.22 
2.2600 	0.66 	16.26 
2.2650 	0.67 	16.29 
2.2700 	0.67 	16.33 
2.2750 	0.67 	16.37 
2.2800 	0.68 	16.40 
2.2850 	0.68 	16.44 
2.2900 	0.68 	16.47 
2.2950 	0.69 	16.51 
2.3000 	0.69 	16.55 
2.3050 	0.70 	16.58 
2.3100 	0.70 	16.62 
2.3150 	0.70 	16.65 
2.3200 	0.71 	16.69 
2.3250 	0.71 	16.72 
2.3300 	0.71 	16.76 
2.3350 	0.72 	16.80 
2.3400 	0.72 	16.83 
2.3450 	0.72 	16.87 
2.3500 	0.73 	16.90 
2.3550 	0.73 	16.94 
2.3600 	0.73 	16.97 
2.3650 	0.74 	17.01 
2.3700 	0.74 	17.05 
2.3750 	0.74 	17.08 
2.3800 	0.75 	17.12 
2.3850 	0.75 	17.15 
2.3900 	0.75 	17.19 
2.3950 	0.76 	17.22 
2.4000 	0.76 	17.26 
2.4050 	0.77 	17.30 
2.4100 	0.77 	17.33 
2.4150 	0.77 	17.37 
2.4200 	0.78 	17.40 
2.4250 	0.78 	17.44 
2.4300 	0.78 	17.47 
2.4350 	0.79 	17.51 
2.4400 	0.79 	17.55 
2.4450 	0.79 	17.58 
2.4500 	0.80 	17.62 
2.4550 	0.80 	17.65 
2.4600 	0.80 	17.69 
2.4650 	0.81 	17.72 
2.4700 	0.81 	17.76 
2.4750 	0.81 	17.80 
2.4800 	0.82 	17.83 
2.4850 	0.82 	17.87 
2.4900 	0.83 	17.90 
2.4950 	0.83 	17.94 
2.5000 	0.83 	17.98 
2.5025 	0.83 	17.99 
2.5050 	0.84 	18.01 
2.5075 	0.84 	18.03 
2.5100 	0.84 	18.05 
2.5126 	0.84 	18.06 
2.5151 	0.84 	18.08 
2.5176 	0.84 	18.10 
2.5202 	0.85 	18.12 
2.5227 	0.85 	18.14 
2.5253 	0.85 	18.16 
2.5278 	0.85 	18.17 
2.5304 	0.85 	18.19 
2.5329 	0.86 	18.21 
2.5355 	0.86 	18.23 
2.5381 	0.86 	18.25 
2.5407 	0.86 	18.27 
2.5432 	0.86 	18.28 
2.5458 	0.86 	18.30 
2.5484 	0.87 	18.32 
2.5510 	0.87 	18.34 
2.5536 	0.87 	18.36 
2.5562 	0.87 	18.38 
2.5589 	0.87 	18.40 
2.5615 	0.88 	18.41 
2.5641 	0.88 	18.43 
2.5667 	0.88 	18.45 
2.5694 	0.88 	18.47 
2.5720 	0.88 	18.49 
2.5747 	0.89 	18.51 
2.5773 	0.89 	18.53 
2.5800 	0.89 	18.55 
2.5826 	0.89 	18.57 
2.5853 	0.89 	18.59 
2.5880 	0.89 	18.60 
2.5907 	0.90 	18.62 
2.5934 	0.90 	18.64 
2.5961 	0.90 	18.66 
2.5988 	0.90 	18.68 
2.6015 	0.90 	18.70 
2.6042 	0.91 	18.72 
2.6069 	0.91 	18.74 
2.6096 	0.91 	18.76 
2.6123 	0.91 	18.78 
2.6151 	0.91 	18.80 
2.6178 	0.92 	18.82 
2.6206 	0.92 	18.84 
2.6233 	0.92 	18.86 
2.6261 	0.92 	18.88 
2.6288 	0.92 	18.90 
2.6316 	0.93 	18.92 
2.6344 	0.93 	18.94 
2.6371 	0.93 	18.96 
2.6399 	0.93 	18.98 
2.6427 	0.93 	19.00 
2.6455 	0.94 	19.02 
2.6483 	0.94 	19.04 
2.6511 	0.94 	19.06 
2.6539 	0.94 	19.08 
2.6568 	0.94 	19.10 
2.6596 	0.95 	19.12 
2.6624 	0.95 	19.14 
2.6653 	0.95 	19.16 
2.6681 	0.95 	19.18 
2.6709 	0.95 	19.20 
2.6738 	0.96 	19.22 
2.6767 	0.96 	19.24 
2.6795 	0.96 	19.26 
2.6824 	0.96 	19.28 
2.6853 	0.96 	19.30 
2.6882 	0.97 	19.32 
2.6911 	0.97 	19.34 
2.6940 	0.97 	19.36 
2.6969 	0.97 	19.38 
2.6998 	0.97 	19.40 
2.7027 	0.98 	19.42 
2.7056 	0.98 	19.45 
2.7086 	0.98 	19.47 
2.7115 	0.98 	19.49 
2.7144 	0.98 	19.51 
2.7174 	0.99 	19.53 
2.7204 	0.99 	19.55 
2.7233 	0.99 	19.57 
2.7263 	0.99 	19.59 
2.7293 	0.99 	19.61 
2.7322 	1.00 	19.64 
2.7352 	1.00 	19.66 
2.7382 	1.00 	19.68 
2.7412 	1.00 	19.70 
2.7442 	1.00 	19.72 
2.7473 	1.01 	19.74 
2.7503 	1.01 	19.76 
2.7533 	1.01 	19.79 
2.7563 	1.01 	19.81 
2.7594 	1.02 	19.83 
2.7624 	1.02 	19.85 
2.7655 	1.02 	19.87 
2.7686 	1.02 	19.90 
2.7716 	1.02 	19.92 
2.7747 	1.03 	19.94 
2.7778 	1.03 	19.96 
2.7809 	1.03 	19.98 
2.7840 	1.03 	20.01 
2.7871 	1.03 	20.03 
2.7902 	1.04 	20.05 
2.7933 	1.04 	20.07 
2.7964 	1.04 	20.09 
2.7996 	1.04 	20.12 
2.8027 	1.05 	20.14 
2.8058 	1.05 	20.16 
2.8090 	1.05 	20.18 
2.8122 	1.05 	20.21 
2.8153 	1.05 	20.23 
2.8185 	1.06 	20.25 
2.8217 	1.06 	20.27 
2.8249 	1.06 	20.30 
2.8281 	1.06 	20.32 
2.8313 	1.07 	20.34 
2.8345 	1.07 	20.37 
2.8377 	1.07 	20.39 
2.8409 	1.07 	20.41 
2.8441 	1.08 	20.44 
2.8474 	1.08 	20.46 
2.8506 	1.08 	20.48 
2.8539 	1.08 	20.51 
2.8571 	1.08 	20.53 
2.8604 	1.09 	20.55 
2.8637 	1.09 	20.58 
2.8670 	1.09 	20.60 
2.8703 	1.09 	20.62 
2.8736 	1.10 	20.65 
2.8769 	1.10 	20.67 
2.8802 	1.10 	20.69 
2.8835 	1.10 	20.72 
2.8868 	1.11 	20.74 
2.8902 	1.11 	20.76 
2.8935 	1.11 	20.79 
2.8969 	1.11 	20.81 
2.9002 	1.11 	20.84 
2.9036 	1.12 	20.86 
2.9070 	1.12 	20.88 
2.9104 	1.12 	20.91 
2.9138 	1.12 	20.93 
2.9172 	1.13 	20.96 
2.9206 	1.13 	20.98 
2.9240 	1.13 	21.01 
2.9274 	1.13 	21.03 
2.9308 	1.14 	21.06 
2.9343 	1.14 	21.08 
2.9377 	1.14 	21.10 
2.9412 	1.14 	21.13 
2.9446 	1.15 	21.15 
2.9481 	1.15 	21.18 
2.9516 	1.15 	21.20 
2.9551 	1.15 	21.23 
2.9586 	1.16 	21.25 
2.9621 	1.16 	21.28 
2.9656 	1.16 	21.30 
2.9691 	1.16 	21.33 
2.9727 	1.17 	21.35 
2.9762 	1.17 	21.38 
2.9797 	1.17 	21.41 
2.9833 	1.17 	21.43 
2.9869 	1.18 	21.46 
2.9904 	1.18 	21.48 
2.9940 	1.18 	21.51 
2.9976 	1.18 	21.53 
3.0012 	1.19 	21.56 
3.0048 	1.19 	21.58 
3.0084 	1.19 	21.61 
3.0121 	1.19 	21.64 
3.0157 	1.20 	21.66 
3.0193 	1.20 	21.69 
3.0230 	1.20 	21.71 
3.0266 	1.20 	21.74 
3.0303 	1.21 	21.77 
3.0340 	1.21 	21.79 
3.0377 	1.21 	21.82 
3.0414 	1.21 	21.85 
3.0451 	1.22 	21.87 
3.0488 	1.22 	21.90 
3.0525 	1.22 	21.93 
3.0562 	1.22 	21.95 
3.0600 	1.23 	21.98 
3.0637 	1.23 	22.01 
3.0675 	1.23 	22.03 
3.0713 	1.24 	22.06 
3.0750 	1.24 	22.09 
3.0788 	1.24 	22.11 
3.0826 	1.24 	22.14 
3.0864 	1.25 	22.17 
3.0902 	1.25 	22.20 
3.0941 	1.25 	22.22 
3.0979 	1.25 	22.25 
3.1017 	1.26 	22.28 
3.1056 	1.26 	22.30 
3.1095 	1.26 	22.33 
3.1133 	1.26 	22.36 
3.1172 	1.27 	22.39 
3.1211 	1.27 	22.42 
3.1250 	1.27 	22.44 
3.1289 	1.28 	22.47 
3.1328 	1.28 	22.50 
3.1368 	1.28 	22.53 
3.1407 	1.28 	22.56 
3.1447 	1.29 	22.58 
3.1486 	1.29 	22.61 
3.1526 	1.29 	22.64 
3.1566 	1.30 	22.67 
3.1606 	1.30 	22.70 
3.1646 	1.30 	22.73 
3.1686 	1.30 	22.76 
3.1726 	1.31 	22.78 
3.1766 	1.31 	22.81 
3.1807 	1.31 	22.84 
3.1847 	1.32 	22.87 
3.1888 	1.32 	22.90 
3.1929 	1.32 	22.93 
3.1969 	1.32 	22.96 
3.2010 	1.33 	22.99 
3.2051 	1.33 	23.02 
3.2092 	1.33 	23.05 
3.2134 	1.34 	23.08 
3.2175 	1.34 	23.11 
3.2217 	1.34 	23.13 
3.2258 	1.34 	23.16 
3.2300 	1.35 	23.19 
3.2342 	1.35 	23.22 
3.2383 	1.35 	23.25 
3.2425 	1.36 	23.28 
3.2468 	1.36 	23.31 
3.2510 	1.36 	23.34 
3.2552 	1.36 	23.37 
3.2595 	1.37 	23.41 
3.2637 	1.37 	23.44 
3.2680 	1.37 	23.47 
3.2723 	1.38 	23.50 
3.2765 	1.38 	23.53 
3.2808 	1.38 	23.56 
3.2852 	1.39 	23.59 
3.2895 	1.39 	23.62 
3.2938 	1.39 	23.65 
3.2982 	1.40 	23.68 
3.3025 	1.40 	23.71 
3.3069 	1.40 	23.74 
3.3113 	1.40 	23.78 
3.3157 	1.41 	23.81 
3.3201 	1.41 	23.84 
3.3245 	1.41 	23.87 
3.3289 	1.42 	23.90 
3.3333 	1.42 	23.93 
3.3378 	1.42 	23.97 
3.3423 	1.43 	24.00 
3.3467 	1.43 	24.03 
3.3512 	1.43 	24.06 
3.3557 	1.44 	24.09 
3.3602 	1.44 	24.13 
3.3647 	1.44 	24.16 
3.3693 	1.45 	24.19 
3.3738 	1.45 	24.22 
3.3784 	1.45 	24.26 
3.3830 	1.45 	24.29 
3.3875 	1.46 	24.32 
3.3921 	1.46 	24.35 
3.3967 	1.46 	24.39 
3.4014 	1.47 	24.42 
3.4060 	1.47 	24.45 
3.4106 	1.47 	24.49 
3.4153 	1.48 	24.52 
3.4200 	1.48 	24.55 
3.4247 	1.48 	24.59 
3.4294 	1.49 	24.62 
3.4341 	1.49 	24.65 
3.4388 	1.49 	24.69 
3.4435 	1.50 	24.72 
3.4483 	1.50 	24.76 
3.4530 	1.50 	24.79 
3.4578 	1.51 	24.82 
3.4626 	1.51 	24.86 
3.4674 	1.51 	24.89 
3.4722 	1.52 	24.93 
3.4771 	1.52 	24.96 
3.4819 	1.52 	25.00 
3.4868 	1.53 	25.03 
3.4916 	1.53 	25.07 
3.4965 	1.54 	25.10 
3.5014 	1.54 	25.14 
3.5063 	1.54 	25.17 
3.5112 	1.55 	25.21 
3.5162 	1.55 	25.24 
3.5211 	1.55 	25.28 
3.5261 	1.56 	25.31 
3.5311 	1.56 	25.35 
3.5361 	1.56 	25.38 
3.5411 	1.57 	25.42 
3.5461 	1.57 	25.45 
3.5511 	1.57 	25.49 
3.5562 	1.58 	25.53 
3.5613 	1.58 	25.56 
3.5663 	1.58 	25.60 
3.5714 	1.59 	25.64 
3.5765 	1.59 	25.67 
3.5817 	1.60 	25.71 
3.5868 	1.60 	25.75 
3.5920 	1.60 	25.78 
3.5971 	1.61 	25.82 
3.6023 	1.61 	25.86 
3.6075 	1.61 	25.89 
3.6127 	1.62 	25.93 
3.6180 	1.62 	25.97 
3.6232 	1.62 	26.01 
3.6285 	1.63 	26.04 
3.6337 	1.63 	26.08 
3.6390 	1.64 	26.12 
3.6443 	1.64 	26.16 
3.6496 	1.64 	26.19 
3.6550 	1.65 	26.23 
3.6603 	1.65 	26.27 
3.6657 	1.65 	26.31 
3.6711 	1.66 	26.35 
3.6765 	1.66 	26.39 
3.6819 	1.67 	26.43 
3.6873 	1.67 	26.46 
3.6928 	1.67 	26.50 
3.6982 	1.68 	26.54 
3.7037 	1.68 	26.58 
3.7092 	1.68 	26.62 
3.7147 	1.69 	26.66 
3.7202 	1.69 	26.70 
3.7258 	1.70 	26.74 
3.7313 	1.70 	26.78 
3.7369 	1.70 	26.82 
3.7425 	1.71 	26.86 
3.7481 	1.71 	26.90 
3.7538 	1.72 	26.94 
3.7594 	1.72 	26.98 
3.7651 	1.72 	27.02 
3.7707 	1.73 	27.06 
3.7764 	1.73 	27.10 
3.7822 	1.74 	27.14 
3.7879 	1.74 	27.18 
3.7936 	1.74 	27.22 
3.7994 	1.75 	27.27 
3.8052 	1.75 	27.31 
3.8110 	1.76 	27.35 
3.8168 	1.76 	27.39 
3.8226 	1.76 	27.43 
3.8285 	1.77 	27.47 
3.8344 	1.77 	27.52 
3.8403 	1.78 	27.56 
3.8462 	1.78 	27.60 
3.8521 	1.79 	27.64 
3.8580 	1.79 	27.68 
3.8640 	1.79 	27.73 
3.8700 	1.80 	27.77 
3.8760 	1.80 	27.81 
3.8820 	1.81 	27.86 
3.8880 	1.81 	27.90 
3.8941 	1.82 	27.94 
3.9002 	1.82 	27.99 
3.9063 	1.82 	28.03 
3.9124 	1.83 	28.07 
3.9185 	1.83 	28.12 
3.9247 	1.84 	28.16 
3.9308 	1.84 	28.21 
3.9370 	1.85 	28.25 
3.9432 	1.85 	28.29 
3.9495 	1.85 	28.34 
3.9557 	1.86 	28.38 
3.9620 	1.86 	28.43 
3.9683 	1.87 	28.47 
3.9746 	1.87 	28.52 
3.9809 	1.88 	28.56 
3.9872 	1.88 	28.61 
3.9936 	1.89 	28.65 
4.0000 	1.89 	28.70 
4.0064 	1.90 	28.74 
4.0128 	1.90 	28.79 
4.0193 	1.91 	28.83 
4.0258 	1.92 	28.88 
4.0323 	1.93 	28.92 
4.0388 	1.93 	28.97 
4.0453 	1.94 	29.01 
4.0519 	1.95 	29.06 
4.0584 	1.96 	29.11 
4.0650 	1.96 	29.15 
4.0717 	1.97 	29.20 
4.0783 	1.98 	29.24 
4.0850 	1.99 	29.29 
4.0917 	1.99 	29.34 
4.0984 	2.00 	29.38 
4.1051 	2.01 	29.43 
4.1118 	2.02 	29.48 
4.1186 	2.02 	29.52 
4.1254 	2.03 	29.57 
4.1322 	2.04 	29.62 
4.1391 	2.05 	29.67 
4.1459 	2.05 	29.71 
4.1528 	2.06 	29.76 
4.1597 	2.07 	29.81 
4.1667 	2.08 	29.86 
4.1736 	2.09 	29.91 
4.1806 	2.09 	29.96 
4.1876 	2.10 	30.00 
4.1946 	2.11 	30.05 
4.2017 	2.12 	30.10 
4.2088 	2.13 	30.15 
4.2159 	2.13 	30.20 
4.2230 	2.14 	30.25 
4.2301 	2.15 	30.30 
4.2373 	2.16 	30.35 
4.2445 	2.17 	30.40 
4.2517 	2.17 	30.45 
4.2589 	2.18 	30.50 
4.2662 	2.19 	30.55 
4.2735 	2.20 	30.60 
4.2808 	2.21 	30.65 
4.2882 	2.22 	30.70 
4.2955 	2.22 	30.75 
4.3029 	2.23 	30.81 
4.3103 	2.24 	30.86 
4.3178 	2.25 	30.91 
4.3253 	2.26 	30.96 
4.3328 	2.27 	31.01 
4.3403 	2.27 	31.06 
4.3478 	2.28 	31.12 
4.3554 	2.29 	31.17 
4.3630 	2.30 	31.22 
4.3706 	2.31 	31.28 
4.3783 	2.32 	31.33 
4.3860 	2.33 	31.38 
4.3937 	2.33 	31.44 
4.4014 	2.34 	31.49 
4.4092 	2.35 	31.54 
4.4170 	2.36 	31.60 
4.4248 	2.37 	31.65 
4.4326 	2.38 	31.71 
4.4405 	2.39 	31.76 
4.4484 	2.40 	31.82 
4.4563 	2.41 	31.87 
4.4643 	2.41 	31.93 
4.4723 	2.42 	31.98 
4.4803 	2.43 	32.04 
4.4883 	2.44 	32.09 
4.4964 	2.45 	32.15 
4.5045 	2.46 	32.21 
4.5126 	2.47 	32.26 
4.5208 	2.48 	32.32 
4.5290 	2.49 	32.38 
4.5372 	2.50 	32.43 
4.5455 	2.51 	32.49 
4.5537 	2.52 	32.55 
4.5620 	2.53 	32.61 
4.5704 	2.53 	32.66 
4.5788 	2.54 	32.72 
4.5872 	2.55 	32.78 
4.5956 	2.56 	32.84 
4.6041 	2.57 	32.90 
4.6126 	2.58 	32.96 
4.6211 	2.59 	33.02 
4.6296 	2.60 	33.08 
4.6382 	2.61 	33.14 
4.6468 	2.62 	33.20 
4.6555 	2.63 	33.26 
4.6642 	2.64 	33.32 
4.6729 	2.65 	33.38 
4.6817 	2.66 	33.44 
4.6904 	2.67 	33.50 
4.6993 	2.68 	33.56 
4.7081 	2.69 	33.62 
4.7170 	2.70 	33.68 
4.7259 	2.71 	33.75 
4.7349 	2.72 	33.81 
4.7438 	2.73 	33.87 
4.7529 	2.74 	33.93 
4.7619 	2.75 	34.00 
4.7710 	2.76 	34.06 
4.7801 	2.77 	34.12 
4.7893 	2.78 	34.19 
4.7985 	2.79 	34.25 
4.8077 	2.80 	34.31 
4.8170 	2.81 	34.38 
4.8263 	2.82 	34.44 
4.8356 	2.83 	34.51 
4.8450 	2.84 	34.57 
4.8544 	2.86 	34.64 
4.8638 	2.87 	34.70 
4.8733 	2.88 	34.77 
4.8828 	2.89 	34.84 
4.8924 	2.90 	34.90 
4.9020 	2.91 	34.97 
4.9116 	2.92 	35.04 
4.9213 	2.93 	35.10 
4.9310 	2.94 	35.17 
4.9407 	2.95 	35.24 
4.9505 	2.96 	35.31 
4.9603 	2.98 	35.37 
4.9702 	2.99 	35.44 
4.9801 	3.00 	35.51 
4.9900 	3.01 	35.58 
5.0000 	3.02 	35.65 
5.0100 	3.03 	35.72 
5.0201 	3.04 	35.79 
5.0302 	3.05 	35.86 
5.0403 	3.07 	35.93 
5.0505 	3.08 	36.00 
5.0607 	3.09 	36.07 
5.0710 	3.10 	36.14 
5.0813 	3.11 	36.22 
5.0917 	3.12 	36.29 
5.1020 	3.14 	36.36 
5.1125 	3.15 	36.43 
5.1230 	3.16 	36.50 
5.1335 	3.17 	36.58 
5.1440 	3.18 	36.65 
5.1546 	3.19 	36.72 
5.1653 	3.21 	36.80 
5.1760 	3.22 	36.87 
5.1867 	3.23 	36.95 
5.1975 	3.24 	37.02 
5.2083 	3.26 	37.10 
5.2192 	3.27 	37.17 
5.2301 	3.28 	37.25 
5.2411 	3.29 	37.33 
5.2521 	3.30 	37.40 
5.2632 	3.32 	37.48 
5.2743 	3.33 	37.56 
5.2854 	3.34 	37.63 
5.2966 	3.36 	37.71 
5.3079 	3.37 	37.79 
5.3192 	3.38 	37.87 
5.3305 	3.39 	37.95 
5.3419 	3.41 	38.03 
5.3533 	3.42 	38.11 
5.3648 	3.43 	38.19 
5.3763 	3.45 	38.27 
5.3879 	3.46 	38.35 
5.3996 	3.47 	38.43 
5.4113 	3.48 	38.51 
5.4230 	3.50 	38.59 
5.4348 	3.51 	38.67 
5.4466 	3.52 	38.75 
5.4585 	3.54 	38.84 
5.4705 	3.55 	38.92 
5.4825 	3.57 	39.00 
5.4945 	3.58 	39.09 
5.5066 	3.59 	39.17 
5.5188 	3.61 	39.26 
5.5310 	3.62 	39.34 
5.5432 	3.63 	39.43 
5.5556 	3.65 	39.51 
5.5679 	3.66 	39.60 
5.5804 	3.68 	39.68 
5.5928 	3.69 	39.77 
5.6054 	3.70 	39.86 
5.6180 	3.72 	39.94 
5.6306 	3.73 	40.03 
5.6433 	3.75 	40.12 
5.6561 	3.76 	40.21 
5.6689 	3.78 	40.30 
5.6818 	3.79 	40.39 
5.6948 	3.81 	40.48 
5.7078 	3.82 	40.57 
5.7208 	3.83 	40.66 
5.7339 	3.85 	40.75 
5.7471 	3.86 	40.84 
5.7604 	3.88 	40.93 
5.7737 	3.89 	41.03 
5.7870 	3.91 	41.12 
5.8005 	3.92 	41.21 
5.8140 	3.94 	41.31 
5.8275 	3.96 	41.40 
5.8411 	3.97 	41.50 
5.8548 	3.99 	41.59 
5.8685 	4.00 	41.69 
5.8824 	4.02 	41.78 
5.8962 	4.03 	41.88 
5.9102 	4.05 	41.98 
5.9242 	4.06 	42.07 
5.9382 	4.08 	42.17 
5.9524 	4.10 	42.27 
5.9666 	4.11 	42.37 
5.9809 	4.13 	42.47 
5.9952 	4.14 	42.57 
6.0096 	4.16 	42.66 
6.0241 	4.19 	42.76 
6.0387 	4.21 	42.86 
6.0533 	4.23 	42.96 
6.0680 	4.25 	43.06 
6.0827 	4.27 	43.16 
6.0976 	4.30 	43.26 
6.1125 	4.32 	43.36 
6.1275 	4.34 	43.46 
6.1425 	4.36 	43.56 
6.1576 	4.39 	43.66 
6.1728 	4.41 	43.77 
6.1881 	4.43 	43.87 
6.2035 	4.45 	43.97 
6.2189 	4.48 	44.08 
6.2344 	4.50 	44.18 
6.2500 	4.52 	44.29 
6.2657 	4.55 	44.39 
6.2814 	4.57 	44.50 
6.2972 	4.59 	44.61 
6.3131 	4.62 	44.71 
6.3291 	4.64 	44.82 
6.3452 	4.67 	44.93 
6.3613 	4.69 	45.04 
6.3776 	4.71 	45.15 
6.3939 	4.74 	45.26 
6.4103 	4.76 	45.37 
6.4267 	4.79 	45.48 
6.4433 	4.81 	45.59 
6.4600 	4.84 	45.70 
6.4767 	4.86 	45.82 
6.4935 	4.89 	45.93 
6.5104 	4.91 	46.05 
6.5274 	4.94 	46.16 
6.5445 	4.96 	46.28 
6.5617 	4.99 	46.39 
6.5790 	5.02 	46.51 
6.5963 	5.04 	46.63 
6.6138 	5.07 	46.74 
6.6313 	5.09 	46.86 
6.6489 	5.12 	46.98 
6.6667 	5.15 	47.10 
6.6845 	5.17 	47.22 
6.7024 	5.20 	47.34 
6.7204 	5.23 	47.46 
6.7385 	5.25 	47.59 
6.7568 	5.28 	47.71 
6.7751 	5.31 	47.83 
6.7935 	5.34 	47.96 
6.8120 	5.36 	48.08 
6.8306 	5.39 	48.21 
6.8493 	5.42 	48.33 
6.8681 	5.45 	48.46 
6.8871 	5.48 	48.59 
6.9061 	5.50 	48.72 
6.9252 	5.53 	48.85 
6.9444 	5.56 	48.97 
6.9638 	5.59 	49.11 
6.9832 	5.62 	49.24 
7.0028 	5.65 	49.37 
7.0225 	5.68 	49.50 
7.0423 	5.71 	49.64 
7.0622 	5.74 	49.77 
7.0822 	5.77 	49.90 
7.1023 	5.80 	50.04 
7.1225 	5.83 	50.18 
7.1429 	5.86 	50.31 
7.1633 	5.89 	50.45 
7.1839 	5.92 	50.59 
7.2046 	5.95 	50.73 
7.2254 	5.98 	50.87 
7.2464 	6.01 	51.01 
7.2674 	6.04 	51.16 
7.2886 	6.08 	51.30 
7.3099 	6.11 	51.44 
7.3314 	6.14 	51.59 
7.3529 	6.17 	51.73 
7.3746 	6.21 	51.88 
7.3965 	6.24 	52.03 
7.4184 	6.27 	52.17 
7.4405 	6.30 	52.32 
7.4627 	6.34 	52.47 
7.4850 	6.37 	52.62 
7.5075 	6.40 	52.78 
7.5301 	6.44 	52.93 
7.5529 	6.47 	53.08 
7.5758 	6.51 	53.24 
7.5988 	6.54 	53.39 
7.6220 	6.57 	53.55 
7.6453 	6.61 	53.71 
7.6687 	6.64 	53.86 
7.6923 	6.68 	54.02 
7.7161 	6.72 	54.18 
7.7399 	6.75 	54.34 
7.7640 	6.79 	54.51 
7.7882 	6.82 	54.67 
7.8125 	6.86 	54.83 
7.8370 	6.90 	55.00 
7.8616 	6.93 	55.17 
7.8864 	6.97 	55.33 
7.9114 	7.01 	55.50 
7.9365 	7.05 	55.67 
7.9618 	7.08 	55.84 
7.9872 	7.12 	56.01 
8.0128 	7.16 	56.18 
8.0386 	7.21 	56.35 
8.0645 	7.25 	56.52 
8.0906 	7.30 	56.68 
8.1169 	7.35 	56.85 
8.1433 	7.39 	57.02 
8.1699 	7.44 	57.20 
8.1967 	7.49 	57.37 
8.2237 	7.54 	57.54 
8.2508 	7.59 	57.72 
8.2782 	7.63 	57.89 
8.3057 	7.68 	58.07 
8.3333 	7.73 	58.25 
8.3612 	7.78 	58.43 
8.3893 	7.83 	58.61 
8.4175 	7.88 	58.79 
8.4460 	7.93 	58.98 
8.4746 	7.98 	59.16 
8.5034 	8.03 	59.35 
8.5324 	8.09 	59.53 
8.5616 	8.14 	59.72 
8.5911 	8.19 	59.91 
8.6207 	8.24 	60.10 
8.6505 	8.29 	60.30 
8.6806 	8.35 	60.49 
8.7108 	8.40 	60.68 
8.7413 	8.46 	60.88 
8.7719 	8.51 	61.08 
8.8028 	8.57 	61.28 
8.8339 	8.62 	61.48 
8.8653 	8.68 	61.68 
8.8968 	8.73 	61.88 
8.9286 	8.79 	62.09 
8.9606 	8.85 	62.30 
8.9928 	8.90 	62.50 
9.0253 	8.96 	62.71 
9.0580 	9.02 	62.92 
9.0909 	9.08 	63.14 
9.1241 	9.14 	63.35 
9.1575 	9.19 	63.57 
9.1912 	9.25 	63.78 
9.2251 	9.31 	64.00 
9.2593 	9.38 	64.22 
9.2937 	9.44 	64.44 
9.3284 	9.50 	64.67 
9.3633 	9.56 	64.89 
9.3985 	9.62 	65.12 
9.4340 	9.69 	65.35 
9.4697 	9.75 	65.58 
9.5057 	9.81 	65.81 
9.5420 	9.88 	66.05 
9.5785 	9.94 	66.28 
9.6154 	10.01 	66.52 
9.6525 	10.07 	66.76 
9.6899 	10.14 	67.00 
9.7276 	10.21 	67.24 
9.7656 	10.27 	67.49 
9.8039 	10.34 	67.74 
9.8425 	10.41 	67.98 
9.8814 	10.48 	68.24 
9.9206 	10.55 	68.49 
9.9602 	10.62 	68.74 
10.0000 	10.69 	69.00 
10.0402 	10.77 	69.25 
10.0807 	10.84 	69.50 
10.1215 	10.92 	69.75 
10.1626 	11.00 	70.01 
10.2041 	11.08 	70.27 
10.2459 	11.16 	70.52 
10.2881 	11.24 	70.79 
10.3306 	11.32 	71.05 
10.3734 	11.40 	71.32 
10.4167 	11.48 	71.58 
10.4603 	11.57 	71.85 
10.5042 	11.65 	72.13 
10.5485 	11.73 	72.40 
10.5932 	11.82 	72.68 
10.6383 	11.91 	72.96 
10.6838 	11.99 	73.24 
10.7296 	12.08 	73.52 
10.7759 	12.17 	73.81 
10.8225 	12.26 	74.10 
10.8696 	12.35 	74.39 
10.9170 	12.44 	74.69 
10.9649 	12.53 	74.98 
11.0132 	12.62 	75.28 
11.0620 	12.71 	75.58 
11.1111 	12.81 	75.89 
11.1607 	12.90 	76.20 
11.2108 	13.00 	76.51 
11.2613 	13.09 	76.82 
11.3122 	13.19 	77.14 
11.3636 	13.29 	77.45 
11.4155 	13.39 	77.78 
11.4679 	13.49 	78.10 
11.5207 	13.59 	78.43 
11.5741 	13.69 	78.76 
11.6279 	13.79 	79.09 
11.6822 	13.89 	79.43 
11.7371 	14.00 	79.77 
11.7925 	14.10 	80.11 
11.8483 	14.21 	80.46 
11.9048 	14.32 	80.81 
11.9617 	14.43 	81.16 
12.0192 	14.54 	81.52 
12.0773 	14.65 	81.88 
12.1359 	14.76 	82.24 
12.1951 	14.87 	82.61 
12.2549 	14.99 	82.98 
12.3153 	15.10 	83.35 
12.3762 	15.22 	83.73 
12.4378 	15.33 	84.11 
12.5000 	15.45 	84.50 
12.5628 	15.57 	84.89 
12.6263 	15.69 	85.28 
12.6904 	15.82 	85.68 
12.7551 	15.94 	86.08 
12.8205 	16.06 	86.49 
12.8866 	16.19 	86.90 
12.9534 	16.32 	87.31 
13.0208 	16.44 	87.73 
13.0890 	16.57 	88.15 
13.1579 	16.71 	88.58 
13.2275 	16.84 	89.01 
13.2979 	16.97 	89.45 
13.3690 	17.11 	89.89 
13.4409 	17.24 	90.33 
13.5135 	17.38 	90.78 
13.5870 	17.52 	91.24 
13.6612 	17.66 	91.70 
13.7363 	17.81 	92.16 
13.8122 	17.95 	92.64 
13.8889 	18.10 	93.11 
13.9665 	18.25 	93.59 
14.0449 	18.40 	94.08 
14.1243 	18.55 	94.57 
14.2046 	18.70 	95.07 
14.2857 	18.85 	95.57 
14.2840 	18.85 	95.56 
14.4110 	19.09 	96.35 
14.5410 	19.34 	97.15 
14.6720 	19.59 	97.97 
14.8070 	19.85 	98.80 
14.9430 	20.11 	99.65 
15.0820 	20.37 	100.51 
15.2240 	20.64 	101.39 
15.3680 	20.92 	102.28 
15.5160 	21.20 	103.20 
15.6660 	21.48 	104.13 
15.8190 	21.78 	105.08 
15.9750 	22.07 	106.05 
16.1340 	22.38 	107.03 
16.2960 	22.68 	108.04 
16.4620 	23.00 	109.06 
16.6310 	23.32 	110.11 
16.8030 	23.65 	111.18 
16.9800 	23.99 	112.28 
17.1590 	24.33 	113.39 
17.3430 	24.68 	114.53 
17.5310 	25.04 	115.69 
17.7230 	25.40 	116.88 
17.9190 	25.78 	118.10 
18.1190 	26.16 	119.34 
18.3240 	26.55 	120.61 
18.5340 	26.95 	121.91 
18.7480 	27.35 	123.24 
18.9680 	27.77 	124.60 
19.1930 	28.20 	126.00 
19.4230 	28.64 	127.42 
19.6580 	29.09 	128.88 
19.9000 	29.55 	130.38 
20.1480 	30.02 	131.92 
20.4010 	30.50 	133.49 
20.6620 	31.00 	135.10 
20.9280 	31.51 	136.75 
21.2020 	32.03 	138.45 
21.4840 	32.57 	140.20 
21.7720 	33.12 	141.99 
22.0690 	33.68 	143.83 
22.3740 	34.26 	145.72 
22.6870 	34.86 	147.66 
23.0100 	35.47 	149.66 
23.3410 	36.10 	151.71 
23.6820 	36.75 	153.83 
24.0340 	37.42 	156.01 
24.3960 	38.11 	158.26 
24.7690 	38.82 	160.57 
25.1530 	39.56 	162.95 
25.5500 	40.31 	165.41 
25.9600 	41.09 	167.95 
26.3830 	41.90 	170.57 
26.8190 	42.73 	173.28 
27.2710 	43.59 	176.08 
27.7380 	44.48 	178.98 
28.2210 	45.40 	181.97 
28.7220 	46.36 	185.08 
29.2400 	47.34 	188.29 
29.7780 	48.37 	191.62 
30.3350 	49.43 	195.08 
30.9140 	50.53 	198.67 
31.5160 	51.68 	202.40 
32.1410 	52.87 	206.27 
32.7920 	54.11 	210.31 
33.4690 	55.40 	214.51 
34.1760 	56.75 	218.89 
34.9120 	58.15 	223.45 
35.6810 	59.61 	228.22 
36.4850 	61.14 	233.21 
37.3260 	62.75 	238.42 
38.2060 	64.42 	243.88 
39.1290 	66.18 	249.60 
40.0980 	68.03 	255.61 
41.1160 	69.97 	261.92 
42.1870 	72.01 	268.56 
43.3150 	74.16 	275.55 
44.5050 	76.42 	282.93 
45.7620 	78.82 	290.72 
47.0930 	81.35 	298.98 
48.5030 	84.04 	307.72 
50.0000 	86.89 	317.00 
